
/* Species #3 : (Size 7) (AF 7.03345) (Age 37)  */


/* Organism #0 Fitness: 9 Error: 1 */
genomestart 0
trait 1 0.1 0 0.124683 0 0.0381443 0 0 0 
trait 2 0.2 0 0 0 0 0 0 0 
trait 3 0.3 0 0 0 0 0 0 0 
node 1 1 1 3
node 2 2 1 1
node 3 2 1 1
node 4 1 0 2
node 8 1 0 0
gene 2 1 4 3.57354 0 1 3.57354 1
gene 2 2 4 -1.84407 0 2 -1.84407 0
gene 2 3 4 7.36702 0 3 7.36702 1
gene 2 2 8 -2.62084 0 10 -2.62084 1
gene 3 8 4 -7.30048 0 11 -7.30048 1
gene 1 1 8 1.0301 0 147 1.0301 1
gene 2 3 8 -1.55705 0 338 -1.55705 1
genomeend 0

/* Organism #1 Fitness: 4.56237 Error: 1.86403 */
genomestart 1
trait 1 0.1 0 0.124683 0 0.0381443 0 0 0 
trait 2 0.2 0 0 0 0 0 0 0 
trait 3 0.3 0 0 0 0 0 0 0 
node 1 1 1 3
node 2 2 1 1
node 3 2 1 1
node 4 1 0 2
node 8 1 0 0
gene 2 1 4 2.73702 0 1 2.73702 1
gene 2 2 4 -3.11227 0 2 -3.11227 1
gene 2 3 4 7.23136 0 3 7.23136 1
gene 2 2 8 -4.91849 0 10 -4.91849 1
gene 3 8 4 -7.79935 0 11 -7.79935 1
gene 1 1 8 2.80391 0 147 2.80391 1
gene 2 3 8 -1.25564 0 338 -1.25564 1
genomeend 1

/* Organism #2 Fitness: 5.53579 Error: 1.64717 */
genomestart 2
trait 1 0.1 0 0.124683 0 0.0381443 0 0 0 
trait 2 0.2 0 0 0 0 0 0 0 
trait 3 0.3 0 0 0 0 0 0 0 
node 1 1 1 3
node 2 2 1 1
node 3 2 1 1
node 4 1 0 2
node 8 1 0 0
node 141 1 0 0
gene 2 1 4 3.79907 0 1 3.79907 1
gene 2 2 4 -0.943791 0 2 -0.943791 0
gene 2 3 4 6.92038 0 3 6.92038 0
gene 2 2 8 -3.17107 0 10 -3.17107 1
gene 3 8 4 -7.14035 0 11 -7.14035 1
gene 1 1 8 1.50632 0 147 1.50632 1
gene 2 3 8 -0.95423 0 338 -0.95423 1
gene 2 3 141 1 0 424 0 1
gene 2 141 4 6.92038 0 425 0 1
genomeend 2

/* Organism #3 Fitness: 8.87775 Error: 1.02044 */
genomestart 3
trait 1 0.1 0 0.124683 0 0.0381443 0 0 0 
trait 2 0.2 0 0 0 0 0 0 0 
trait 3 0.3 0 0 0 0 0 0 0 
node 1 1 1 3
node 2 2 1 1
node 3 2 1 1
node 4 1 0 2
node 8 1 0 0
gene 2 1 4 4.95389 0 1 4.95389 1
gene 2 2 4 -3.17286 0 2 -3.17286 0
gene 2 3 4 5.51859 0 3 5.51859 1
gene 2 2 8 -2.61388 0 10 -2.61388 1
gene 3 8 4 -5.73986 0 11 -5.73986 1
gene 1 1 8 2.09358 0 147 2.09358 1
gene 2 3 8 0.525613 0 338 0.525613 1
genomeend 3

/* Organism #4 Fitness: 8.25988 Error: 1.126 */
genomestart 4
trait 1 0.1 0 0.124683 0 0.0381443 0 0 0 
trait 2 0.2 0 0 0 0 0 0 0 
trait 3 0.3 0 0 0 0 0 0 0 
node 1 1 1 3
node 2 2 1 1
node 3 2 1 1
node 4 1 0 2
node 8 1 0 0
gene 2 1 4 4.71241 0 1 4.71241 1
gene 2 2 4 -2.18574 0 2 -2.18574 0
gene 2 3 4 6.30123 0 3 6.30123 1
gene 2 2 8 -1.47187 0 10 -1.47187 1
gene 3 8 4 -5.12453 0 11 -5.12453 1
gene 1 1 8 1.13812 0 147 1.13812 1
gene 2 3 8 -0.63287 0 338 -0.63287 1
genomeend 4

/* Organism #5 Fitness: 3.99868 Error: 2.00033 */
genomestart 5
trait 1 0.1 0 0.124683 0 0.0381443 0 0 0 
trait 2 0.2 0 0 0 0 0 0 0 
trait 3 0.3 0 0 0 0 0 0 0.603107 
node 1 1 1 3
node 2 2 1 1
node 3 2 1 1
node 4 1 0 2
node 8 1 0 0
gene 2 1 4 1.60975 0 1 1.60975 1
gene 2 2 4 -2.19909 0 2 -2.19909 0
gene 2 3 4 6.77915 0 3 6.77915 1
gene 2 2 8 -2.37728 0 10 -2.37728 1
gene 3 8 4 -8 0 11 -8 1
gene 1 1 8 3.84671 0 147 3.84671 1
gene 2 3 8 0.460227 0 338 0.460227 1
genomeend 5

/* Organism #6 Fitness: 8.99969 Error: 1.00005 */
genomestart 6
trait 1 0.1 0 0.124683 0 0.0381443 0 0 0 
trait 2 0.2 0 0 0 0 0 0 0 
trait 3 0.3 0 0 0 0 0 0 0 
node 1 1 1 3
node 2 2 1 1
node 3 2 1 1
node 4 1 0 2
node 8 1 0 0
gene 2 1 4 5.57799 0 1 5.57799 1
gene 2 2 4 0.23615 0 2 0.23615 0
gene 2 3 4 8 0 3 8 1
gene 2 2 8 -4.58783 0 10 -4.58783 1
gene 3 8 4 -7.5801 0 11 -7.5801 1
gene 1 1 8 3.08682 0 147 3.08682 1
gene 2 3 8 -0.820711 0 338 -0.820711 1
genomeend 6

/* Species #4 : (Size 7) (AF 6.0246) (Age 37)  */


/* Organism #7 Fitness: 9 Error: 1 */
genomestart 7
trait 1 0.561989 0.0927458 0 0 0 0 0 0 
trait 2 0.2 0 0 0 0 0 0 0 
trait 3 0.453125 0.0984298 0.0795436 0 0 0.166504 0.0506035 0 
node 1 1 1 3
node 2 3 1 1
node 3 1 1 1
node 4 2 0 2
node 9 1 0 0
gene 2 1 4 -8 0 1 -8 1
gene 2 2 4 3.61637 0 2 3.61637 1
gene 1 3 4 4.90213 0 3 4.90213 1
gene 1 3 9 1.13819 0 12 1.13819 1
gene 1 9 4 8 0 13 8 1
gene 1 2 9 1.27276 0 99 1.27276 1
genomeend 7

/* Organism #8 Fitness: 4 Error: 2 */
genomestart 8
trait 1 0.561989 0.0927458 0 0 0 0 0 0 
trait 2 0.2 0 0 0 0 0 0 0 
trait 3 0.453125 0.0984298 0.0795436 0 0 0.166504 0.0506035 0 
node 1 1 1 3
node 2 3 1 1
node 3 1 1 1
node 4 2 0 2
node 9 1 0 0
gene 2 1 4 -6.53153 0 1 -6.53153 1
gene 2 2 4 7.57803 0 2 7.57803 1
gene 1 3 4 1.507 0 3 1.507 1
gene 1 3 9 -1.34816 0 12 -1.34816 1
gene 1 9 4 5.94313 0 13 5.94313 1
gene 1 2 9 5.99641 0 99 5.99641 1
genomeend 8

/* Organism #9 Fitness: 5.70251 Error: 1.61201 */
genomestart 9
trait 1 0.561989 0.0927458 0 0 0 0 0 0 
trait 2 0.2 0 0 0 0 0 0 0 
trait 3 0.453125 0.0984298 0.0795436 0 0 0.166504 0.0506035 0 
node 1 1 1 3
node 2 3 1 1
node 3 1 1 1
node 4 2 0 2
node 9 1 0 0
gene 2 1 4 -6.36978 0 1 -6.36978 1
gene 2 2 4 3.35007 0 2 3.35007 1
gene 1 3 4 4.26976 0 3 4.26976 1
gene 1 3 9 -0.0761723 0 12 -0.0761723 1
gene 1 9 4 4.92877 0 13 4.92877 1
gene 1 2 9 1.50027 0 99 1.50027 1
genomeend 9

/* Organism #10 Fitness: 8.9938 Error: 1.00103 */
genomestart 10
trait 1 0.561989 0.0927458 0 0 0 0 0 0 
trait 2 0.2 0 0 0 0 0 0 0 
trait 3 0.453125 0.0984298 0.0795436 0 0 0.166504 0.0506035 0 
node 1 1 1 3
node 2 3 1 1
node 3 1 1 1
node 4 2 0 2
node 9 1 0 0
gene 2 1 4 -4.35311 0 1 -4.35311 1
gene 2 2 4 4.42219 0 2 4.42219 1
gene 1 3 4 3.71287 0 3 3.71287 1
gene 1 3 9 1.28717 0 12 1.28717 1
gene 1 9 4 5.91467 0 13 5.91467 1
gene 1 2 9 4.20238 0 99 4.20238 1
genomeend 10

/* Organism #11 Fitness: 8.97331 Error: 1.00445 */
genomestart 11
trait 1 0.561989 0.0927458 0 0 0 0 0 0 
trait 2 0.2 0 0 0 0 0 0 0 
trait 3 0.453125 0.0984298 0.0795436 0 0 0.166504 0.0506035 0 
node 1 1 1 3
node 2 3 1 1
node 3 3 1 1
node 4 2 0 2
node 9 1 0 0
gene 2 1 4 -5.09868 0 1 -5.09868 1
gene 2 2 4 3.11337 0 2 3.11337 1
gene 1 3 4 6.9076 0 3 6.9076 1
gene 1 3 9 0.321918 0 12 0.321918 1
gene 1 9 4 8 0 13 8 1
gene 1 2 9 3.79424 0 99 3.79424 1
genomeend 11

/* Organism #12 Fitness: 4 Error: 2 */
genomestart 12
trait 1 0.561989 0.0927458 0 0 0 0 0 0 
trait 2 0.2 0 0 0 0 0 0 0 
trait 3 0.453125 0.0984298 0.0795436 0 0 0.166504 0.0506035 0 
node 1 1 1 3
node 2 3 1 1
node 3 1 1 1
node 4 2 0 2
node 9 1 0 0
gene 2 1 4 -7.2513 0 1 -7.2513 1
gene 2 2 4 6.06861 0 2 6.06861 1
gene 1 3 4 -1.38974 0 3 -1.38974 1
gene 1 3 9 -0.445189 0 12 -0.445189 1
gene 1 9 4 -2.03322 0 13 -2.03322 1
gene 1 2 9 0.53444 0 99 0.53444 1
genomeend 12

/* Organism #13 Fitness: 1.50257 Error: 2.77421 */
genomestart 13
trait 1 0.561989 0.0927458 0 0 0 0 0 0 
trait 2 0.2 0 0 0 0 0 0 0 
trait 3 0.453125 0.0984298 0.0795436 0 0 0.166504 0.0506035 0 
node 1 1 1 3
node 2 3 1 1
node 3 1 1 1
node 4 2 0 2
node 9 1 0 0
gene 2 1 4 -3.73992 0 1 -3.73992 1
gene 2 2 4 -0.647298 0 2 -0.647298 1
gene 1 3 4 2.59505 0 3 2.59505 1
gene 1 3 9 -0.771689 0 12 -0.771689 1
gene 1 9 4 8 0 13 8 1
gene 1 2 9 2.42796 0 99 2.42796 1
genomeend 13

/* Species #8 : (Size 5) (AF 6.513) (Age 32)  */


/* Organism #14 Fitness: 8.99989 Error: 1.00002 */
genomestart 14
trait 1 0.1 0 0 0 0 0 0 0 
trait 2 0.2 0 0 0 0 0 0 0 
trait 3 0.3 0 0 0.0156484 0 0 0 0 
node 1 2 1 3
node 2 3 1 1
node 3 1 1 1
node 4 2 0 2
node 7 3 0 0
node 19 3 0 0
gene 2 1 4 3.52632 0 1 3.52632 1
gene 2 2 4 1.28363 0 2 1.28363 1
gene 1 3 4 -2.69143 0 3 -2.69143 1
gene 2 2 7 -4.01746 0 8 -4.01746 1
gene 2 7 4 6.23136 0 9 6.23136 1
gene 1 3 19 0.712455 0 46 0.712455 1
gene 1 19 4 -4.81088 0 47 -4.81088 1
gene 1 1 7 2.24178 0 168 2.24178 1
genomeend 14

/* Organism #15 Fitness: 6.56516 Error: 1.43774 */
genomestart 15
trait 1 0.1 0 0 0 0 0 0 0 
trait 2 0.2 0 0 0 0 0 0 0 
trait 3 0.3 0 0.265526 0.00782418 0.37698 0 0 0 
node 1 1 1 3
node 2 3 1 1
node 3 1 1 1
node 4 2 0 2
node 7 3 0 0
node 19 3 0 0
gene 2 1 4 2.70598 0 1 2.70598 1
gene 2 2 4 2.95124 0 2 2.95124 1
gene 1 3 4 -4.28465 0 3 -4.28465 1
gene 2 2 7 -4.22521 0 8 -4.22521 1
gene 2 7 4 4.10216 0 9 4.10216 1
gene 1 3 19 0.570315 0 46 0.570315 1
gene 1 19 4 -2.44455 0 47 -2.44455 1
gene 1 1 7 3.87825 0 168 3.87825 1
genomeend 15

/* Organism #16 Fitness: 4.00004 Error: 1.99999 */
genomestart 16
trait 1 0.1 0 0 0 0 0 0 0 
trait 2 0.2 0 0 0 0 0 0 0 
trait 3 0.3 0 0 0.0156484 0 0 0 0 
node 1 1 1 3
node 2 3 1 1
node 3 1 1 1
node 4 2 0 2
node 7 3 0 0
node 19 3 0 0
gene 2 1 4 -2.33764 0 1 -2.33764 1
gene 2 2 4 0.253172 0 2 0.253172 1
gene 1 3 4 -1.41064 0 3 -1.41064 1
gene 2 2 7 -3.03468 0 8 -3.03468 1
gene 2 7 4 8 0 9 8 1
gene 1 3 19 -0.348521 0 46 -0.348521 1
gene 1 19 4 -1.73627 0 47 -1.73627 1
gene 1 1 7 2.52583 0 168 2.52583 1
genomeend 16

/* Organism #17 Fitness: 4.00001 Error: 2 */
genomestart 17
trait 1 0.1 0 0 0 0 0 0 0 
trait 2 0.2 0 0 0 0 0 0 0 
trait 3 0.3 0 0 0.0156484 0 0 0 0 
node 1 1 1 3
node 2 3 1 1
node 3 1 1 1
node 4 2 0 2
node 7 3 0 0
node 19 3 0 0
gene 2 1 4 -2.25311 0 1 -2.25311 1
gene 2 2 4 2.7872 0 2 2.7872 1
gene 1 3 4 -5.01221 0 3 -5.01221 1
gene 2 2 7 -2.23022 0 8 -2.23022 1
gene 2 7 4 6.23136 0 9 6.23136 1
gene 1 3 19 1.31451 0 46 1.31451 1
gene 1 19 4 -6.20474 0 47 -6.20474 1
gene 1 1 7 -2.05084 0 168 -2.05084 1
genomeend 17

/* Organism #18 Fitness: 8.99989 Error: 1.00002 */
genomestart 18
trait 1 0.1 0 0 0 0 0 0 0 
trait 2 0.2 0 0 0 0 0 0 0 
trait 3 0.3 0 0.531053 0 0.75396 0 0 0 
node 1 1 1 3
node 2 3 1 1
node 3 1 1 1
node 4 2 0 2
node 7 3 0 0
node 19 3 0 0
gene 2 1 4 3.52632 0 1 3.52632 1
gene 2 2 4 1.28363 0 2 1.28363 1
gene 1 3 4 -2.69143 0 3 -2.69143 1
gene 2 2 7 -4.01746 0 8 -4.01746 1
gene 2 7 4 6.23136 0 9 6.23136 1
gene 1 3 19 0.712455 0 46 0.712455 1
gene 1 19 4 -4.81088 0 47 -4.81088 1
gene 1 1 7 2.24178 0 168 2.24178 1
genomeend 18

/* Species #9 : (Size 16) (AF 6.13747) (Age 32)  */


/* Organism #19 Fitness: 8.99994 Error: 1.00001 */
genomestart 19
trait 1 0.1 0 0 0 0 0 0 0 
trait 2 0.2 0 0 0 0 0 0 0 
trait 3 0.3 0 0 0 0 0 0 0 
node 1 1 1 3
node 2 3 1 1
node 3 1 1 1
node 4 2 0 2
node 7 1 0 0
node 26 3 0 0
node 132 1 0 0
gene 2 1 4 4.13695 0 1 4.13695 1
gene 3 2 4 -3.56927 0 2 -3.56927 1
gene 1 3 4 -4.91613 0 3 -4.91613 1
gene 2 2 7 0.378712 0 8 0.378712 1
gene 2 7 4 1.67363 0 9 1.67363 1
gene 3 2 26 -1.45937 0 64 -1.45937 1
gene 2 26 7 3.75429 0 65 3.75429 0
gene 2 26 4 4.02969 0 243 4.02969 1
gene 2 26 132 1 0 391 0 1
gene 2 132 7 3.75429 0 392 0 1
gene 1 3 132 -0.800501 0 403 -0.800501 1
gene 3 132 4 0.262734 0 411 0 1
genomeend 19

/* Organism #20 Fitness: 4.85006 Error: 1.79772 */
genomestart 20
trait 1 0.1 0 0 0 0 0 0 0 
trait 2 0.2 0 0 0 0 0 0 0 
trait 3 0.3 0 0 0 0 0 0 0 
node 1 1 1 3
node 2 3 1 1
node 3 1 1 1
node 4 2 0 2
node 7 1 0 0
node 26 3 0 0
node 132 1 0 0
gene 2 1 4 4.68171 0 1 4.68171 1
gene 3 2 4 -1.90525 0 2 -1.90525 1
gene 1 3 4 -2.68187 0 3 -2.68187 1
gene 2 2 7 -1.38724 0 8 -1.38724 1
gene 2 7 4 3.36939 0 9 3.36939 1
gene 3 2 26 -0.672834 0 64 -0.672834 1
gene 2 26 7 2.41964 0 65 2.41964 0
gene 2 26 4 3.39567 0 243 3.39567 1
gene 2 26 132 0.0959655 0 391 0.0959655 1
gene 2 132 7 1.6228 0 392 1.6228 1
gene 1 3 132 -0.364315 0 403 -0.364315 1
gene 3 132 4 0.368404 0 411 0.368404 1
genomeend 20

/* Organism #21 Fitness: 3.99999 Error: 2 */
genomestart 21
trait 1 0.1 0 0 0 0 0 0 0 
trait 2 0.2 0 0 0 0 0 0 0 
trait 3 0.3 0 0 0 0 0 0 0 
node 1 1 1 3
node 2 3 1 1
node 3 1 1 1
node 4 2 0 2
node 7 1 0 0
node 26 3 0 0
node 132 1 0 0
gene 2 1 4 5.68485 0 1 5.68485 1
gene 3 2 4 -4.69457 0 2 -4.69457 1
gene 1 3 4 1.79769 0 3 1.79769 1
gene 2 2 7 0.0907697 0 8 0.0907697 1
gene 2 7 4 2.33473 0 9 2.33473 1
gene 3 2 26 -0.12579 0 64 -0.12579 1
gene 2 26 7 2.88062 0 65 2.88062 0
gene 2 26 4 -0.537431 0 243 -0.537431 1
gene 2 26 132 -1.37266 0 391 -1.37266 1
gene 2 132 7 2.36386 0 392 2.36386 1
gene 1 3 132 -2.40936 0 403 -2.40936 1
gene 3 132 4 -1.67519 0 411 -1.67519 1
genomeend 21

/* Organism #22 Fitness: 4.00157 Error: 1.99961 */
genomestart 22
trait 1 0.1 0 0 0 0 0 0 0 
trait 2 0.2 0 0 0 0 0 0 0 
trait 3 0.3 0 0 0 0 0 0 0 
node 1 1 1 3
node 2 3 1 1
node 3 1 1 1
node 4 2 0 2
node 7 1 0 0
node 26 3 0 0
node 132 1 0 0
gene 2 1 4 1.93405 0 1 1.93405 1
gene 3 2 4 -2.02756 0 2 -2.02756 1
gene 1 3 4 -2.71758 0 3 -2.71758 1
gene 2 2 7 -1.41707 0 8 -1.41707 1
gene 2 7 4 0.446018 0 9 0.446018 1
gene 3 2 26 0.973716 0 64 0.973716 1
gene 2 26 7 5.47393 0 65 5.47393 0
gene 2 26 4 4.30993 0 243 4.30993 1
gene 2 26 132 -1.29316 0 391 -1.29316 1
gene 2 132 7 5.99915 0 392 5.99915 1
gene 1 3 132 -0.276193 0 403 -0.276193 1
gene 3 132 4 -1.1119 0 411 -1.1119 1
genomeend 22

/* Organism #23 Fitness: 4 Error: 2 */
genomestart 23
trait 1 0.1 0 0 0 0 0 0 0 
trait 2 0.2 0 0 0 0 0 0 0 
trait 3 0.3 0 0 0 0 0 0 0 
node 1 1 1 3
node 2 3 1 1
node 3 1 1 1
node 4 2 0 2
node 7 1 0 0
node 26 3 0 0
node 132 1 0 0
gene 2 1 4 4.70459 0 1 4.70459 1
gene 3 2 4 -3.56927 0 2 -3.56927 1
gene 1 3 4 -0.688574 0 3 -0.688574 1
gene 2 2 7 0.378712 0 8 0.378712 1
gene 2 7 4 0.613794 0 9 0.613794 1
gene 3 2 26 0.911611 0 64 0.911611 1
gene 2 26 7 5.00837 0 65 5.00837 0
gene 2 26 4 4.62763 0 243 4.62763 1
gene 2 26 132 -1.45054 0 391 -1.45054 1
gene 2 132 7 -1.85453 0 392 -1.85453 1
gene 1 3 132 -0.476318 0 403 -0.476318 1
genomeend 23

/* Organism #24 Fitness: 8.99933 Error: 1.00011 */
genomestart 24
trait 1 0.1 0 0 0 0 0 0 0 
trait 2 0.2 0 0 0 0 0 0 0 
trait 3 0.3 0 0 0 0 0 0 0 
node 1 1 1 3
node 2 3 1 1
node 3 1 1 1
node 4 2 0 2
node 7 1 0 0
node 26 3 0 0
node 132 1 0 0
gene 2 1 4 4.13695 0 1 4.13695 1
gene 3 2 4 -3.56927 0 2 -3.56927 1
gene 1 3 4 -4.91613 0 3 -4.91613 1
gene 2 2 7 0.378712 0 8 0.378712 1
gene 2 7 4 1.67363 0 9 1.67363 1
gene 3 2 26 -1.45937 0 64 -1.45937 1
gene 2 26 7 3.75429 0 65 3.75429 0
gene 2 26 4 4.02969 0 243 4.02969 1
gene 2 26 132 1 0 391 0 1
gene 2 132 7 3.75429 0 392 0 1
gene 1 3 132 -0.800501 0 403 -0.800501 1
gene 3 132 4 0.262734 0 411 0 1
gene 1 1 7 -0.825434 0 426 -0.825434 1
genomeend 24

/* Organism #25 Fitness: 7.0469 Error: 1.3454 */
genomestart 25
trait 1 0.1 0 0 0 0 0 0 0 
trait 2 0.2 0 0 0 0 0 0 0 
trait 3 0.3 0 0 0 0 0 0 0 
node 1 1 1 3
node 2 3 1 1
node 3 1 1 1
node 4 2 0 2
node 7 1 0 0
node 26 3 0 0
node 132 1 0 0
gene 2 1 4 0.0923948 0 1 0.0923948 1
gene 3 2 4 -3.62047 0 2 -3.62047 1
gene 1 3 4 -2.30903 0 3 -2.30903 1
gene 2 2 7 2.73039 0 8 2.73039 1
gene 2 7 4 2.35213 0 9 2.35213 1
gene 3 2 26 -1.45937 0 64 -1.45937 1
gene 2 26 7 4.04215 0 65 4.04215 0
gene 2 26 4 3.25376 0 243 3.25376 1
gene 2 26 132 -0.262169 0 391 -0.262169 1
gene 2 132 7 2.97324 0 392 2.97324 1
gene 1 3 132 0.772347 0 403 0.772347 1
gene 3 132 4 2.62799 0 411 2.62799 1
genomeend 25

/* Organism #26 Fitness: 4.25996 Error: 1.93603 */
genomestart 26
trait 1 0.1 0 0 0 0 0 0 0 
trait 2 0.2 0 0 0 0 0 0 0 
trait 3 0.3 0 0 0 0 0 0 0 
node 1 1 1 3
node 2 3 1 1
node 3 1 1 1
node 4 1 0 2
node 7 1 0 0
node 26 3 0 0
node 132 1 0 0
gene 2 1 4 3.04294 0 1 3.04294 1
gene 3 2 4 -0.452437 0 2 -0.452437 1
gene 1 3 4 -5.89661 0 3 -5.89661 1
gene 2 2 7 -1.79711 0 8 -1.79711 1
gene 2 7 4 1.15725 0 9 1.15725 1
gene 3 2 26 -0.211699 0 64 -0.211699 1
gene 2 26 7 1.45907 0 65 1.45907 1
gene 2 26 4 2.36445 0 243 2.36445 1
gene 2 26 132 -0.96675 0 391 -0.96675 1
gene 2 132 7 3.75429 0 392 3.75429 1
gene 1 3 132 -1.04488 0 403 -1.04488 1
genomeend 26

/* Organism #27 Fitness: 8.99993 Error: 1.00001 */
genomestart 27
trait 1 0.1 0 0 0 0 0 0 0 
trait 2 0.2 0 0 0 0 0 0 0 
trait 3 0.3 0 0 0 0 0 0 0 
node 1 1 1 3
node 2 3 1 1
node 3 1 1 1
node 4 2 0 2
node 7 1 0 0
node 26 3 0 0
node 132 1 0 0
gene 2 1 4 4.13695 0 1 4.13695 1
gene 3 2 4 -3.56927 0 2 -3.56927 1
gene 1 3 4 -4.91613 0 3 -4.91613 1
gene 2 2 7 0.378712 0 8 0.378712 1
gene 2 7 4 1.67363 0 9 1.67363 1
gene 3 2 26 -1.45937 0 64 -1.45937 1
gene 2 26 7 3.75429 0 65 3.75429 0
gene 2 26 4 4.02969 0 243 4.02969 1
gene 2 26 132 1 0 391 0 1
gene 2 132 7 3.75429 0 392 0 1
gene 2 1 26 0.0306711 0 404 0.0306711 1
gene 3 132 4 0.262734 0 411 0.262734 1
genomeend 27

/* Organism #28 Fitness: 8.25438 Error: 1.12696 */
genomestart 28
trait 1 0.1 0 0 0 0 0 0 0 
trait 2 0.2 0 0 0 0 0 0 0 
trait 3 0.3 0 0 0 0 0 0 0 
node 1 1 1 3
node 2 3 1 1
node 3 1 1 1
node 4 2 0 2
node 7 1 0 0
node 26 3 0 0
node 132 1 0 0
gene 2 1 4 1.72439 0 1 1.72439 1
gene 3 2 4 -4.43463 0 2 -4.43463 1
gene 1 3 4 -4.01576 0 3 -4.01576 1
gene 2 2 7 0.51513 0 8 0.51513 1
gene 2 7 4 1.84354 0 9 1.84354 1
gene 3 2 26 -1.95827 0 64 -1.95827 1
gene 2 26 7 3.66647 0 65 3.66647 0
gene 2 26 4 3.62685 0 243 3.62685 1
gene 2 26 132 -1.49474 0 391 -1.49474 1
gene 2 132 7 1.79714 0 392 1.79714 1
gene 2 1 26 0.664846 0 404 0.664846 1
gene 3 132 4 2.5237 0 411 2.5237 1
genomeend 28

/* Organism #29 Fitness: 4.01486 Error: 1.99629 */
genomestart 29
trait 1 0.1 0 0 0 0 0 0 0 
trait 2 0.2 0 0 0 0 0 0 0 
trait 3 0.3 0 0 0 0 0 0 0 
node 1 1 1 3
node 2 3 1 1
node 3 1 1 1
node 4 2 0 2
node 7 1 0 0
node 26 3 0 0
node 132 1 0 0
gene 2 1 4 2.19979 0 1 2.19979 1
gene 3 2 4 -1.77808 0 2 -1.77808 1
gene 1 3 4 -7.10377 0 3 -7.10377 1
gene 2 2 7 0.0172964 0 8 0.0172964 1
gene 2 7 4 1.21608 0 9 1.21608 1
gene 3 2 26 0.901059 0 64 0.901059 1
gene 2 26 7 -0.126041 0 65 -0.126041 0
gene 2 26 4 4.36685 0 243 4.36685 1
gene 2 26 132 -0.620151 0 391 -0.620151 1
gene 2 132 7 5.3926 0 392 5.3926 1
gene 2 1 26 0.0306711 0 404 0.0306711 1
gene 3 132 4 1.79102 0 411 1.79102 1
genomeend 29

/* Organism #30 Fitness: 8.93078 Error: 1.01156 */
genomestart 30
trait 1 0.1 0 0 0 0 0 0 0 
trait 2 0.2 0 0 0 0 0 0 0 
trait 3 0.3 0 0 0 0 0 0 0 
node 1 1 1 3
node 2 3 1 1
node 3 1 1 1
node 4 2 0 2
node 7 1 0 0
node 26 3 0 0
node 132 1 0 0
gene 2 1 4 4.43664 0 1 4.43664 1
gene 3 2 4 -3.98394 0 2 -3.98394 1
gene 1 3 4 -5.36925 0 3 -5.36925 1
gene 2 2 7 0.651776 0 8 0.651776 1
gene 2 7 4 -0.696747 0 9 -0.696747 1
gene 3 2 26 -2.58421 0 64 -2.58421 1
gene 2 26 7 3.28529 0 65 3.28529 0
gene 2 26 4 5.33764 0 243 5.33764 1
gene 2 26 132 -0.267891 0 391 -0.267891 1
gene 2 132 7 4.3568 0 392 4.3568 1
gene 2 1 26 1.47473 0 404 1.47473 1
gene 3 132 4 2.25613 0 411 2.25613 1
genomeend 30

/* Organism #31 Fitness: 6.48382 Error: 1.45366 */
genomestart 31
trait 1 0.1 0 0 0 0 0 0 0 
trait 2 0.2 0 0 0 0 0 0 0 
trait 3 0.3 0 0 0 0 0 0 0 
node 1 1 1 3
node 2 3 1 1
node 3 1 1 1
node 4 2 0 2
node 7 1 0 0
node 26 3 0 0
node 132 1 0 0
gene 2 1 4 5.42193 0 1 5.42193 1
gene 3 2 4 -1.93028 0 2 -1.93028 1
gene 1 3 4 -3.30735 0 3 -3.30735 1
gene 2 2 7 0.488578 0 8 0.488578 1
gene 2 7 4 -0.381262 0 9 -0.381262 1
gene 3 2 26 -2.26704 0 64 -2.26704 1
gene 2 26 7 0.79104 0 65 0.79104 0
gene 2 26 4 2.86579 0 243 2.86579 1
gene 2 26 132 3.12569 0 391 3.12569 1
gene 2 132 7 0.0554674 0 392 0.0554674 1
gene 2 1 26 -1.95135 0 404 -1.95135 1
gene 3 132 4 0.262734 0 411 0.262734 1
genomeend 31

/* Organism #32 Fitness: 4 Error: 2 */
genomestart 32
trait 1 0.1 0 0 0 0 0 0 0 
trait 2 0.2 0 0 0 0 0 0 0 
trait 3 0.3 0 0 0 0 0 0 0 
node 1 1 1 3
node 2 3 1 1
node 3 1 1 1
node 4 2 0 2
node 7 1 0 0
node 26 3 0 0
node 132 1 0 0
gene 3 1 4 5.94448 0 1 5.94448 1
gene 3 2 4 -1.06548 0 2 -1.06548 1
gene 1 3 4 -3.56248 0 3 -3.56248 1
gene 2 2 7 0.737022 0 8 0.737022 1
gene 2 7 4 1.67363 0 9 1.67363 1
gene 3 2 26 -1.39376 0 64 -1.39376 1
gene 2 26 7 3.75429 0 65 3.75429 0
gene 2 26 4 1.67234 0 243 1.67234 1
gene 2 26 132 0.313791 0 391 0.313791 1
gene 2 132 7 -1.52837 0 392 -1.52837 1
gene 2 1 26 1.38462 0 404 1.38462 1
gene 3 132 4 2.54888 0 411 2.54888 1
genomeend 32

/* Organism #33 Fitness: 7.32746 Error: 1.29307 */
genomestart 33
trait 1 0.1 0 0 0 0 0 0 0 
trait 2 0.2 0 0 0 0 0 0 0 
trait 3 0.3 0 0 0 0 0 0 0 
node 1 1 1 3
node 2 3 1 1
node 3 1 1 1
node 4 2 0 2
node 7 1 0 0
node 26 3 0 0
node 132 1 0 0
gene 2 1 4 5.40072 0 1 5.40072 1
gene 3 2 4 -3.97792 0 2 -3.97792 1
gene 1 3 4 -4.5918 0 3 -4.5918 1
gene 2 2 7 0.449057 0 8 0.449057 1
gene 2 7 4 2.51433 0 9 2.51433 1
gene 3 2 26 -1.72969 0 64 -1.72969 1
gene 2 26 7 1.30579 0 65 1.30579 0
gene 2 26 4 3.749 0 243 3.749 1
gene 2 26 132 0.408551 0 391 0.408551 1
gene 2 132 7 4.85891 0 392 4.85891 1
gene 2 1 26 -0.612812 0 404 -0.612812 1
gene 3 132 4 0.951613 0 411 0.951613 1
genomeend 33

/* Organism #34 Fitness: 4.03061 Error: 1.99236 */
genomestart 34
trait 1 0.1 0 0 0 0 0 0 0 
trait 2 0.2 0 0 0 0 0 0 0 
trait 3 0.3 0 0 0 0 0 0 0 
node 1 1 1 3
node 2 3 1 1
node 3 1 1 1
node 4 2 0 2
node 7 1 0 0
node 26 3 0 0
node 132 1 0 0
gene 2 1 4 5.82844 0 1 5.82844 1
gene 3 2 4 -3.88476 0 2 -3.88476 1
gene 1 3 4 -3.58018 0 3 -3.58018 1
gene 2 2 7 -0.433767 0 8 -0.433767 1
gene 2 7 4 2.68554 0 9 2.68554 1
gene 3 2 26 -2.88588 0 64 -2.88588 1
gene 2 26 7 3.76619 0 65 3.76619 0
gene 2 26 4 1.80627 0 243 1.80627 1
gene 2 26 132 2.6776 0 391 2.6776 1
gene 2 132 7 3.73575 0 392 3.73575 1
gene 2 1 26 -0.954695 0 404 -0.954695 1
gene 3 132 4 -0.116764 0 411 -0.116764 1
genomeend 34

/* Species #10 : (Size 7) (AF 5.89761) (Age 32)  */


/* Organism #35 Fitness: 9 Error: 1 */
genomestart 35
trait 1 0.1 0 0 0 0 0 0 0 
trait 2 0.2 0 0 0 0 0 0 0 
trait 3 0.3 0.202292 0 0.426603 0 0 0 0 
node 1 1 1 3
node 2 3 1 1
node 3 2 1 1
node 4 2 0 2
node 16 1 0 0
gene 2 1 4 -4.06431 0 1 -4.06431 1
gene 3 2 4 6.7228 0 2 6.7228 0
gene 2 3 4 -6.64986 0 3 -6.64986 1
gene 3 2 16 3.29431 0 35 3.29431 1
gene 3 16 4 8 0 36 8 1
gene 3 1 16 -1.60685 0 58 -1.60685 1
gene 1 3 16 -1.69528 0 184 -1.69528 1
genomeend 35

/* Organism #36 Fitness: 8.38561 Error: 1.10421 */
genomestart 36
trait 1 0.1 0 0 0 0 0 0 0 
trait 2 0.2 0.0554827 0.889645 0.300516 0 0 0 0 
trait 3 0.3 0.202292 0 0.426603 0 0 0 0 
node 1 1 1 3
node 2 3 1 1
node 3 2 1 1
node 4 2 0 2
node 16 1 0 0
gene 2 1 4 -5.3982 0 1 -5.3982 1
gene 3 2 4 7.74235 0 2 7.74235 0
gene 2 3 4 -1.03305 0 3 -1.03305 1
gene 3 2 16 2.79899 0 35 2.79899 1
gene 3 16 4 5.8357 0 36 5.8357 1
gene 3 1 16 -0.941954 0 58 -0.941954 1
gene 1 3 16 -2.59252 0 184 -2.59252 1
genomeend 36

/* Organism #37 Fitness: 3.95653 Error: 2.0109 */
genomestart 37
trait 1 0.1 0 0 0 0 0 0 0 
trait 2 0.2 0 0 0 0 0 0 0 
trait 3 0.3 0.202292 0 0.426603 0 0 0 0 
node 1 1 1 3
node 2 3 1 1
node 3 2 1 1
node 4 2 0 2
node 16 1 0 0
gene 2 1 4 -2.9275 0 1 -2.9275 1
gene 3 2 4 7.8249 0 2 7.8249 0
gene 2 3 4 -4.25851 0 3 -4.25851 1
gene 3 2 16 4.90881 0 35 4.90881 1
gene 3 16 4 6.27059 0 36 6.27059 1
gene 3 1 16 0.353891 0 58 0.353891 1
gene 1 3 16 -0.952994 0 184 -0.952994 1
genomeend 37

/* Organism #38 Fitness: 1.05892 Error: 2.97096 */
genomestart 38
trait 1 0.1 0 0 0 0 0 0 0 
trait 2 0.2 0 0 0 0 0 0 0 
trait 3 0.3 0.202292 0 0.426603 0 0 0 0 
node 1 1 1 3
node 2 3 1 1
node 3 2 1 1
node 4 2 0 2
node 16 1 0 0
gene 2 1 4 -1.59308 0 1 -1.59308 1
gene 3 2 4 7.3836 0 2 7.3836 1
gene 2 3 4 -4.79769 0 3 -4.79769 1
gene 3 2 16 1.16404 0 35 1.16404 1
gene 3 16 4 6.36543 0 36 6.36543 1
gene 3 1 16 -0.108846 0 58 -0.108846 1
gene 1 3 16 0.442846 0 184 0.442846 1
genomeend 38

/* Organism #39 Fitness: 1 Error: 3 */
genomestart 39
trait 1 0.1 0 0 0 0 0 0 0 
trait 2 0.2 0 0 0 0 0 0 0 
trait 3 0.3 0.202292 0 0.426603 0 0 0 0 
node 1 1 1 3
node 2 3 1 1
node 3 2 1 1
node 4 2 0 2
node 16 1 0 0
gene 2 1 4 -4.74114 0 1 -4.74114 1
gene 3 2 4 8 0 2 8 1
gene 2 3 4 -8 0 3 -8 1
gene 3 2 16 5.34576 0 35 5.34576 1
gene 3 16 4 8 0 36 8 1
gene 3 1 16 0.623293 0 58 0.623293 1
gene 1 3 16 0.216323 0 184 0.216323 1
genomeend 39

/* Organism #40 Fitness: 8.93671 Error: 1.01057 */
genomestart 40
trait 1 0.1 0 0 0 0 0 0 0 
trait 2 0.2 0 0 0 0 0 0 0 
trait 3 0.3 0.202292 0 0.426603 0 0 0 0 
node 1 1 1 3
node 2 3 1 1
node 3 2 1 1
node 4 2 0 2
node 16 1 0 0
gene 2 1 4 -6.1189 0 1 -6.1189 1
gene 3 2 4 7.35438 0 2 7.35438 0
gene 2 3 4 -6.08908 0 3 -6.08908 1
gene 3 2 16 3.70997 0 35 3.70997 1
gene 3 16 4 7.04073 0 36 7.04073 1
gene 3 1 16 -0.311794 0 58 -0.311794 1
gene 1 3 16 -2.5781 0 184 -2.5781 1
genomeend 40

/* Organism #41 Fitness: 8.94552 Error: 1.00909 */
genomestart 41
trait 1 0.1 0 0 0 0 0 0 0 
trait 2 0.2 0 0 0 0 0 0 0 
trait 3 0.3 0.202292 0 0.426603 0 0 0 0 
node 1 1 1 3
node 2 3 1 1
node 3 2 1 1
node 4 2 0 2
node 16 3 0 0
gene 2 1 4 -6.55127 0 1 -6.55127 1
gene 3 2 4 6.7228 0 2 6.7228 0
gene 2 3 4 -6.36245 0 3 -6.36245 1
gene 3 2 16 5.34584 0 35 5.34584 1
gene 3 16 4 7.50392 0 36 7.50392 1
gene 3 1 16 -0.027438 0 58 -0.027438 1
gene 1 3 16 -1.795 0 184 -1.795 1
genomeend 41

/* Species #11 : (Size 10) (AF 7.68738) (Age 30)  */


/* Organism #42 Fitness: 11.126 Error: 0.664438 */
genomestart 42
trait 1 0.1 0 0 0 0 0 0 0 
trait 2 1 0 0 0 0 0.68337 0 0.604785 
trait 3 0.3 0 0 0 0 0 0 0 
node 1 1 1 3
node 2 3 1 1
node 3 1 1 1
node 4 2 0 2
node 7 1 0 0
node 33 1 0 0
gene 2 1 4 0.0500122 0 1 0.0500122 1
gene 2 2 4 0.898236 0 2 0.898236 1
gene 1 3 4 -1.46249 0 3 -1.46249 1
gene 2 2 7 -1.12323 0 8 -1.12323 0
gene 2 7 4 8 0 9 8 1
gene 2 1 7 2.08365 0 37 2.08365 1
gene 1 3 7 1.37991 0 63 1.37991 1
gene 2 2 33 5.44582 0 85 5.44582 1
gene 2 33 7 -6.67066 0 86 -6.67066 1
gene 2 3 33 -0.91699 0 329 -0.91699 1
genomeend 42

/* Organism #43 Fitness: 1.57506 Error: 2.74499 */
genomestart 43
trait 1 0.1 0 0 0 0 0 0 0 
trait 2 1 0 0 0 0 0.68337 0 0.604785 
trait 3 0.3 0 0 0 0 0 0 0 
node 1 1 1 3
node 2 3 1 1
node 3 1 1 1
node 4 2 0 2
node 7 1 0 0
node 33 1 0 0
gene 2 1 4 1.45066 0 1 1.45066 1
gene 2 2 4 0.664998 0 2 0.664998 1
gene 1 3 4 -0.125546 0 3 -0.125546 1
gene 2 2 7 0.451216 0 8 0.451216 0
gene 2 7 4 -1.77015 0 9 -1.77015 1
gene 2 1 7 0.598315 0 37 0.598315 1
gene 1 3 7 0.09447 0 63 0.09447 1
gene 2 2 33 -0.828349 0 85 -0.828349 1
gene 2 33 7 -7.34001 0 86 -7.34001 1
gene 2 3 33 -2.17389 0 329 -2.17389 1
genomeend 43

/* Organism #44 Fitness: 8.27333 Error: 1.12366 */
genomestart 44
trait 1 0.1 0 0 0 0 0 0 0 
trait 2 1 0 0 0 0 0.68337 0 0.604785 
trait 3 0.3 0 0 0 0 0 0 0 
node 1 1 1 3
node 2 3 1 1
node 3 1 1 1
node 4 2 0 2
node 7 1 0 0
node 33 1 0 0
gene 2 1 4 -0.88189 0 1 -0.88189 1
gene 2 2 4 1.27983 0 2 1.27983 1
gene 1 3 4 -2.18913 0 3 -2.18913 1
gene 2 2 7 -0.559786 0 8 -0.559786 0
gene 2 7 4 7.79747 0 9 7.79747 1
gene 2 1 7 2.08365 0 37 2.08365 1
gene 1 3 7 0.73719 0 63 0.73719 1
gene 2 2 33 4.83934 0 85 4.83934 1
gene 2 33 7 -6.08596 0 86 -6.08596 1
gene 2 3 33 -0.987831 0 329 -0.987831 1
gene 1 1 33 -0.708029 0 427 -0.708029 1
genomeend 44

/* Organism #45 Fitness: 3.99962 Error: 2.00009 */
genomestart 45
trait 1 0.1 0 0 0 0 0 0 0 
trait 2 1 0 0 0 0 0.68337 0 0.604785 
trait 3 0.3 0 0 0 0 0 0 0 
node 1 1 1 3
node 2 3 1 1
node 3 1 1 1
node 4 2 0 2
node 7 1 0 0
node 33 1 0 0
gene 2 1 4 -0.0516144 0 1 -0.0516144 1
gene 2 2 4 1.92587 0 2 1.92587 1
gene 1 3 4 -1.86083 0 3 -1.86083 1
gene 2 2 7 -1.12323 0 8 -1.12323 0
gene 2 7 4 5.95602 0 9 5.95602 1
gene 2 1 7 3.00241 0 37 3.00241 1
gene 1 3 7 2.228 0 63 2.228 1
gene 2 2 33 6.16285 0 85 6.16285 1
gene 2 33 7 -4.3173 0 86 -4.3173 1
gene 2 3 33 1.14675 0 329 1.14675 1
genomeend 45

/* Organism #46 Fitness: 4.00021 Error: 1.99995 */
genomestart 46
trait 1 0.1 0 0 0 0 0 0 0 
trait 2 1 0 0 0 0 0.68337 0 0.604785 
trait 3 0.3 0 0 0 0 0 0 0 
node 1 1 1 3
node 2 3 1 1
node 3 1 1 1
node 4 2 0 2
node 7 1 0 0
node 33 1 0 0
gene 2 1 4 0.562647 0 1 0.562647 1
gene 2 2 4 1.79769 0 2 1.79769 1
gene 1 3 4 -5.28661 0 3 -5.28661 1
gene 2 2 7 0.264977 0 8 0.264977 0
gene 2 7 4 7.2655 0 9 7.2655 1
gene 2 1 7 1.94952 0 37 1.94952 1
gene 1 3 7 -1.89648 0 63 -1.89648 1
gene 2 2 33 3.80759 0 85 3.80759 1
gene 2 33 7 -4.48012 0 86 -4.48012 1
gene 2 3 33 0.423154 0 329 0.423154 1
genomeend 46

/* Organism #47 Fitness: 14.6349 Error: 0.174436 */
/* ##------$ WINNER 47 SPECIES #11 $------## */
genomestart 47
trait 1 0.1 0 0 0 0 0 0 0 
trait 2 1 0 0 0 0 0.68337 0 0.604785 
trait 3 0.3 0 0 0 0 0 0 0 
node 1 1 1 3
node 2 3 1 1
node 3 1 1 1
node 4 2 0 2
node 7 1 0 0
node 33 1 0 0
gene 2 1 4 -0.336543 0 1 -0.336543 1
gene 2 2 4 1.19671 0 2 1.19671 1
gene 1 3 4 -2.9292 0 3 -2.9292 1
gene 2 2 7 1.02992 0 8 1.02992 0
gene 2 7 4 6.81634 0 9 6.81634 1
gene 2 1 7 0.208213 0 37 0.208213 1
gene 1 3 7 1.58026 0 63 1.58026 1
gene 2 2 33 4.85468 0 85 4.85468 1
gene 2 33 7 -7.47848 0 86 -7.47848 1
gene 2 3 33 -1.25393 0 329 -1.25393 1
genomeend 47

/* Organism #48 Fitness: 14.8875 Error: 0.141564 */
/* ##------$ WINNER 48 SPECIES #11 $------## */
genomestart 48
trait 1 0.1 0 0 0 0 0 0 0 
trait 2 1 0 0 0 0 0.68337 0 0.604785 
trait 3 0.3 0 0 0 0 0 0 0 
node 1 1 1 3
node 2 3 1 1
node 3 1 1 1
node 4 2 0 2
node 7 1 0 0
node 33 1 0 0
gene 2 1 4 -0.88189 0 1 -0.88189 1
gene 2 2 4 1.27983 0 2 1.27983 1
gene 1 3 4 -2.18913 0 3 -2.18913 1
gene 2 2 7 -0.559786 0 8 -0.559786 1
gene 2 7 4 7.79747 0 9 7.79747 1
gene 2 1 7 2.08365 0 37 2.08365 1
gene 1 3 7 0.73719 0 63 0.73719 1
gene 2 2 33 4.83934 0 85 4.83934 1
gene 2 33 7 -6.08596 0 86 -6.08596 1
gene 2 3 33 -0.987831 0 329 -0.987831 1
genomeend 48

/* Organism #49 Fitness: 5.44498 Error: 1.66655 */
genomestart 49
trait 1 0.1 0 0 0 0 0 0 0 
trait 2 1 0 0 0 0 0.68337 0 0.604785 
trait 3 0.3 0 0 0 0 0 0 0 
node 1 1 1 3
node 2 3 1 1
node 3 1 1 1
node 4 2 0 2
node 7 1 0 0
node 33 1 0 0
gene 2 1 4 -1.2714 0 1 -1.2714 1
gene 2 2 4 1.83363 0 2 1.83363 1
gene 1 3 4 -0.474982 0 3 -0.474982 1
gene 2 2 7 0.80546 0 8 0.80546 0
gene 2 7 4 5.32925 0 9 5.32925 1
gene 2 1 7 0.0894955 0 37 0.0894955 1
gene 1 3 7 -1.65355 0 63 -1.65355 1
gene 2 2 33 4.62335 0 85 4.62335 1
gene 2 33 7 -6.40019 0 86 -6.40019 1
gene 2 3 33 -0.574419 0 329 -0.574419 1
genomeend 49

/* Organism #50 Fitness: 8.93223 Error: 1.01132 */
genomestart 50
trait 1 0.1 0 0 0 0 0 0 0 
trait 2 1 0 0 0 0 0.68337 0 0.604785 
trait 3 0.3 0 0 0 0 0 0 0 
node 1 1 1 3
node 2 3 1 1
node 3 1 1 1
node 4 2 0 2
node 7 1 0 0
node 33 1 0 0
gene 2 1 4 -1.18114 0 1 -1.18114 1
gene 2 2 4 2.22488 0 2 2.22488 1
gene 1 3 4 -2.25856 0 3 -2.25856 1
gene 2 2 7 -1.89337 0 8 -1.89337 0
gene 2 7 4 8 0 9 8 1
gene 2 1 7 0.40376 0 37 0.40376 1
gene 1 3 7 -1.11078 0 63 -1.11078 1
gene 2 2 33 2.76881 0 85 2.76881 1
gene 2 33 7 -5.02144 0 86 -5.02144 1
gene 2 3 33 -1.05867 0 329 -1.05867 1
genomeend 50

/* Organism #51 Fitness: 3.99996 Error: 2.00001 */
genomestart 51
trait 1 0.1 0 0 0 0 0 0 0 
trait 2 0.2 0 0 0 0 0 0 0 
trait 3 0.3 0 0 0 0 0 0 0 
node 1 1 1 3
node 2 3 1 1
node 3 1 1 1
node 4 2 0 2
node 7 1 0 0
node 33 1 0 0
gene 2 1 4 3.04952 0 1 3.04952 1
gene 2 2 4 0.846202 0 2 0.846202 1
gene 1 3 4 -8 0 3 -8 1
gene 2 2 7 -4.25947 0 8 -4.25947 1
gene 2 7 4 7.23101 0 9 7.23101 1
gene 2 1 7 3.65818 0 37 3.65818 1
gene 1 3 7 1.16315 0 63 1.16315 1
gene 2 2 33 1.74614 0 85 1.74614 1
gene 2 33 7 -2.01811 0 86 -2.01811 1
gene 2 3 33 -0.744575 0 329 -0.744575 1
gene 2 33 4 3.11623 0 380 3.11623 1
gene 2 1 33 -1.54318 0 414 -1.54318 1
genomeend 51

/* Species #13 : (Size 6) (AF 8.99936) (Age 29)  */


/* Organism #52 Fitness: 9 Error: 1 */
genomestart 52
trait 1 0.1 0 0 0 0 0 0 0 
trait 2 0.2 0 0 0 0 0 0 0 
trait 3 0.3 0 0 0 0 0 0 0 
node 1 2 1 3
node 2 3 1 1
node 3 1 1 1
node 4 2 0 2
node 16 1 0 0
node 19 1 0 0
node 38 1 0 0
gene 2 1 4 -2.40977 0 1 -2.40977 1
gene 3 2 4 7.94298 0 2 7.94298 1
gene 2 3 4 -5.49113 0 3 -5.49113 1
gene 3 2 16 0.996322 0 35 0.996322 0
gene 3 16 4 2.03776 0 36 2.03776 1
gene 2 3 19 5.11253 0 46 5.11253 1
gene 2 19 4 -8 0 47 -8 1
gene 1 2 19 -2.85793 0 92 -2.85793 1
gene 3 2 38 -1.84767 0 100 -1.84767 1
gene 3 38 16 -4.44042 0 101 -4.44042 1
genomeend 52

/* Organism #53 Fitness: 9 Error: 1 */
genomestart 53
trait 1 0.1 0 0 0 0 0 0 0 
trait 2 0.2 0 0 0 0 0 0 0 
trait 3 0.3 0 0 0 0 0 0 0 
node 1 2 1 3
node 2 3 1 1
node 3 1 1 1
node 4 2 0 2
node 16 1 0 0
node 19 1 0 0
node 38 1 0 0
gene 2 1 4 -2.40977 0 1 -2.40977 1
gene 3 2 4 7.94298 0 2 7.94298 1
gene 2 3 4 -5.49113 0 3 -5.49113 1
gene 3 2 16 0.996322 0 35 0.996322 0
gene 3 16 4 2.03776 0 36 2.03776 1
gene 2 3 19 5.11253 0 46 5.11253 1
gene 2 19 4 -8 0 47 -8 1
gene 1 2 19 -2.85793 0 92 -2.85793 1
gene 3 2 38 -1.84767 0 100 -1.84767 1
gene 3 38 16 -4.44042 0 101 -4.44042 1
genomeend 53

/* Organism #54 Fitness: 9 Error: 1 */
genomestart 54
trait 1 0.1 0 0 0 0 0 0 0 
trait 2 0.2 0 0 0 0 0 0 0 
trait 3 0.3 0 0 0 0 0 0 0 
node 1 2 1 3
node 2 3 1 1
node 3 1 1 1
node 4 2 0 2
node 16 1 0 0
node 19 1 0 0
node 38 1 0 0
gene 2 1 4 -4.11675 0 1 -4.11675 1
gene 3 2 4 6.64503 0 2 6.64503 1
gene 2 3 4 -5.03244 0 3 -5.03244 1
gene 3 2 16 1.64347 0 35 1.64347 0
gene 3 16 4 3.18106 0 36 3.18106 1
gene 2 3 19 5.65439 0 46 5.65439 1
gene 2 19 4 -6.64589 0 47 -6.64589 1
gene 1 2 19 -1.30919 0 92 -1.30919 1
gene 3 2 38 -1.23798 0 100 -1.23798 1
gene 3 38 16 -3.15285 0 101 -3.15285 1
genomeend 54

/* Organism #55 Fitness: 8.9962 Error: 1.00063 */
genomestart 55
trait 1 0.1 0 0 0 0 0 0 0 
trait 2 0.2 0 0 0 0 0 0 0 
trait 3 0.3 0 0 0 0 0 0 0 
node 1 2 1 3
node 2 3 1 1
node 3 1 1 1
node 4 2 0 2
node 16 1 0 0
node 19 1 0 0
node 38 1 0 0
gene 2 1 4 -4.21853 0 1 -4.21853 1
gene 3 2 4 5.6161 0 2 5.6161 1
gene 2 3 4 -5.44535 0 3 -5.44535 1
gene 3 2 16 0.322092 0 35 0.322092 0
gene 3 16 4 0.266695 0 36 0.266695 1
gene 2 3 19 6.27254 0 46 6.27254 1
gene 2 19 4 -5.73659 0 47 -5.73659 1
gene 1 2 19 -5.22815 0 92 -5.22815 1
gene 3 2 38 -0.743506 0 100 -0.743506 1
gene 3 38 16 -4.44042 0 101 -4.44042 1
genomeend 55

/* Organism #56 Fitness: 9 Error: 1 */
genomestart 56
trait 1 0.1 0 0 0 0 0 0 0 
trait 2 0.2 0 0 0 0 0 0 0 
trait 3 0.3 0 0 0 0 0 0 0 
node 1 2 1 3
node 2 3 1 1
node 3 1 1 1
node 4 2 0 2
node 16 1 0 0
node 19 1 0 0
node 38 1 0 0
gene 2 1 4 -1.47118 0 1 -1.47118 1
gene 3 2 4 8 0 2 8 1
gene 2 3 4 -6.08609 0 3 -6.08609 1
gene 3 2 16 1.36346 0 35 1.36346 0
gene 3 16 4 4.38982 0 36 4.38982 1
gene 2 3 19 6.30146 0 46 6.30146 1
gene 2 19 4 -5.90223 0 47 -5.90223 1
gene 1 2 19 -3.67705 0 92 -3.67705 1
gene 3 2 38 -1.89184 0 100 -1.89184 1
gene 3 38 16 -4.83175 0 101 -4.83175 1
genomeend 56

/* Organism #57 Fitness: 8.99999 Error: 1 */
genomestart 57
trait 1 0.1 0 0 0 0 0 0 0 
trait 2 0.2 0 0 0 0 0 0 0 
trait 3 0.3 0 0 0 0 0 0 0 
node 1 2 1 3
node 2 3 1 1
node 3 1 1 1
node 4 2 0 2
node 16 1 0 0
node 19 1 0 0
node 38 1 0 0
gene 2 1 4 -3.84254 0 1 -3.84254 1
gene 3 2 4 6.29124 0 2 6.29124 1
gene 2 3 4 -7.59111 0 3 -7.59111 1
gene 3 2 16 0.359477 0 35 0.359477 0
gene 3 16 4 0.562648 0 36 0.562648 1
gene 2 3 19 3.46934 0 46 3.46934 1
gene 2 19 4 -7.28503 0 47 -7.28503 1
gene 1 2 19 -2.72434 0 92 -2.72434 1
gene 3 2 38 -4.05614 0 100 -4.05614 1
gene 3 38 16 -4.44042 0 101 -4.44042 1
genomeend 57

/* Species #14 : (Size 8) (AF 6.50826) (Age 27)  */


/* Organism #58 Fitness: 9 Error: 1 */
genomestart 58
trait 1 0.603067 0 0 0.292779 0.409452 0 0.370342 0 
trait 2 0.2 0 0 0 0 0 0 0 
trait 3 0.458594 0.101945 0.0823845 0 0 0.172451 0.0524108 0 
node 1 1 1 3
node 2 3 1 1
node 3 1 1 1
node 4 2 0 2
node 9 1 0 0
node 44 1 0 0
node 86 1 0 0
gene 2 1 4 -4.5406 0 1 -4.5406 1
gene 2 2 4 4.11573 0 2 4.11573 1
gene 1 3 4 0.474921 0 3 0.474921 0
gene 1 3 9 4.38482 0 12 4.38482 1
gene 1 9 4 7.81781 0 13 7.81781 1
gene 2 2 44 -2.37046 0 119 -2.37046 1
gene 2 44 4 -5.14798 0 120 -5.14798 1
gene 2 3 44 -2.87824 0 134 -2.87824 1
gene 1 3 86 0.309763 0 246 0.309763 1
gene 1 86 4 -0.17655 0 247 -0.17655 1
genomeend 58

/* Organism #59 Fitness: 8.99999 Error: 1 */
genomestart 59
trait 1 0.603067 0 0 0.292779 0.409452 0 0.370342 0 
trait 2 0.2 0 0 0 0 0 0 0 
trait 3 0.458594 0.101945 0.0823845 0 0 0.172451 0.0524108 0 
node 1 1 1 3
node 2 3 1 1
node 3 1 1 1
node 4 2 0 2
node 9 1 0 0
node 44 1 0 0
node 86 1 0 0
gene 2 1 4 -2.60004 0 1 -2.60004 1
gene 2 2 4 2.48375 0 2 2.48375 1
gene 1 3 4 -0.34801 0 3 -0.34801 0
gene 1 3 9 2.37789 0 12 2.37789 1
gene 1 9 4 7.11596 0 13 7.11596 1
gene 2 2 44 -3.38417 0 119 -3.38417 1
gene 2 44 4 -7.19227 0 120 -7.19227 1
gene 2 3 44 -2.66064 0 134 -2.66064 1
gene 1 3 86 0.125965 0 246 0.125965 1
gene 1 86 4 -0.306303 0 247 -0.306303 1
genomeend 59

/* Organism #60 Fitness: 4.01178 Error: 1.99706 */
genomestart 60
trait 1 0.603067 0 0 0.292779 0.409452 0 0.370342 0 
trait 2 0.2 0 0 0 0 0 0 0 
trait 3 0.458594 0.101945 0.0823845 0 0 0.172451 0.0524108 0 
node 1 1 1 3
node 2 3 1 1
node 3 1 1 1
node 4 2 0 2
node 9 1 0 0
node 44 1 0 0
node 86 1 0 0
gene 2 1 4 -6.04317 0 1 -6.04317 1
gene 2 2 4 5.84372 0 2 5.84372 1
gene 1 3 4 -0.868084 0 3 -0.868084 0
gene 1 3 9 6.23501 0 12 6.23501 1
gene 1 9 4 4.86583 0 13 4.86583 1
gene 2 2 44 -1.39807 0 119 -1.39807 1
gene 2 44 4 -6.55252 0 120 -6.55252 1
gene 2 3 44 -3.46023 0 134 -3.46023 1
gene 1 3 86 -1.84278 0 246 -1.84278 1
gene 1 86 4 -0.627613 0 247 -0.627613 1
genomeend 60

/* Organism #61 Fitness: 4.0106 Error: 1.99735 */
genomestart 61
trait 1 0.603067 0 0 0.292779 0.409452 0 0.370342 0 
trait 2 0.2 0 0 0 0 0 0 0 
trait 3 0.458594 0.101945 0.0823845 0 0 0.172451 0.0524108 0 
node 1 1 1 3
node 2 3 1 1
node 3 1 1 1
node 4 2 0 2
node 9 1 0 0
node 44 1 0 0
node 86 1 0 0
gene 2 1 4 -2.69339 0 1 -2.69339 1
gene 2 2 4 2.79229 0 2 2.79229 1
gene 1 3 4 0.371158 0 3 0.371158 0
gene 1 3 9 2.64534 0 12 2.64534 1
gene 1 9 4 4.2373 0 13 4.2373 1
gene 2 2 44 -4.64982 0 119 -4.64982 1
gene 2 44 4 -4.83059 0 120 -4.83059 1
gene 2 3 44 0.0558107 0 134 0.0558107 1
gene 1 3 86 -1.01535 0 246 -1.01535 1
gene 1 86 4 -0.17655 0 247 -0.17655 1
genomeend 61

/* Organism #62 Fitness: 8.99236 Error: 1.00127 */
genomestart 62
trait 1 0.603067 0 0 0.292779 0.409452 0 0.370342 0 
trait 2 0.2 0 0 0 0 0 0 0 
trait 3 0.458594 0.101945 0.0823845 0 0 0.172451 0.0524108 0 
node 1 1 1 3
node 2 3 1 1
node 3 1 1 1
node 4 2 0 2
node 9 1 0 0
node 44 1 0 0
node 86 1 0 0
gene 2 1 4 -2.60004 0 1 -2.60004 1
gene 2 2 4 4.11573 0 2 4.11573 1
gene 1 3 4 0.474921 0 3 0.474921 0
gene 1 3 9 4.38482 0 12 4.38482 1
gene 1 9 4 7.81781 0 13 7.81781 1
gene 2 2 44 -3.38417 0 119 -3.38417 1
gene 2 44 4 -5.14798 0 120 -5.14798 1
gene 2 3 44 -2.66064 0 134 -2.66064 1
gene 1 3 86 0.125965 0 246 0.125965 1
gene 1 86 4 -0.17655 0 247 -0.17655 1
gene 1 2 86 -0.98471 0 430 -0.98471 1
genomeend 62

/* Organism #63 Fitness: 4.0514 Error: 1.98719 */
genomestart 63
trait 1 0.603067 0 0 0.292779 0.409452 0 0.370342 0 
trait 2 0.2 0 0 0 0 0 0 0 
trait 3 0.458594 0.101945 0.0823845 0 0 0.172451 0.0524108 0 
node 1 1 1 3
node 2 3 1 1
node 3 3 1 1
node 4 2 0 2
node 9 1 0 0
node 44 1 0 0
node 86 1 0 0
gene 2 1 4 -0.626673 0 1 -0.626673 1
gene 2 2 4 0.94142 0 2 0.94142 1
gene 1 3 4 0.0410245 0 3 0.0410245 0
gene 1 3 9 3.66565 0 12 3.66565 1
gene 1 9 4 6.67329 0 13 6.67329 1
gene 2 2 44 -2.3581 0 119 -2.3581 1
gene 2 44 4 -6.86129 0 120 -6.86129 1
gene 2 3 44 0.631695 0 134 0.631695 1
gene 1 3 86 2.06198 0 246 2.06198 1
gene 1 86 4 -0.17655 0 247 -0.17655 1
genomeend 63

/* Organism #64 Fitness: 8.99999 Error: 1 */
genomestart 64
trait 1 0.603067 0 0 0.292779 0.409452 0 0.370342 0 
trait 2 0.2 0 0 0 0 0 0 0 
trait 3 0.458594 0.101945 0.0823845 0 0 0.172451 0.0524108 0 
node 1 1 1 3
node 2 3 1 1
node 3 1 1 1
node 4 2 0 2
node 9 1 0 0
node 44 1 0 0
node 86 1 0 0
gene 2 1 4 -2.60004 0 1 -2.60004 1
gene 2 2 4 2.48375 0 2 2.48375 1
gene 1 3 4 -0.34801 0 3 -0.34801 0
gene 1 3 9 4.38482 0 12 4.38482 1
gene 1 9 4 7.11596 0 13 7.11596 1
gene 2 2 44 -3.38417 0 119 -3.38417 1
gene 2 44 4 -7.19227 0 120 -7.19227 1
gene 2 3 44 -2.66064 0 134 -2.66064 1
gene 1 3 86 0.309763 0 246 0.309763 1
gene 1 86 4 -0.17655 0 247 -0.17655 1
genomeend 64

/* Organism #65 Fitness: 4 Error: 2 */
genomestart 65
trait 1 0.603067 0 0 0.292779 0.409452 0 0.370342 0 
trait 2 0.2 0 0 0 0 0 0 0 
trait 3 0.458594 0.101945 0.0823845 0 0 0.172451 0.0524108 0 
node 1 1 1 3
node 2 3 1 1
node 3 1 1 1
node 4 2 0 2
node 9 1 0 0
node 44 1 0 0
node 86 1 0 0
gene 2 1 4 0.745567 0 1 0.745567 1
gene 2 2 4 5.23476 0 2 5.23476 1
gene 1 3 4 1.72626 0 3 1.72626 0
gene 1 3 9 1.63171 0 12 1.63171 1
gene 1 9 4 7.28991 0 13 7.28991 1
gene 2 2 44 -2.75378 0 119 -2.75378 1
gene 2 44 4 1.46054 0 120 1.46054 1
gene 2 3 44 -1.72472 0 134 -1.72472 1
gene 1 3 86 1.69889 0 246 1.69889 1
gene 1 86 4 -0.582217 0 247 -0.582217 1
genomeend 65

/* Species #15 : (Size 7) (AF 7.55675) (Age 25)  */


/* Organism #66 Fitness: 9 Error: 1 */
genomestart 66
trait 1 0.894641 0 0 0.161107 0.13596 0 0 0 
trait 2 0.2 0 0 0 0 0 0 0 
trait 3 0.458594 0.101945 0.0823845 0 0 0.172451 0.0524108 0 
node 1 1 1 3
node 2 3 1 1
node 3 2 1 1
node 4 1 0 2
node 9 1 0 0
node 44 1 0 0
node 48 3 0 0
gene 2 1 4 -0.804332 0 1 -0.804332 1
gene 2 2 4 -4.39814 0 2 -4.39814 1
gene 1 3 4 8 0 3 8 1
gene 1 3 9 -0.0402081 0 12 -0.0402081 1
gene 1 9 4 -1.31176 0 13 -1.31176 0
gene 2 2 44 2.35809 0 119 2.35809 1
gene 2 44 4 -7.04902 0 120 -7.04902 1
gene 1 9 48 3.42174 0 132 3.42174 1
gene 1 48 4 -0.612182 0 133 -0.612182 1
gene 1 1 9 -4.59714 0 188 -4.59714 1
gene 1 44 48 1.63767 0 290 1.63767 1
gene 1 3 44 -0.129429 0 406 -0.129429 1
gene 1 9 44 -0.0122684 0 416 -0.0122684 1
genomeend 66

/* Organism #67 Fitness: 9 Error: 1 */
genomestart 67
trait 1 0.894641 0 0 0.161107 0.13596 0 0 0 
trait 2 0.2 0 0 0 0 0 0 0 
trait 3 0.458594 0.101945 0.0823845 0 0 0.172451 0.0524108 0 
node 1 1 1 3
node 2 3 1 1
node 3 2 1 1
node 4 1 0 2
node 9 1 0 0
node 44 1 0 0
node 48 3 0 0
gene 2 1 4 -0.804332 0 1 -0.804332 1
gene 2 2 4 -4.39814 0 2 -4.39814 1
gene 1 3 4 8 0 3 8 1
gene 1 3 9 -0.0402081 0 12 -0.0402081 1
gene 1 9 4 -1.31176 0 13 -1.31176 0
gene 2 2 44 2.35809 0 119 2.35809 1
gene 2 44 4 -6.64801 0 120 -6.64801 1
gene 1 9 48 2.33077 0 132 2.33077 1
gene 1 48 4 -0.612182 0 133 -0.612182 1
gene 1 1 9 -4.19952 0 188 -4.19952 1
gene 1 44 48 1.63767 0 290 1.63767 1
gene 1 3 44 -0.129429 0 406 -0.129429 1
gene 1 9 44 -0.0122684 0 416 -0.0122684 1
genomeend 67

/* Organism #68 Fitness: 4.00195 Error: 1.99951 */
genomestart 68
trait 1 0.894641 0 0 0.161107 0.13596 0 0 0 
trait 2 0.2 0 0 0 0 0 0 0 
trait 3 0.458594 0.101945 0.0823845 0 0 0.172451 0.0524108 0 
node 1 1 1 3
node 2 3 1 1
node 3 2 1 1
node 4 1 0 2
node 9 1 0 0
node 44 1 0 0
node 48 3 0 0
gene 2 1 4 -2.8049 0 1 -2.8049 1
gene 2 2 4 -1.64884 0 2 -1.64884 1
gene 1 3 4 8 0 3 8 1
gene 1 3 9 -0.0402081 0 12 -0.0402081 1
gene 1 9 4 -2.62116 0 13 -2.62116 0
gene 2 2 44 3.73638 0 119 3.73638 1
gene 2 44 4 -6.81471 0 120 -6.81471 1
gene 1 9 48 1.96959 0 132 1.96959 1
gene 1 48 4 0.0438704 0 133 0.0438704 1
gene 1 1 9 2.44728 0 188 2.44728 1
gene 1 44 48 -0.362255 0 290 -0.362255 1
gene 1 3 44 -0.129429 0 406 -0.129429 1
gene 1 9 44 1.2479 0 416 1.2479 1
genomeend 68

/* Organism #69 Fitness: 4 Error: 2 */
genomestart 69
trait 1 0.894641 0 0 0.161107 0.13596 0 0 0 
trait 2 0.2 0 0 0 0 0 0 0 
trait 3 0.458594 0.101945 0.0823845 0 0 0.172451 0.0524108 0 
node 1 1 1 3
node 2 3 1 1
node 3 2 1 1
node 4 1 0 2
node 9 1 0 0
node 44 1 0 0
node 48 3 0 0
gene 2 1 4 -0.804332 0 1 -0.804332 1
gene 2 2 4 -3.90268 0 2 -3.90268 1
gene 1 3 4 5.74491 0 3 5.74491 1
gene 1 3 9 2.33528 0 12 2.33528 1
gene 1 9 4 -1.62168 0 13 -1.62168 1
gene 2 2 44 -0.0282296 0 119 -0.0282296 1
gene 2 44 4 -8 0 120 -8 1
gene 1 9 48 3.66008 0 132 3.66008 1
gene 1 48 4 0.350753 0 133 0.350753 1
gene 1 1 9 -2.52947 0 188 -2.52947 1
gene 1 44 48 1.20815 0 290 1.20815 1
gene 1 3 44 2.26299 0 406 2.26299 1
gene 1 9 44 0.188925 0 416 0.188925 1
genomeend 69

/* Organism #70 Fitness: 9 Error: 1 */
genomestart 70
trait 1 0.894641 0 0 0.161107 0.13596 0 0 0 
trait 2 0.2 0 0 0 0 0 0 0 
trait 3 0.458594 0.101945 0.0823845 0 0 0.172451 0.0524108 0 
node 1 1 1 3
node 2 3 1 1
node 3 2 1 1
node 4 1 0 2
node 9 1 0 0
node 44 1 0 0
node 48 3 0 0
gene 2 1 4 -0.804332 0 1 -0.804332 1
gene 2 2 4 -4.39814 0 2 -4.39814 1
gene 1 3 4 8 0 3 8 1
gene 1 3 9 -0.0402081 0 12 -0.0402081 1
gene 1 9 4 -1.31176 0 13 -1.31176 0
gene 2 2 44 2.35809 0 119 2.35809 1
gene 2 44 4 -6.24699 0 120 -6.24699 1
gene 1 9 48 1.23981 0 132 1.23981 1
gene 1 48 4 -0.612182 0 133 -0.612182 1
gene 1 1 9 -3.8019 0 188 -3.8019 1
gene 1 44 48 1.63767 0 290 1.63767 1
gene 1 3 44 -0.129429 0 406 -0.129429 1
gene 3 9 44 0.47615 0 431 0.47615 1
genomeend 70

/* Organism #71 Fitness: 8.89532 Error: 1.0175 */
genomestart 71
trait 1 0.894641 0 0 0.161107 0.13596 0 0 0 
trait 2 0.2 0 0 0 0 0 0 0 
trait 3 0.458594 0.101945 0.0823845 0 0 0.172451 0.0524108 0 
node 1 1 1 3
node 2 3 1 1
node 3 2 1 1
node 4 1 0 2
node 9 1 0 0
node 44 1 0 0
node 48 3 0 0
gene 2 1 4 -0.783884 0 1 -0.783884 1
gene 2 2 4 -4.35397 0 2 -4.35397 1
gene 1 3 4 6.39648 0 3 6.39648 1
gene 1 3 9 0.240791 0 12 0.240791 1
gene 1 9 4 -2.20153 0 13 -2.20153 0
gene 2 2 44 3.03873 0 119 3.03873 1
gene 2 44 4 -6.68272 0 120 -6.68272 1
gene 1 9 48 0.385525 0 132 0.385525 1
gene 1 48 4 -2.93983 0 133 -2.93983 1
gene 1 1 9 -4.8673 0 188 -4.8673 1
gene 1 44 48 0.994648 0 290 0.994648 1
gene 1 3 44 -0.129429 0 406 -0.129429 1
gene 1 9 44 1.27004 0 416 1.27004 1
genomeend 71

/* Organism #72 Fitness: 9 Error: 1 */
genomestart 72
trait 1 0.894641 0 0 0.161107 0.13596 0 0 0 
trait 2 0.2 0 0 0 0 0 0 0 
trait 3 0.458594 0.101945 0.0823845 0 0 0.172451 0.0524108 0 
node 1 1 1 3
node 2 3 1 1
node 3 2 1 1
node 4 1 0 2
node 9 1 0 0
node 44 1 0 0
node 48 3 0 0
gene 2 1 4 -0.226006 0 1 -0.226006 1
gene 2 2 4 -4.40448 0 2 -4.40448 1
gene 1 3 4 6.11815 0 3 6.11815 1
gene 1 3 9 -2.48489 0 12 -2.48489 1
gene 1 9 4 -2.35748 0 13 -2.35748 0
gene 2 2 44 1.34823 0 119 1.34823 1
gene 2 44 4 -6.96387 0 120 -6.96387 1
gene 1 9 48 -1.2421 0 132 -1.2421 1
gene 1 48 4 -1.1725 0 133 -1.1725 1
gene 1 1 9 -4.66046 0 188 -4.66046 1
gene 1 44 48 -0.834986 0 290 -0.834986 1
gene 1 3 44 -0.362178 0 406 -0.362178 1
genomeend 72

/* Species #16 : (Size 8) (AF 8.99987) (Age 22)  */


/* Organism #73 Fitness: 9 Error: 1 */
genomestart 73
trait 1 0.1 0 0 0 0 0 0 0 
trait 2 0.2 0 0 0 0 0 0 0 
trait 3 0.13125 0 0 0.146226 0 0 0.376413 0 
node 1 1 1 3
node 2 3 1 1
node 3 1 1 1
node 4 1 0 2
node 7 1 0 0
node 62 2 0 0
gene 2 1 4 7.76485 0 1 7.76485 1
gene 2 2 4 -3.83678 0 2 -3.83678 1
gene 1 3 4 -7.92075 0 3 -7.92075 1
gene 2 2 7 -4.71877 0 8 -4.71877 1
gene 2 7 4 5.4736 0 9 5.4736 1
gene 3 1 7 4.4894 0 37 4.4894 1
gene 2 2 62 2.45285 0 172 2.14035 1
gene 2 62 7 -6.63911 0 173 -3.8084 1
genomeend 73

/* Organism #74 Fitness: 9 Error: 1 */
genomestart 74
trait 1 0.1 0 0 0 0 0 0 0 
trait 2 0.2 0 0 0 0 0 0 0 
trait 3 0.13125 0 0 0.146226 0 0 0.376413 0 
node 1 1 1 3
node 2 3 1 1
node 3 1 1 1
node 4 1 0 2
node 7 1 0 0
node 62 2 0 0
gene 2 1 4 5.73705 0 1 5.73705 1
gene 2 2 4 -2.78367 0 2 -2.78367 1
gene 1 3 4 -6.46326 0 3 -6.46326 1
gene 2 2 7 -5.0364 0 8 -5.0364 1
gene 2 7 4 7.23605 0 9 7.23605 1
gene 3 1 7 6.97055 0 37 6.97055 1
gene 2 2 62 4.08361 0 172 4.08361 1
gene 2 62 7 -4.54264 0 173 -4.54264 1
genomeend 74

/* Organism #75 Fitness: 8.99908 Error: 1.00015 */
genomestart 75
trait 1 0.1 0 0 0 0 0 0 0 
trait 2 0.2 0 0 0 0 0 0 0 
trait 3 0.13125 0 0 0.146226 0 0 0.376413 0 
node 1 1 1 3
node 2 3 1 1
node 3 1 1 1
node 4 1 0 2
node 7 1 0 0
node 62 2 0 0
gene 2 1 4 8 0 1 8 1
gene 2 2 4 -1.78335 0 2 -1.78335 1
gene 1 3 4 -8 0 3 -8 1
gene 2 2 7 -2.45293 0 8 -2.45293 1
gene 2 7 4 3.67812 0 9 3.67812 1
gene 3 1 7 6.63004 0 37 6.63004 1
gene 2 2 62 2.45285 0 172 2.45285 1
gene 2 62 7 -8 0 173 -8 1
genomeend 75

/* Organism #76 Fitness: 9 Error: 1 */
genomestart 76
trait 1 0.1 0 0 0 0 0 0 0 
trait 2 0.2 0 0 0 0 0 0 0 
trait 3 0.13125 0 0 0.146226 0 0 0.376413 0 
node 1 1 1 3
node 2 3 1 1
node 3 1 1 1
node 4 1 0 2
node 7 1 0 0
node 62 2 0 0
gene 2 1 4 8 0 1 8 1
gene 2 2 4 -3.76613 0 2 -3.76613 1
gene 1 3 4 -8 0 3 -8 1
gene 2 2 7 -6.58124 0 8 -6.58124 1
gene 2 7 4 6.85167 0 9 6.85167 1
gene 3 1 7 5.07512 0 37 5.07512 1
gene 2 2 62 4.48996 0 172 4.48996 1
gene 2 62 7 -6.24389 0 173 -6.24389 1
genomeend 76

/* Organism #77 Fitness: 8.9999 Error: 1.00002 */
genomestart 77
trait 1 0.1 0 0 0 0 0 0 0 
trait 2 0.2 0 0 0 0 0 0 0 
trait 3 0.13125 0 0 0.146226 0 0 0.376413 0 
node 1 1 1 3
node 2 3 1 1
node 3 1 1 1
node 4 1 0 2
node 7 1 0 0
node 62 2 0 0
gene 2 1 4 5.99401 0 1 5.99401 1
gene 2 2 4 -3.76308 0 2 -3.76308 1
gene 1 3 4 -8 0 3 -8 1
gene 2 2 7 -4.61455 0 8 -4.61455 1
gene 2 7 4 7.32318 0 9 7.32318 1
gene 3 1 7 6.2333 0 37 6.2333 1
gene 2 2 62 4.79156 0 172 4.79156 1
gene 2 62 7 -4.27331 0 173 -4.27331 1
genomeend 77

/* Organism #78 Fitness: 9 Error: 1 */
genomestart 78
trait 1 0.1 0 0 0 0 0 0 0 
trait 2 0.2 0 0 0 0 0 0 0 
trait 3 0.13125 0 0 0.146226 0 0 0.376413 0 
node 1 1 1 3
node 2 3 1 1
node 3 1 1 1
node 4 1 0 2
node 7 1 0 0
node 62 2 0 0
gene 2 1 4 7.76485 0 1 7.76485 1
gene 2 2 4 -3.83678 0 2 -3.83678 1
gene 1 3 4 -7.92075 0 3 -7.92075 1
gene 2 2 7 -4.71877 0 8 -4.71877 1
gene 2 7 4 5.4736 0 9 5.4736 1
gene 3 1 7 4.4894 0 37 4.4894 1
gene 2 2 62 2.45285 0 172 2.14035 1
gene 2 62 7 -6.63911 0 173 -3.8084 1
genomeend 78

/* Organism #79 Fitness: 8.99999 Error: 1 */
genomestart 79
trait 1 0.1 0 0 0 0 0 0 0 
trait 2 0.2 0 0 0 0 0 0 0 
trait 3 0.13125 0 0 0.146226 0 0 0.376413 0 
node 1 1 1 3
node 2 3 1 1
node 3 1 1 1
node 4 3 0 2
node 7 1 0 0
node 62 2 0 0
gene 2 1 4 7.76485 0 1 7.76485 1
gene 2 2 4 -3.52389 0 2 -3.52389 1
gene 1 3 4 -6.95507 0 3 -6.95507 1
gene 2 2 7 -3.99678 0 8 -3.99678 1
gene 2 7 4 5.32666 0 9 5.32666 1
gene 3 1 7 6.71092 0 37 6.71092 1
gene 2 2 62 2.87706 0 172 2.87706 1
gene 2 62 7 -7.41153 0 173 -7.41153 1
genomeend 79

/* Organism #80 Fitness: 9 Error: 1 */
genomestart 80
trait 1 0.1 0 0 0 0 0 0 0 
trait 2 0.2 0 0 0 0 0 0 0 
trait 3 0.13125 0 0 0.146226 0 0 0.376413 0 
node 1 1 1 3
node 2 3 1 1
node 3 1 1 1
node 4 1 0 2
node 7 1 0 0
node 62 2 0 0
gene 2 1 4 7.45478 0 1 7.45478 1
gene 2 2 4 -4.17714 0 2 -4.17714 1
gene 1 3 4 -7.03045 0 3 -7.03045 1
gene 2 2 7 -5.05204 0 8 -5.05204 1
gene 2 7 4 3.53789 0 9 3.53789 1
gene 3 1 7 6.7377 0 37 6.7377 1
gene 2 2 62 0.391859 0 172 0.391859 1
gene 2 62 7 -8 0 173 -8 1
genomeend 80

/* Species #17 : (Size 7) (AF 6.85188) (Age 22)  */


/* Organism #81 Fitness: 8.98854 Error: 1.00191 */
genomestart 81
trait 1 0.025 0 0 0 0 0 0 0 
trait 2 0.2 0 0 0 0 0 0 0 
trait 3 0.3 0 0 0 0 0 0 0 
node 1 1 1 3
node 2 2 1 1
node 3 2 1 1
node 4 1 0 2
node 8 1 0 0
node 63 1 0 0
node 82 1 0 0
gene 2 1 4 -0.979816 0 1 -0.979816 1
gene 2 2 4 -1.3937 0 2 -1.3937 0
gene 2 3 4 4.3777 0 3 4.3777 1
gene 2 2 8 1.90371 0 10 1.90371 1
gene 3 8 4 -6.60204 0 11 -6.60204 1
gene 3 8 63 1.44805 0 175 1.44805 1
gene 3 63 4 -4.19878 0 176 -4.19878 1
gene 2 3 8 2.19176 0 224 2.19176 0
gene 2 3 82 1.14696 0 235 1.14696 1
gene 2 82 8 -0.682808 0 236 -0.682808 1
gene 2 1 8 -0.585498 0 407 -0.585498 1
gene 3 1 82 0.0720542 0 417 0.0720542 1
genomeend 81

/* Organism #82 Fitness: 8.98854 Error: 1.00191 */
genomestart 82
trait 1 0.025 0 0 0 0 0 0 0 
trait 2 0.2 0 0 0 0 0 0 0 
trait 3 0.3 0 0 0 0 0 0 0 
node 1 1 1 3
node 2 2 1 1
node 3 2 1 1
node 4 1 0 2
node 8 1 0 0
node 63 1 0 0
node 82 1 0 0
gene 2 1 4 -0.979816 0 1 -0.979816 1
gene 2 2 4 -1.3937 0 2 -1.3937 0
gene 2 3 4 4.3777 0 3 4.3777 1
gene 2 2 8 1.90371 0 10 1.90371 1
gene 3 8 4 -6.60204 0 11 -6.60204 1
gene 3 8 63 1.44805 0 175 1.44805 1
gene 3 63 4 -4.19878 0 176 -4.19878 1
gene 2 3 8 2.19176 0 224 2.19176 0
gene 2 3 82 1.14696 0 235 1.14696 1
gene 2 82 8 -0.682808 0 236 -0.682808 1
gene 2 1 8 -0.585498 0 407 -0.585498 1
genomeend 82

/* Organism #83 Fitness: 4.00018 Error: 1.99996 */
genomestart 83
trait 1 0.025 0 0 0 0 0 0 0 
trait 2 0.2 0 0 0 0 0 0 0 
trait 3 0.3 0 0 0 0 0 0 0 
node 1 1 1 3
node 2 2 1 1
node 3 2 1 1
node 4 1 0 2
node 8 1 0 0
node 63 1 0 0
node 82 1 0 0
gene 2 1 4 -2.82924 0 1 -2.82924 1
gene 2 2 4 0.996738 0 2 0.996738 0
gene 2 3 4 2.27604 0 3 2.27604 1
gene 2 2 8 0.111053 0 10 0.111053 1
gene 3 8 4 -8 0 11 -8 1
gene 3 8 63 0.0396207 0 175 0.0396207 1
gene 3 63 4 -2.04806 0 176 -2.04806 1
gene 2 3 8 2.67639 0 224 2.67639 0
gene 2 3 82 0.391015 0 235 0.391015 1
gene 2 82 8 -2.23422 0 236 -2.23422 1
gene 2 1 8 0.861995 0 407 0.861995 1
genomeend 83

/* Organism #84 Fitness: 8.98854 Error: 1.00191 */
genomestart 84
trait 1 0.025 0 0 0 0 0 0 0 
trait 2 0.2 0 0 0 0 0 0 0 
trait 3 0.3 0 0 0 0 0 0 0 
node 1 1 1 3
node 2 2 1 1
node 3 2 1 1
node 4 1 0 2
node 8 1 0 0
node 63 1 0 0
node 82 1 0 0
gene 2 1 4 -0.979816 0 1 -0.979816 1
gene 2 2 4 -1.3937 0 2 -1.3937 1
gene 2 3 4 4.3777 0 3 4.3777 1
gene 2 2 8 1.90371 0 10 1.90371 1
gene 3 8 4 -6.60204 0 11 -6.60204 1
gene 3 8 63 1.44805 0 175 1.44805 1
gene 3 63 4 -4.19878 0 176 -4.19878 1
gene 2 3 8 2.19176 0 224 2.19176 0
gene 2 3 82 1.14696 0 235 1.14696 1
gene 2 82 8 -0.682808 0 236 -0.682808 1
gene 2 1 8 -0.585498 0 407 -0.585498 1
gene 3 1 82 0.0720542 0 417 0.0720542 1
genomeend 84

/* Organism #85 Fitness: 4 Error: 2 */
genomestart 85
trait 1 0.025 0 0 0 0 0 0 0 
trait 2 0.2 0 0 0 0 0 0 0 
trait 3 0.3 0 0 0 0 0 0 0 
node 1 1 1 3
node 2 2 1 1
node 3 2 1 1
node 4 1 0 2
node 8 1 0 0
node 63 1 0 0
node 82 1 0 0
gene 2 1 4 -3.32165 0 1 -3.32165 1
gene 2 2 4 -0.0225799 0 2 -0.0225799 0
gene 2 3 4 4.09251 0 3 4.09251 1
gene 2 2 8 1.92347 0 10 1.92347 1
gene 3 8 4 -6.1554 0 11 -6.1554 1
gene 3 8 63 0.814333 0 175 0.814333 1
gene 3 63 4 -3.01817 0 176 -3.01817 1
gene 2 3 8 4.33675 0 224 4.33675 0
gene 2 3 82 2.47207 0 235 2.47207 1
gene 2 82 8 0.732488 0 236 0.732488 1
gene 2 1 8 -0.755028 0 407 -0.755028 1
gene 3 1 82 0.0720542 0 417 0.0720542 1
genomeend 85

/* Organism #86 Fitness: 8.99734 Error: 1.00044 */
genomestart 86
trait 1 0.025 0 0 0 0 0 0 0 
trait 2 0.2 0 0 0 0 0 0 0 
trait 3 0.3 0 0 0 0 0 0 0 
node 1 1 1 3
node 2 2 1 1
node 3 2 1 1
node 4 1 0 2
node 8 1 0 0
node 63 1 0 0
node 82 1 0 0
gene 2 1 4 -0.979816 0 1 -0.979816 1
gene 2 2 4 -1.3937 0 2 -1.3937 0
gene 2 3 4 4.3777 0 3 4.3777 1
gene 2 2 8 1.90371 0 10 1.90371 1
gene 3 8 4 -6.60204 0 11 -6.60204 1
gene 3 8 63 1.44805 0 175 1.44805 1
gene 3 63 4 -4.19878 0 176 -4.19878 1
gene 2 3 8 2.19176 0 224 2.19176 0
gene 2 3 82 1.14696 0 235 1.14696 1
gene 2 82 8 -0.682808 0 236 -0.682808 1
gene 2 1 8 -0.585498 0 407 -0.585498 1
gene 3 1 82 0.0720542 0 417 0.0720542 1
gene 1 1 63 -0.400769 0 432 -0.400769 1
genomeend 86

/* Organism #87 Fitness: 4 Error: 2 */
genomestart 87
trait 1 0.025 0 0 0 0 0 0 0 
trait 2 0.2 0 0 0 0 0 0 0 
trait 3 0.3 0 0 0 0 0 0 0 
node 1 1 1 3
node 2 2 1 1
node 3 2 1 1
node 4 1 0 2
node 8 1 0 0
node 63 1 0 0
node 82 1 0 0
gene 2 1 4 -0.410951 0 1 -0.410951 1
gene 2 2 4 -1.60191 0 2 -1.60191 1
gene 2 3 4 4.29522 0 3 4.29522 1
gene 2 2 8 3.10896 0 10 3.10896 1
gene 3 8 4 -4.31354 0 11 -4.31354 1
gene 3 8 63 3.06431 0 175 3.06431 1
gene 3 63 4 -4.29468 0 176 -4.29468 1
gene 2 3 8 0.0653783 0 224 0.0653783 0
gene 2 3 82 3.32079 0 235 3.32079 1
gene 2 82 8 0.514281 0 236 0.514281 1
gene 2 1 8 0.301599 0 407 0.301599 1
gene 3 1 82 0.24868 0 417 0.24868 1
genomeend 87

/* Species #18 : (Size 9) (AF 7.96963) (Age 21)  */


/* Organism #88 Fitness: 9 Error: 1 */
genomestart 88
trait 1 0.894641 0 0 0.161107 0.13596 0 0 0 
trait 2 0.498654 0 0.358409 0 0 0 0.154729 0 
trait 3 0.458594 0.101945 0.25296 0.148778 0.179266 0.379338 0.129325 0 
node 1 2 1 3
node 2 3 1 1
node 3 2 1 1
node 4 2 0 2
node 9 1 0 0
node 44 1 0 0
node 48 1 0 0
node 72 3 0 0
gene 2 1 4 0.398346 0 1 0.398346 1
gene 2 2 4 5.28038 0 2 5.28038 1
gene 1 3 4 7.20139 0 3 7.20139 1
gene 1 3 9 -2.10909 0 12 -2.10909 1
gene 1 9 4 0.592898 0 13 0.592898 0
gene 2 2 44 -4.61474 0 119 -4.61474 1
gene 2 44 4 -6.23662 0 120 -6.23662 1
gene 1 9 48 -3.67044 0 132 -3.67044 1
gene 1 48 4 5.80528 0 133 5.80528 1
gene 1 2 72 -5.12627 0 202 -5.12627 1
gene 2 72 44 -6.66555 0 203 -6.66555 1
gene 1 1 72 -2.6722 0 237 -2.6722 1
gene 2 9 44 2.16208 0 355 2.16208 1
genomeend 88

/* Organism #89 Fitness: 4.53054 Error: 1.87149 */
genomestart 89
trait 1 0.894641 0 0 0.12083 0.10197 0 0.192495 0 
trait 2 0.461322 0 0.313608 0 0 0 0.135388 0 
trait 3 0.458594 0.101945 0.25296 0.148778 0.179266 0.379338 0.129325 0 
node 1 2 1 3
node 2 3 1 1
node 3 2 1 1
node 4 2 0 2
node 9 1 0 0
node 44 1 0 0
node 48 1 0 0
node 72 3 0 0
gene 2 1 4 -0.75308 0 1 -0.75308 1
gene 2 2 4 4.2644 0 2 4.2644 1
gene 1 3 4 0.621509 0 3 0.621509 1
gene 1 3 9 -0.323585 0 12 -0.323585 1
gene 1 9 4 -1.00438 0 13 -1.00438 1
gene 2 2 44 -1.36944 0 119 -1.36944 1
gene 2 44 4 -0.505997 0 120 -0.505997 1
gene 1 9 48 1.76191 0 132 1.76191 1
gene 1 48 4 0.426496 0 133 0.426496 1
gene 1 2 72 -4.29756 0 202 -4.29756 1
gene 2 72 44 -1.59131 0 203 -1.59131 1
gene 1 1 72 -3.29434 0 237 -3.29434 1
gene 2 9 44 2.11192 0 355 2.11192 1
genomeend 89

/* Organism #90 Fitness: 9 Error: 1 */
genomestart 90
trait 1 0.894641 0 0 0.0805536 0.06798 0 0.384991 0 
trait 2 0.423991 0 0.268807 0 0 0 0.116047 0 
trait 3 0.458594 0.101945 0.25296 0.148778 0.179266 0.379338 0.129325 0 
node 1 1 1 3
node 2 3 1 1
node 3 2 1 1
node 4 2 0 2
node 9 1 0 0
node 44 1 0 0
node 48 1 0 0
node 72 3 0 0
gene 2 1 4 -0.0836179 0 1 -0.0836179 1
gene 2 2 4 8 0 2 8 1
gene 1 3 4 5.74586 0 3 5.74586 1
gene 1 3 9 -3.26578 0 12 -3.26578 1
gene 1 9 4 -0.0964003 0 13 -0.0964003 0
gene 2 2 44 -4.2748 0 119 -4.2748 1
gene 2 44 4 -5.20929 0 120 -5.20929 1
gene 1 9 48 -1.88543 0 132 -1.88543 1
gene 1 48 4 5.03478 0 133 5.03478 1
gene 1 2 72 1.84339 0 202 1.84339 1
gene 2 72 44 2.19756 0 203 2.19756 1
gene 1 1 72 -3.23172 0 237 -3.23172 1
gene 2 9 44 4.1937 0 355 4.1937 1
genomeend 90

/* Organism #91 Fitness: 9 Error: 1 */
genomestart 91
trait 1 0.894641 0 0 0.12083 0.10197 0 0.192495 0 
trait 2 0.423991 0 0.268807 0 0 0 0.116047 0 
trait 3 0.458594 0.101945 0.25296 0.148778 0.179266 0.379338 0.129325 0 
node 1 2 1 3
node 2 3 1 1
node 3 2 1 1
node 4 2 0 2
node 9 1 0 0
node 44 1 0 0
node 48 1 0 0
node 72 3 0 0
gene 2 1 4 -0.181239 0 1 -0.181239 1
gene 2 2 4 5.98948 0 2 5.98948 1
gene 1 3 4 7.6007 0 3 7.6007 1
gene 1 3 9 -2.43869 0 12 -2.43869 1
gene 1 9 4 -0.0964003 0 13 -0.0964003 0
gene 2 2 44 -3.62918 0 119 -3.62918 1
gene 2 44 4 -5.20929 0 120 -5.20929 1
gene 1 9 48 -3.91028 0 132 -3.91028 1
gene 1 48 4 2.81807 0 133 2.81807 1
gene 1 2 72 -5.95763 0 202 -5.95763 1
gene 2 72 44 0.33948 0 203 0.33948 1
gene 1 1 72 -1.80551 0 237 -1.80551 1
gene 2 9 44 2.06175 0 355 2.06175 1
genomeend 91

/* Organism #92 Fitness: 4.19615 Error: 1.95155 */
genomestart 92
trait 1 0.894641 0 0 0.161107 0.13596 0 0 0 
trait 2 0.498654 0 0.893277 0.783013 0 0 0.663533 0 
trait 3 0.458594 0.101945 0.25296 0.148778 0.179266 0.379338 0.129325 0 
node 1 2 1 3
node 2 3 1 1
node 3 2 1 1
node 4 2 0 2
node 9 1 0 0
node 44 1 0 0
node 48 1 0 0
node 72 3 0 0
gene 2 1 4 0.577337 0 1 0.577337 1
gene 2 2 4 2.78206 0 2 2.78206 1
gene 1 3 4 8 0 3 8 1
gene 1 3 9 -4.13384 0 12 -4.13384 1
gene 1 9 4 1.8263 0 13 1.8263 0
gene 2 2 44 -3.33602 0 119 -3.33602 1
gene 2 44 4 -7.09289 0 120 -7.09289 1
gene 1 9 48 -1.97552 0 132 -1.97552 1
gene 1 48 4 3.56774 0 133 3.56774 1
gene 1 2 72 -7.15621 0 202 -7.15621 1
gene 2 72 44 -5.70772 0 203 -5.70772 1
gene 1 1 72 0.720161 0 237 0.720161 1
gene 2 9 44 2.16208 0 355 2.16208 1
genomeend 92

/* Organism #93 Fitness: 9 Error: 1 */
genomestart 93
trait 1 0.894641 0 0 0.0805536 0.06798 0 0.384991 0 
trait 2 0.423991 0 0.268807 0 0 0 0.116047 0 
trait 3 0.458594 0.101945 0.25296 0.148778 0.179266 0.379338 0.129325 0 
node 1 1 1 3
node 2 3 1 1
node 3 2 1 1
node 4 2 0 2
node 9 1 0 0
node 44 1 0 0
node 48 1 0 0
node 72 3 0 0
gene 2 1 4 -0.201572 0 1 -0.201572 1
gene 2 2 4 5.83914 0 2 5.83914 1
gene 1 3 4 7.6007 0 3 7.6007 1
gene 1 3 9 -1.20326 0 12 -1.20326 1
gene 1 9 4 -0.0964003 0 13 -0.0964003 0
gene 2 2 44 -3.62918 0 119 -3.62918 1
gene 2 44 4 -5.20929 0 120 -5.20929 1
gene 1 9 48 -3.94007 0 132 -3.94007 1
gene 1 48 4 2.81807 0 133 2.81807 1
gene 1 2 72 -5.95763 0 202 -5.95763 1
gene 2 72 44 -1.13002 0 203 -1.13002 1
gene 1 1 72 -1.80551 0 237 -1.80551 1
gene 2 9 44 2.06175 0 355 2.06175 1
genomeend 93

/* Organism #94 Fitness: 9 Error: 1 */
genomestart 94
trait 1 0.894641 0 0 0.12083 0.10197 0 0.192495 0 
trait 2 0.423991 0 0.268807 0 0 0 0.116047 0 
trait 3 0.458594 0.101945 0.25296 0.148778 0.179266 0.379338 0.129325 0 
node 1 1 1 3
node 2 3 1 1
node 3 2 1 1
node 4 2 0 2
node 9 1 0 0
node 44 1 0 0
node 48 1 0 0
node 72 3 0 0
gene 2 1 4 -0.181239 0 1 -0.181239 1
gene 2 2 4 5.98948 0 2 5.98948 1
gene 1 3 4 7.67908 0 3 7.67908 1
gene 1 3 9 -2.43869 0 12 -2.43869 1
gene 1 9 4 -1.51173 0 13 -1.51173 0
gene 2 2 44 -7.07987 0 119 -7.07987 1
gene 2 44 4 -8 0 120 -8 1
gene 1 9 48 -3.91028 0 132 -3.91028 1
gene 1 48 4 6.0164 0 133 6.0164 1
gene 1 2 72 -3.90286 0 202 -3.90286 1
gene 2 72 44 0.33948 0 203 0.33948 1
gene 1 1 72 -1.80551 0 237 -1.80551 1
gene 2 9 44 2.06175 0 355 2.06175 1
genomeend 94

/* Organism #95 Fitness: 9 Error: 1 */
genomestart 95
trait 1 0.894641 0 0 0.0805536 0.06798 0 0.384991 0 
trait 2 0.423991 0 0.268807 0 0 0 0.116047 0 
trait 3 0.458594 0.101945 0.25296 0.148778 0.179266 0.379338 0.129325 0 
node 1 1 1 3
node 2 3 1 1
node 3 2 1 1
node 4 2 0 2
node 9 1 0 0
node 44 1 0 0
node 48 1 0 0
node 72 3 0 0
gene 2 1 4 -1.87933 0 1 -1.87933 1
gene 2 2 4 5.57882 0 2 5.57882 1
gene 1 3 4 8 0 3 8 1
gene 1 3 9 -2.36602 0 12 -2.36602 1
gene 1 9 4 -1.55999 0 13 -1.55999 0
gene 2 2 44 -2.92901 0 119 -2.92901 1
gene 2 44 4 -5.08828 0 120 -5.08828 1
gene 1 9 48 -3.17795 0 132 -3.17795 1
gene 1 48 4 4.34651 0 133 4.34651 1
gene 1 2 72 -5.99166 0 202 -5.99166 1
gene 2 72 44 0.773949 0 203 0.773949 1
gene 1 1 72 -1.80551 0 237 -1.80551 1
gene 2 9 44 -0.22721 0 355 -0.22721 1
genomeend 95

/* Organism #96 Fitness: 9 Error: 1 */
genomestart 96
trait 1 0.894641 0 0 0.0805536 0.06798 0 0.384991 0 
trait 2 0.423991 0 0.268807 0 0 0 0.116047 0 
trait 3 0.458594 0.101945 0.25296 0.148778 0.179266 0.379338 0.129325 0 
node 1 1 1 3
node 2 3 1 1
node 3 2 1 1
node 4 2 0 2
node 9 1 0 0
node 44 1 0 0
node 48 1 0 0
node 72 3 0 0
gene 2 1 4 0.0524947 0 1 0.0524947 1
gene 2 2 4 7.02814 0 2 7.02814 1
gene 1 3 4 8 0 3 8 1
gene 1 3 9 0.700788 0 12 0.700788 1
gene 1 9 4 -2.50111 0 13 -2.50111 0
gene 2 2 44 -5.09789 0 119 -5.09789 1
gene 2 44 4 -3.87876 0 120 -3.87876 1
gene 1 9 48 -5.737 0 132 -5.737 1
gene 1 48 4 3.01819 0 133 3.01819 1
gene 1 2 72 -4.64129 0 202 -4.64129 1
gene 2 72 44 -3.14547 0 203 -3.14547 1
gene 1 1 72 -2.07133 0 237 -2.07133 1
gene 2 9 44 2.06175 0 355 2.06175 1
genomeend 96

/* Species #19 : (Size 6) (AF 6.5978) (Age 20)  */


/* Organism #97 Fitness: 9 Error: 1 */
genomestart 97
trait 1 0.1 0 0 0 0 0 0 0 
trait 2 0.2 0 0 0 0 0.151875 0.401578 0 
trait 3 0.3 0 0 0 0 0 0 0 
node 1 2 1 3
node 2 1 1 1
node 3 1 1 1
node 4 2 0 2
node 7 1 0 0
node 26 3 0 0
gene 1 1 4 3.24919 0 1 3.24919 1
gene 3 2 4 -8 0 2 -8 1
gene 1 3 4 8 0 3 8 1
gene 2 2 7 4.76025 0 8 4.76025 0
gene 2 7 4 -5.47229 0 9 -5.47229 1
gene 2 2 26 -3.25573 0 64 -3.25573 1
gene 2 26 7 2.60644 0 65 2.60644 1
gene 1 3 26 6.07732 0 181 6.07732 1
gene 1 26 4 -1.56207 0 198 -1.56207 1
gene 3 1 7 3.95123 0 248 3.95123 1
gene 1 1 26 1.54904 0 269 1.54904 1
gene 3 3 7 -0.192938 0 304 -0.192938 1
genomeend 97

/* Organism #98 Fitness: 9 Error: 1 */
genomestart 98
trait 1 0.1 0 0 0 0 0 0 0 
trait 2 0.2 0 0 0 0 0.151875 0.401578 0 
trait 3 0.3 0 0 0 0 0 0 0 
node 1 2 1 3
node 2 1 1 1
node 3 1 1 1
node 4 2 0 2
node 7 1 0 0
node 26 3 0 0
gene 1 1 4 2.04378 0 1 2.04378 1
gene 3 2 4 -7.50629 0 2 -7.50629 1
gene 1 3 4 8 0 3 8 1
gene 2 2 7 2.92624 0 8 2.92624 0
gene 2 7 4 -5.56919 0 9 -5.56919 1
gene 2 2 26 -1.79344 0 64 -1.79344 1
gene 2 26 7 4.21629 0 65 4.21629 1
gene 1 3 26 6.79565 0 181 6.79565 1
gene 1 26 4 -0.320139 0 198 -0.320139 1
gene 3 1 7 4.51102 0 248 4.51102 1
gene 1 1 26 -0.491348 0 269 -0.491348 1
gene 3 3 7 0.633427 0 304 0.633427 1
genomeend 98

/* Organism #99 Fitness: 4 Error: 2 */
genomestart 99
trait 1 0.1 0 0 0 0 0 0 0 
trait 2 0.2 0 0 0 0 0.151875 0.401578 0 
trait 3 0.3 0 0 0 0 0 0 0 
node 1 2 1 3
node 2 1 1 1
node 3 1 1 1
node 4 2 0 2
node 7 1 0 0
node 26 3 0 0
gene 1 1 4 0.142783 0 1 0.142783 1
gene 3 2 4 1.57826 0 2 1.57826 1
gene 1 3 4 6.49925 0 3 6.49925 1
gene 2 2 7 0.788881 0 8 0.788881 0
gene 2 7 4 -6.07168 0 9 -6.07168 1
gene 2 2 26 -3.25573 0 64 -3.25573 1
gene 2 26 7 1.23853 0 65 1.23853 1
gene 1 3 26 4.98575 0 181 4.98575 1
gene 1 26 4 2.40587 0 198 2.40587 1
gene 3 1 7 3.50787 0 248 3.50787 1
gene 1 1 26 -0.508133 0 269 -0.508133 1
gene 3 3 7 -1.1133 0 304 -1.1133 1
genomeend 99

/* Organism #100 Fitness: 4.53176 Error: 1.87121 */
genomestart 100
trait 1 0.1 0 0 0 0 0 0 0 
trait 2 0.2 0 0 0 0 0.151875 0.401578 0 
trait 3 0.3 0 0 0 0 0 0 0 
node 1 2 1 3
node 2 1 1 1
node 3 1 1 1
node 4 2 0 2
node 7 1 0 0
node 26 3 0 0
gene 1 1 4 1.15111 0 1 1.15111 1
gene 3 2 4 -6.40876 0 2 -6.40876 1
gene 1 3 4 7.41 0 3 7.41 1
gene 2 2 7 0.242088 0 8 0.242088 0
gene 2 7 4 -7.56289 0 9 -7.56289 1
gene 2 2 26 -2.47484 0 64 -2.47484 1
gene 2 26 7 2.92559 0 65 2.92559 1
gene 1 3 26 5.51051 0 181 5.51051 1
gene 1 26 4 -1.38644 0 198 -1.38644 1
gene 3 1 7 4.20782 0 248 4.20782 1
gene 1 1 26 0.209281 0 269 0.209281 1
gene 3 3 7 -1.35272 0 304 -1.35272 1
genomeend 100

/* Organism #101 Fitness: 4.05503 Error: 1.98629 */
genomestart 101
trait 1 0.1 0 0 0 0 0 0 0 
trait 2 0.2 0 0 0 0 0.151875 0.401578 0 
trait 3 0.3 0 0 0 0 0 0 0 
node 1 2 1 3
node 2 1 1 1
node 3 1 1 1
node 4 2 0 2
node 7 1 0 0
node 26 3 0 0
gene 1 1 4 -1.09066 0 1 -1.09066 1
gene 3 2 4 -5.39639 0 2 -5.39639 1
gene 1 3 4 2.41729 0 3 2.41729 1
gene 2 2 7 -2.45689 0 8 -2.45689 0
gene 2 7 4 -3.64622 0 9 -3.64622 1
gene 1 2 26 -1.71958 0 64 -1.71958 1
gene 2 26 7 2.47758 0 65 2.47758 1
gene 1 3 26 2.28829 0 181 2.28829 1
gene 1 26 4 1.45148 0 198 1.45148 1
gene 3 1 7 1.62809 0 248 1.62809 1
gene 1 1 26 -0.491348 0 269 -0.491348 1
gene 3 3 7 -0.714896 0 304 -0.714896 1
genomeend 101

/* Organism #102 Fitness: 9 Error: 1 */
genomestart 102
trait 1 0.1 0 0 0 0 0 0 0 
trait 2 0.2 0 0 0 0 0.151875 0.401578 0 
trait 3 0.3 0 0 0 0 0 0 0 
node 1 2 1 3
node 2 1 1 1
node 3 1 1 1
node 4 2 0 2
node 7 1 0 0
node 26 3 0 0
gene 1 1 4 1.40907 0 1 1.40907 1
gene 3 2 4 -8 0 2 -8 1
gene 1 3 4 5.74178 0 3 5.74178 1
gene 2 2 7 4.41456 0 8 4.41456 0
gene 2 7 4 -4.44954 0 9 -4.44954 1
gene 2 2 26 -3.78233 0 64 -3.78233 1
gene 2 26 7 1.66662 0 65 1.66662 1
gene 1 3 26 5.61122 0 181 5.61122 1
gene 1 26 4 1.5483 0 198 1.5483 1
gene 3 1 7 3.73127 0 248 3.73127 1
gene 1 1 26 -0.656682 0 269 -0.656682 1
gene 3 3 7 -2.16443 0 304 -2.16443 1
genomeend 102

/* Species #20 : (Size 6) (AF 6.85911) (Age 18)  */


/* Organism #103 Fitness: 9 Error: 1 */
genomestart 103
trait 1 0.1 0 0 0 0 0 0 0 
trait 2 0.2 0 0 0 0 0 0 0 
trait 3 0.3 0 0 0 0 0 0 0 
node 1 1 1 3
node 2 1 1 1
node 3 1 1 1
node 4 1 0 2
node 7 1 0 0
node 62 1 0 0
node 80 1 0 0
gene 2 1 4 7.37069 0 1 7.37069 1
gene 2 2 4 -2.66913 0 2 -2.66913 1
gene 1 3 4 -8 0 3 -8 1
gene 2 2 7 -1.80631 0 8 -1.80631 1
gene 2 7 4 4.98474 0 9 4.98474 1
gene 3 1 7 3.20776 0 37 3.20776 1
gene 2 2 62 5.34005 0 172 5.34005 1
gene 2 62 7 -3.4011 0 173 -3.4011 1
gene 2 2 80 2.5865 0 222 2.5865 1
gene 2 80 62 1.06021 0 223 1.06021 1
gene 1 3 80 -3.99258 0 270 -3.99258 1
genomeend 103

/* Organism #104 Fitness: 3.99799 Error: 2.0005 */
genomestart 104
trait 1 0.1 0 0 0 0 0 0 0 
trait 2 0.2 0 0 0 0 0 0 0 
trait 3 0.3 0 0 0 0 0 0 0 
node 1 1 1 3
node 2 1 1 1
node 3 1 1 1
node 4 1 0 2
node 7 1 0 0
node 62 1 0 0
node 80 1 0 0
gene 2 1 4 5.27461 0 1 5.27461 1
gene 2 2 4 -3.73232 0 2 -3.73232 1
gene 1 3 4 1.91 0 3 1.91 1
gene 2 2 7 -4.2851 0 8 -4.2851 1
gene 2 7 4 3.84075 0 9 3.84075 1
gene 3 1 7 1.73334 0 37 1.73334 1
gene 2 2 62 -1.26583 0 172 -1.26583 1
gene 2 62 7 -4.07296 0 173 -4.07296 1
gene 2 2 80 -0.503937 0 222 -0.503937 1
gene 2 80 62 1.25149 0 223 1.25149 1
gene 1 3 80 0.257195 0 270 0.257195 1
genomeend 104

/* Organism #105 Fitness: 9 Error: 1 */
genomestart 105
trait 1 0.1 0 0 0 0 0 0 0 
trait 2 0.2 0 0 0 0 0 0 0 
trait 3 0.3 0 0 0 0 0 0 0 
node 1 1 1 3
node 2 1 1 1
node 3 1 1 1
node 4 1 0 2
node 7 1 0 0
node 62 1 0 0
node 80 1 0 0
gene 2 1 4 8 0 1 8 1
gene 2 2 4 -3.43962 0 2 -3.43962 1
gene 1 3 4 -8 0 3 -8 1
gene 2 2 7 -2.8787 0 8 -2.8787 1
gene 2 7 4 6.9331 0 9 6.9331 1
gene 3 1 7 2.04306 0 37 2.04306 1
gene 2 2 62 7.33301 0 172 7.33301 1
gene 2 62 7 -3.4523 0 173 -3.4523 1
gene 2 2 80 2.84796 0 222 2.84796 1
gene 2 80 62 1.06849 0 223 1.06849 1
gene 1 3 80 -4.57815 0 270 -4.57815 1
genomeend 105

/* Organism #106 Fitness: 9 Error: 1 */
genomestart 106
trait 1 0.1 0 0 0 0 0 0 0 
trait 2 0.2 0 0 0 0 0 0 0 
trait 3 0.3 0 0 0 0 0 0 0 
node 1 1 1 3
node 2 1 1 1
node 3 1 1 1
node 4 1 0 2
node 7 1 0 0
node 62 1 0 0
node 80 1 0 0
gene 3 1 4 7.37069 0 1 7.37069 1
gene 2 2 4 -3.74086 0 2 -3.74086 1
gene 1 3 4 -6.8889 0 3 -6.8889 1
gene 2 2 7 0.318613 0 8 0.318613 1
gene 2 7 4 4.45647 0 9 4.45647 1
gene 3 1 7 3.1571 0 37 3.1571 1
gene 2 2 62 3.10488 0 172 3.10488 1
gene 2 62 7 -5.88141 0 173 -5.88141 1
gene 2 2 80 -1.02725 0 222 -1.02725 1
gene 2 80 62 1.12613 0 223 1.12613 1
gene 1 3 80 -2.16964 0 270 -2.16964 1
genomeend 106

/* Organism #107 Fitness: 8.99834 Error: 1.00028 */
genomestart 107
trait 1 0.1 0 0 0 0 0 0 0 
trait 2 0.2 0 0 0 0 0 0 0 
trait 3 0 0 0.433271 0 0 0.663533 0.545763 0 
node 1 1 1 3
node 2 1 1 1
node 3 1 1 1
node 4 1 0 2
node 7 1 0 0
node 62 1 0 0
node 80 1 0 0
gene 2 1 4 6.68799 0 1 6.68799 1
gene 2 2 4 -0.376368 0 2 -0.376368 1
gene 1 3 4 -8 0 3 -8 1
gene 2 2 7 -2.36686 0 8 -2.36686 1
gene 2 7 4 4.76657 0 9 4.76657 1
gene 3 1 7 3.18804 0 37 3.18804 1
gene 2 2 62 4.45704 0 172 4.45704 1
gene 2 62 7 -1.88473 0 173 -1.88473 1
gene 2 2 80 2.68537 0 222 2.68537 1
gene 2 80 62 2.59995 0 223 2.59995 1
gene 1 3 80 1.3535 0 270 1.3535 1
genomeend 107

/* Organism #108 Fitness: 1.15832 Error: 2.92375 */
genomestart 108
trait 1 0.1 0 0 0 0 0 0 0 
trait 2 0.2 0 0 0 0 0 0 0 
trait 3 0.3 0 0 0 0 0 0 0 
node 1 1 1 3
node 2 1 1 1
node 3 1 1 1
node 4 1 0 2
node 7 1 0 0
node 62 1 0 0
node 80 1 0 0
gene 2 1 4 1.0313 0 1 1.0313 1
gene 2 2 4 -4.73792 0 2 -4.73792 1
gene 1 3 4 -8 0 3 -8 1
gene 2 2 7 -0.0109104 0 8 -0.0109104 1
gene 2 7 4 -0.670415 0 9 -0.670415 1
gene 3 1 7 1.96532 0 37 1.96532 1
gene 2 2 62 3.78792 0 172 3.78792 1
gene 2 62 7 -5.71923 0 173 -5.71923 1
gene 2 2 80 4.69982 0 222 4.69982 1
gene 2 80 62 -0.347758 0 223 -0.347758 1
gene 1 3 80 -4.75759 0 270 -4.75759 1
genomeend 108

/* Species #22 : (Size 5) (AF 7.86917) (Age 9)  */


/* Organism #109 Fitness: 8.99608 Error: 1.00065 */
genomestart 109
trait 1 0.1 0 0 0 0 0 0 0 
trait 2 0.2 0 0 0 0 0 0 0 
trait 3 0.3 0 0 0 0 0 0 0 
node 1 1 1 3
node 2 3 1 1
node 3 1 1 1
node 4 2 0 2
node 7 1 0 0
node 26 3 0 0
node 116 1 0 0
gene 2 1 4 5.00039 0 1 5.00039 1
gene 3 2 4 -3.42744 0 2 -3.42744 1
gene 1 3 4 -3.71241 0 3 -3.71241 1
gene 2 2 7 -0.998131 0 8 -0.998131 1
gene 2 7 4 -1.21364 0 9 -1.21364 0
gene 2 2 26 -3.79137 0 64 -3.79137 1
gene 2 26 7 3.06533 0 65 3.06533 1
gene 2 26 4 3.15252 0 243 3.15252 1
gene 3 3 26 -1.91404 0 324 -1.91404 1
gene 2 7 116 0.87083 0 341 0.87083 1
gene 2 116 4 1.26567 0 342 1.26567 1
genomeend 109

/* Organism #110 Fitness: 8.53755 Error: 1.07809 */
genomestart 110
trait 1 0.1 0 0 0 0 0 0 0 
trait 2 0.2 0 0 0 0 0 0 0 
trait 3 0.3 0 0 0 0 0 0 0 
node 1 1 1 3
node 2 3 1 1
node 3 1 1 1
node 4 2 0 2
node 7 1 0 0
node 26 3 0 0
node 116 1 0 0
gene 2 1 4 4.89083 0 1 4.89083 1
gene 3 2 4 -1.40956 0 2 -1.40956 1
gene 1 3 4 -4.50543 0 3 -4.50543 1
gene 2 2 7 -2.26244 0 8 -2.26244 1
gene 2 7 4 1.18487 0 9 1.18487 0
gene 2 2 26 -2.66089 0 64 -2.66089 1
gene 2 26 7 4.10716 0 65 4.10716 1
gene 2 26 4 3.84918 0 243 3.84918 1
gene 3 3 26 -0.326624 0 324 -0.326624 1
gene 2 7 116 0.0924558 0 341 0.0924558 1
gene 2 116 4 1.04411 0 342 1.04411 1
genomeend 110

/* Organism #111 Fitness: 4 Error: 2 */
genomestart 111
trait 1 0.1 0 0 0 0 0 0 0 
trait 2 0.2 0 0 0 0 0 0 0 
trait 3 0.3 0 0 0 0 0 0 0 
node 1 1 1 3
node 2 3 1 1
node 3 1 1 1
node 4 2 0 2
node 7 1 0 0
node 26 3 0 0
node 116 1 0 0
gene 2 1 4 6.10349 0 1 6.10349 1
gene 3 2 4 -1.2182 0 2 -1.2182 1
gene 1 3 4 -2.58429 0 3 -2.58429 1
gene 2 2 7 -0.998131 0 8 -0.998131 1
gene 2 7 4 -3.48178 0 9 -3.48178 0
gene 2 2 26 -3.57171 0 64 -3.57171 1
gene 2 26 7 1.72755 0 65 1.72755 1
gene 2 26 4 5.45376 0 243 5.45376 1
gene 3 3 26 -1.60901 0 324 -1.60901 1
gene 2 7 116 0.0978729 0 341 0.0978729 1
gene 2 116 4 2.54356 0 342 2.54356 1
genomeend 111

/* Organism #112 Fitness: 8.99548 Error: 1.00075 */
genomestart 112
trait 1 0.575814 0 0 0.419019 0 0 0 0.2378 
trait 2 0.2 0 0 0 0 0 0 0 
trait 3 0.3 0 0 0 0 0 0 0 
node 1 1 1 3
node 2 3 1 1
node 3 1 1 1
node 4 2 0 2
node 7 1 0 0
node 26 3 0 0
node 116 1 0 0
gene 2 1 4 5.00039 0 1 5.00039 1
gene 3 2 4 -3.42744 0 2 -3.42744 1
gene 1 3 4 -3.71241 0 3 -3.71241 1
gene 2 2 7 -0.998131 0 8 -0.998131 1
gene 2 7 4 -1.21364 0 9 -1.21364 1
gene 2 2 26 -3.79137 0 64 -3.79137 1
gene 2 26 7 3.06533 0 65 3.06533 1
gene 2 26 4 3.15252 0 243 3.15252 1
gene 3 3 26 -1.91404 0 324 -1.91404 1
gene 2 7 116 0.87083 0 341 0.87083 1
gene 2 116 4 1.26567 0 342 1.26567 1
genomeend 112

/* Organism #113 Fitness: 8.81674 Error: 1.0307 */
genomestart 113
trait 1 0.1 0 0 0 0 0 0 0 
trait 2 0.2 0 0 0 0 0 0 0 
trait 3 0.3 0 0 0 0 0 0 0 
node 1 1 1 3
node 2 3 1 1
node 3 1 1 1
node 4 2 0 2
node 7 1 0 0
node 26 3 0 0
node 116 1 0 0
gene 2 1 4 5.70827 0 1 5.70827 1
gene 3 2 4 -3.85386 0 2 -3.85386 1
gene 1 3 4 -5.41137 0 3 -5.41137 1
gene 2 2 7 -0.117748 0 8 -0.117748 1
gene 2 7 4 3.49474 0 9 3.49474 0
gene 2 2 26 -3.72346 0 64 -3.72346 1
gene 2 26 7 2.35746 0 65 2.35746 1
gene 2 26 4 -1.25726 0 243 -1.25726 1
gene 3 3 26 0.711539 0 324 0.711539 1
gene 2 7 116 0.74105 0 341 0.74105 1
gene 2 116 4 1.62481 0 342 1.62481 1
gene 1 26 116 2.70945 0 419 2.70945 1
genomeend 113

/* Species #23 : (Size 7) (AF 6.4215) (Age 9)  */


/* Organism #114 Fitness: 9 Error: 1 */
genomestart 114
trait 1 0.1 0 0 0 0 0 0 0 
trait 2 0.2 0 0 0 0 0 0 0 
trait 3 0.215754 0.202292 0 0.213301 0.114307 0 0 0.469695 
node 1 1 1 3
node 2 3 1 1
node 3 3 1 1
node 4 2 0 2
node 16 1 0 0
node 112 1 0 0
node 126 1 0 0
gene 2 1 4 -3.57281 0 1 -3.57281 1
gene 3 2 4 6.64628 0 2 6.64628 0
gene 2 3 4 -8 0 3 -8 1
gene 3 2 16 5.27141 0 35 5.27141 1
gene 3 16 4 8 0 36 8 1
gene 3 1 16 -3.89616 0 58 -3.89616 1
gene 1 3 16 -0.324503 0 184 -0.324503 0
gene 1 3 112 0.416562 0 327 0.416562 1
gene 1 112 16 0.731361 0 328 0.731361 1
gene 2 1 112 -2.14362 0 343 -2.14362 1
gene 3 2 112 0.0671102 0 356 0.0671102 0
gene 3 2 126 -0.28077 0 373 -0.28077 1
gene 3 126 112 0.183264 0 374 0.183264 1
genomeend 114

/* Organism #115 Fitness: 4.07741 Error: 1.98074 */
genomestart 115
trait 1 0.1 0 0 0 0 0 0 0 
trait 2 0.2 0 0 0 0 0 0 0 
trait 3 0.215754 0.202292 0 0.213301 0.114307 0 0 0.469695 
node 1 1 1 3
node 2 3 1 1
node 3 3 1 1
node 4 2 0 2
node 16 1 0 0
node 112 1 0 0
node 126 1 0 0
gene 2 1 4 -4.43351 0 1 -4.43351 1
gene 3 2 4 8 0 2 8 0
gene 2 3 4 -5.93649 0 3 -5.93649 1
gene 3 2 16 2.92049 0 35 2.92049 1
gene 3 16 4 5.77085 0 36 5.77085 1
gene 3 1 16 -2.81245 0 58 -2.81245 1
gene 1 3 16 -0.181906 0 184 -0.181906 0
gene 1 3 112 2.87902 0 327 2.87902 1
gene 1 112 16 1.24712 0 328 1.24712 0
gene 2 1 112 -4.22956 0 343 -4.22956 1
gene 3 2 112 1.48592 0 356 1.48592 0
gene 3 2 126 -1.5453 0 373 -1.5453 1
gene 3 126 112 1.47923 0 374 1.47923 1
genomeend 115

/* Organism #116 Fitness: 8.99998 Error: 1 */
genomestart 116
trait 1 0.1 0 0 0 0 0 0 0 
trait 2 0.650697 0.360637 0 0.694052 0 0 0.0204474 0 
trait 3 0.215754 0.202292 0 0.213301 0.114307 0 0 0.469695 
node 1 1 1 3
node 2 3 1 1
node 3 3 1 1
node 4 2 0 2
node 16 1 0 0
node 112 1 0 0
node 126 1 0 0
node 139 1 0 0
gene 2 1 4 -2.6291 0 1 -2.6291 1
gene 3 2 4 7.52994 0 2 7.52994 0
gene 2 3 4 -7.78889 0 3 -7.78889 1
gene 3 2 16 7.2896 0 35 7.2896 1
gene 3 16 4 7.58029 0 36 7.58029 1
gene 3 1 16 -1.43294 0 58 -1.43294 1
gene 1 3 16 1.22195 0 184 1.22195 0
gene 1 3 112 0.96498 0 327 0.96498 1
gene 1 112 16 2.3554 0 328 2.3554 0
gene 2 1 112 -3.01111 0 343 -3.01111 1
gene 3 2 112 -2.23032 0 356 -2.23032 0
gene 3 2 126 -2.14621 0 373 -2.14621 1
gene 3 126 112 1.12651 0 374 1.12651 1
gene 1 112 139 -0.975005 0 420 -0.975005 1
gene 1 139 16 0.676656 0 421 0.676656 1
genomeend 116

/* Organism #117 Fitness: 4.00037 Error: 1.99991 */
genomestart 117
trait 1 0.1 0 0 0 0 0 0 0 
trait 2 0.2 0 0 0 0 0 0 0 
trait 3 0.215754 0.202292 0 0.213301 0.114307 0 0 0.469695 
node 1 1 1 3
node 2 3 1 1
node 3 1 1 1
node 4 2 0 2
node 16 1 0 0
node 112 1 0 0
node 126 1 0 0
node 139 1 0 0
gene 2 1 4 -3.77836 0 1 -3.77836 1
gene 3 2 4 6.64628 0 2 6.64628 0
gene 2 3 4 -8 0 3 -8 1
gene 3 2 16 5.27141 0 35 5.27141 1
gene 3 16 4 6.56815 0 36 6.56815 1
gene 3 1 16 -1.70371 0 58 -1.70371 1
gene 1 3 16 0.861064 0 184 0.861064 0
gene 1 3 112 1.13086 0 327 1.13086 1
gene 1 112 16 -0.664022 0 328 -0.664022 0
gene 2 1 112 -1.02489 0 343 -1.02489 1
gene 3 2 112 2.18456 0 356 2.18456 0
gene 2 2 126 -1.97432 0 373 -1.97432 1
gene 3 126 112 2.28545 0 374 2.28545 1
gene 1 112 139 2.73688 0 420 2.73688 1
gene 1 139 16 2.07601 0 421 2.07601 1
genomeend 117

/* Organism #118 Fitness: 5.87271 Error: 1.57663 */
genomestart 118
trait 1 0.1 0 0 0 0 0 0 0 
trait 2 0.2 0 0 0 0 0 0 0 
trait 3 0.215754 0.202292 0 0.213301 0.114307 0 0 0.469695 
node 1 1 1 3
node 2 3 1 1
node 3 3 1 1
node 4 2 0 2
node 16 1 0 0
node 112 1 0 0
node 126 1 0 0
gene 2 1 4 -5.66211 0 1 -5.66211 1
gene 3 2 4 7.52628 0 2 7.52628 0
gene 2 3 4 -2.27515 0 3 -2.27515 1
gene 3 2 16 5.27141 0 35 5.27141 1
gene 3 16 4 8 0 36 8 1
gene 3 1 16 -1.41531 0 58 -1.41531 1
gene 1 3 16 2.1417 0 184 2.1417 0
gene 1 3 112 -0.56888 0 327 -0.56888 1
gene 1 112 16 -0.270791 0 328 -0.270791 1
gene 2 1 112 -2.14362 0 343 -2.14362 1
gene 3 2 112 0.0671102 0 356 0.0671102 0
gene 3 2 126 -2.28759 0 373 -2.28759 1
gene 3 126 112 1.64357 0 374 1.64357 1
genomeend 118

/* Organism #119 Fitness: 9 Error: 1 */
genomestart 119
trait 1 0.1 0 0 0 0 0 0 0 
trait 2 0.2 0 0 0 0 0 0 0 
trait 3 0.215754 0.202292 0 0.213301 0.114307 0 0 0.469695 
node 1 1 1 3
node 2 3 1 1
node 3 3 1 1
node 4 2 0 2
node 16 1 0 0
node 112 1 0 0
node 126 1 0 0
gene 2 1 4 -3.57281 0 1 -3.57281 1
gene 3 2 4 6.64628 0 2 6.64628 0
gene 2 3 4 -8 0 3 -8 1
gene 3 2 16 5.27141 0 35 5.27141 1
gene 3 16 4 8 0 36 8 1
gene 3 1 16 -3.89616 0 58 -3.89616 1
gene 1 3 16 -0.324503 0 184 -0.324503 0
gene 1 3 112 0.416562 0 327 0.416562 1
gene 1 112 16 0.731361 0 328 0.731361 1
gene 2 1 112 -2.14362 0 343 -2.14362 1
gene 3 2 112 0.0671102 0 356 0.0671102 0
gene 3 2 126 -0.28077 0 373 -0.28077 1
gene 3 126 112 0.183264 0 374 0.183264 1
genomeend 119

/* Organism #120 Fitness: 4 Error: 2 */
genomestart 120
trait 1 0.1 0 0 0 0 0 0 0 
trait 2 0.2 0 0 0 0 0 0 0 
trait 3 0.215754 0.202292 0 0.213301 0.114307 0 0 0.469695 
node 1 1 1 3
node 2 3 1 1
node 3 3 1 1
node 4 2 0 2
node 16 1 0 0
node 112 1 0 0
node 126 1 0 0
gene 2 1 4 -4.20386 0 1 -4.20386 1
gene 3 2 4 6.71548 0 2 6.71548 1
gene 2 3 4 -6.69579 0 3 -6.69579 1
gene 3 2 16 5.21892 0 35 5.21892 1
gene 3 16 4 8 0 36 8 1
gene 3 1 16 -2.65551 0 58 -2.65551 1
gene 1 3 16 -0.312754 0 184 -0.312754 0
gene 1 3 112 -1.34825 0 327 -1.34825 1
gene 1 112 16 0.66834 0 328 0.66834 1
gene 2 1 112 -1.45695 0 343 -1.45695 1
gene 3 2 112 -1.18903 0 356 -1.18903 1
gene 3 2 126 -1.68302 0 373 -1.68302 1
gene 3 126 112 0.183264 0 374 0.183264 1
genomeend 120

/* Species #24 : (Size 8) (AF 7.68651) (Age 7)  */


/* Organism #121 Fitness: 9 Error: 1 */
genomestart 121
trait 1 0.894641 0 0 0.161107 0.13596 0 0 0 
trait 2 0.2 0 0 0 0 0 0 0 
trait 3 0.3595 0.101945 1 0.194525 0 0.379338 0.88533 0 
node 1 1 1 3
node 2 3 1 1
node 3 2 1 1
node 4 2 0 2
node 9 1 0 0
node 44 1 0 0
node 48 1 0 0
node 72 3 0 0
node 122 1 0 0
gene 2 1 4 -0.455412 0 1 -0.455412 1
gene 2 2 4 7.7871 0 2 7.7871 1
gene 1 3 4 4.62609 0 3 4.62609 1
gene 1 3 9 -2.56813 0 12 -2.56813 1
gene 1 9 4 -5.80752 0 13 -5.80752 1
gene 2 2 44 -6.4618 0 119 -6.4618 1
gene 2 44 4 -5.88756 0 120 -5.88756 1
gene 1 9 48 -5.25267 0 132 -5.25267 1
gene 1 48 4 7.90587 0 133 7.90587 0
gene 2 2 72 -5.72253 0 202 -5.72253 1
gene 2 72 44 -5.75411 0 203 -5.75411 1
gene 1 1 72 -1.23676 0 237 -1.23676 1
gene 1 48 122 1.67814 0 363 1.67814 1
gene 1 122 4 4.53449 0 364 4.53449 1
genomeend 121

/* Organism #122 Fitness: 3.95094 Error: 2.0123 */
genomestart 122
trait 1 0.894641 0 0 0.161107 0.13596 0 0 0 
trait 2 0.2 0 0 0 0 0 0 0 
trait 3 0.3595 0.101945 1 0.194525 0 0.379338 0.88533 0 
node 1 1 1 3
node 2 3 1 1
node 3 2 1 1
node 4 1 0 2
node 9 1 0 0
node 44 1 0 0
node 48 1 0 0
node 72 3 0 0
node 122 1 0 0
gene 2 1 4 -2.75101 0 1 -2.75101 1
gene 2 2 4 7.7871 0 2 7.7871 1
gene 1 3 4 2.28745 0 3 2.28745 1
gene 1 3 9 -2.56813 0 12 -2.56813 1
gene 1 9 4 -7.18795 0 13 -7.18795 1
gene 2 2 44 -2.01712 0 119 -2.01712 1
gene 2 44 4 -5.88756 0 120 -5.88756 1
gene 1 9 48 -4.28073 0 132 -4.28073 1
gene 1 48 4 -1.74581 0 133 -1.74581 0
gene 2 2 72 -4.63446 0 202 -4.63446 1
gene 2 72 44 1.15375 0 203 1.15375 1
gene 1 1 72 -1.23676 0 237 -1.23676 1
gene 1 48 122 -0.578784 0 363 -0.578784 1
gene 1 122 4 -1.10248 0 364 -1.10248 1
genomeend 122

/* Organism #123 Fitness: 3.62058 Error: 2.09722 */
genomestart 123
trait 1 0.894641 0.179556 0 0.580554 0.205863 0 0 0 
trait 2 0.2 0 0 0 0 0 0 0 
trait 3 0.384274 0.101945 0.81324 0.183088 0.0448164 0.379338 0.696328 0 
node 1 1 1 3
node 2 3 1 1
node 3 2 1 1
node 4 2 0 2
node 9 1 0 0
node 44 1 0 0
node 48 1 0 0
node 72 3 0 0
node 122 1 0 0
gene 2 1 4 -1.6625 0 1 -1.6625 1
gene 2 2 4 3.78278 0 2 3.78278 1
gene 1 3 4 -0.930738 0 3 -0.930738 1
gene 1 3 9 0.848731 0 12 0.848731 1
gene 1 9 4 -5.80798 0 13 -5.80798 0
gene 2 2 44 -5.16385 0 119 -5.16385 1
gene 2 44 4 -5.89296 0 120 -5.89296 1
gene 1 9 48 -1.28964 0 132 -1.28964 1
gene 1 48 4 5.82594 0 133 5.82594 0
gene 2 2 72 -5.37143 0 202 -5.37143 1
gene 2 72 44 -0.880001 0 203 -0.880001 1
gene 1 1 72 0.592936 0 237 0.592936 1
gene 1 48 122 -0.77662 0 363 -0.77662 1
gene 1 122 4 6.28854 0 364 6.28854 1
genomeend 123

/* Organism #124 Fitness: 8.99966 Error: 1.00006 */
genomestart 124
trait 1 0.894641 0.0897778 0 0.37083 0.170911 0 0 0 
trait 2 0.2 0 0 0 0 0 0 0 
trait 3 0.371887 0.101945 0.90662 0.188807 0.0224082 0.379338 0.790829 0 
node 1 1 1 3
node 2 3 1 1
node 3 2 1 1
node 4 2 0 2
node 9 1 0 0
node 44 1 0 0
node 48 1 0 0
node 72 3 0 0
node 122 1 0 0
gene 2 1 4 -1.46283 0 1 -1.46283 1
gene 2 2 4 6.99508 0 2 6.99508 1
gene 1 3 4 4.48966 0 3 4.48966 1
gene 1 3 9 -2.04832 0 12 -2.04832 1
gene 1 9 4 -4.78977 0 13 -4.78977 0
gene 2 2 44 -4.87938 0 119 -4.87938 1
gene 2 44 4 -5.60259 0 120 -5.60259 1
gene 1 9 48 -4.80006 0 132 -4.80006 1
gene 1 48 4 7.42737 0 133 7.42737 0
gene 2 2 72 -5.54698 0 202 -5.54698 1
gene 2 72 44 -4.28117 0 203 -4.28117 1
gene 1 1 72 -1.01705 0 237 -1.01705 1
gene 1 48 122 1.46849 0 363 1.46849 1
gene 1 122 4 4.16858 0 364 4.16858 1
genomeend 124

/* Organism #125 Fitness: 9 Error: 1 */
genomestart 125
trait 1 0.894641 0.179556 0 0.580554 0.205863 0 0 0 
trait 2 0.2 0 0 0 0 0 0 0 
trait 3 0.384274 0.101945 0.81324 0.183088 0.0448164 0.379338 0.696328 0 
node 1 1 1 3
node 2 3 1 1
node 3 2 1 1
node 4 2 0 2
node 9 1 0 0
node 44 1 0 0
node 48 1 0 0
node 72 3 0 0
node 122 1 0 0
gene 2 1 4 -2.47024 0 1 -2.47024 1
gene 2 2 4 6.20305 0 2 6.20305 1
gene 1 3 4 4.35323 0 3 4.35323 1
gene 1 3 9 -1.52851 0 12 -1.52851 1
gene 1 9 4 -3.77201 0 13 -3.77201 1
gene 2 2 44 -3.29695 0 119 -3.29695 1
gene 2 44 4 -5.31761 0 120 -5.31761 1
gene 1 9 48 -4.34745 0 132 -4.34745 1
gene 1 48 4 6.94886 0 133 6.94886 0
gene 2 2 72 -5.37143 0 202 -5.37143 1
gene 2 72 44 -2.80824 0 203 -2.80824 1
gene 1 1 72 -0.797334 0 237 -0.797334 1
gene 1 48 122 1.25884 0 363 1.25884 1
gene 1 122 4 3.80266 0 364 3.80266 1
genomeend 125

/* Organism #126 Fitness: 9 Error: 1 */
genomestart 126
trait 1 0.894641 0.179556 0 0.580554 0.205863 0 0 0 
trait 2 0.2 0 0 0 0 0 0 0 
trait 3 0.384274 0.101945 0.81324 0.183088 0.0448164 0.379338 0.696328 0 
node 1 1 1 3
node 2 3 1 1
node 3 2 1 1
node 4 2 0 2
node 9 1 0 0
node 44 1 0 0
node 48 1 0 0
node 72 3 0 0
node 122 1 0 0
gene 2 1 4 -3.25007 0 1 -3.25007 1
gene 2 2 4 4.68781 0 2 4.68781 1
gene 1 3 4 5.10185 0 3 5.10185 1
gene 1 3 9 -2.47313 0 12 -2.47313 1
gene 1 9 4 -2.80671 0 13 -2.80671 0
gene 2 2 44 -4.05122 0 119 -4.05122 1
gene 2 44 4 -3.31514 0 120 -3.31514 1
gene 1 9 48 -5.1578 0 132 -5.1578 1
gene 1 48 4 4.83508 0 133 4.83508 1
gene 2 2 72 -7.25885 0 202 -7.25885 1
gene 2 72 44 -0.916089 0 203 -0.916089 1
gene 1 1 72 -1.28021 0 237 -1.28021 1
gene 1 48 122 0.783509 0 363 0.783509 1
gene 1 122 4 3.80266 0 364 3.80266 1
genomeend 126

/* Organism #127 Fitness: 8.92258 Error: 1.01293 */
genomestart 127
trait 1 0.894641 0.179556 0 0.580554 0.205863 0 0 0 
trait 2 0.2 0 0 0 0 0 0 0 
trait 3 0.384274 0.101945 0.81324 0.183088 0.0448164 0.379338 0.696328 0 
node 1 1 1 3
node 2 3 1 1
node 3 2 1 1
node 4 2 0 2
node 9 1 0 0
node 44 1 0 0
node 48 1 0 0
node 72 3 0 0
node 122 1 0 0
gene 2 1 4 -4.17302 0 1 -4.17302 1
gene 2 2 4 6.17063 0 2 6.17063 1
gene 1 3 4 3.02667 0 3 3.02667 1
gene 1 3 9 0.199373 0 12 0.199373 1
gene 1 9 4 -2.2586 0 13 -2.2586 0
gene 2 2 44 -4.22708 0 119 -4.22708 1
gene 2 44 4 -3.71646 0 120 -3.71646 1
gene 1 9 48 -6.05443 0 132 -6.05443 1
gene 1 48 4 5.05519 0 133 5.05519 0
gene 2 2 72 -5.25904 0 202 -5.25904 1
gene 2 72 44 -0.466018 0 203 -0.466018 1
gene 1 1 72 1.60249 0 237 1.60249 1
gene 1 48 122 1.25884 0 363 1.25884 1
gene 1 122 4 4.73531 0 364 4.73531 1
genomeend 127

/* Organism #128 Fitness: 8.99836 Error: 1.00027 */
genomestart 128
trait 1 0.894641 0.179556 0 0.580554 0.205863 0 0 0 
trait 2 0.2 0 0 0 0 0 0 0 
trait 3 0.384274 0.101945 0.81324 0.183088 0.0448164 0.379338 0.696328 0 
node 1 1 1 3
node 2 3 1 1
node 3 2 1 1
node 4 2 0 2
node 9 1 0 0
node 44 1 0 0
node 48 1 0 0
node 72 3 0 0
node 122 1 0 0
gene 2 1 4 -3.23313 0 1 -3.23313 1
gene 2 2 4 6.95465 0 2 6.95465 1
gene 1 3 4 2.16689 0 3 2.16689 1
gene 1 3 9 -1.95813 0 12 -1.95813 1
gene 1 9 4 -4.20972 0 13 -4.20972 0
gene 2 2 44 -1.7766 0 119 -1.7766 1
gene 2 44 4 -6.95424 0 120 -6.95424 1
gene 1 9 48 -5.96547 0 132 -5.96547 1
gene 1 48 4 5.99081 0 133 5.99081 0
gene 2 2 72 -4.81065 0 202 -4.81065 1
gene 2 72 44 -1.22074 0 203 -1.22074 1
gene 1 1 72 -0.0050737 0 237 -0.0050737 1
gene 1 48 122 2.61271 0 363 2.61271 1
gene 1 122 4 3.80266 0 364 3.80266 1
genomeend 128

/* Species #25 : (Size 1) (AF 8.99994) (Age 2)  */


/* Organism #129 Fitness: 8.99994 Error: 1.00001 */
genomestart 129
trait 1 0.1 0 0 0 0 0 0 0 
trait 2 0.2 0 0 0 0 0 0 0 
trait 3 0.3 0 0 0 0 0 0 0 
node 1 1 1 3
node 2 3 1 1
node 3 1 1 1
node 4 2 0 2
node 7 1 0 0
node 26 3 0 0
node 132 1 0 0
gene 2 1 4 4.13695 0 1 4.13695 1
gene 3 2 4 -3.56927 0 2 -3.56927 1
gene 1 3 4 -4.91613 0 3 -4.91613 1
gene 2 2 7 0.378712 0 8 0.378712 1
gene 2 7 4 1.67363 0 9 1.67363 1
gene 3 2 26 -1.45937 0 64 -1.45937 1
gene 2 26 7 3.75429 0 65 3.75429 0
gene 2 26 4 4.02969 0 243 4.02969 1
gene 2 26 132 1 0 391 0 1
gene 2 132 7 3.75429 0 392 0 1
gene 2 1 26 0.0306711 0 404 0.0306711 1
gene 3 132 4 0.262734 0 411 0.262734 1
gene 2 3 132 -0.563311 0 435 -0.563311 1
genomeend 129

/* Species #26 : (Size 9) (AF 5.48611) (Age 2)  */


/* Organism #130 Fitness: 8.99989 Error: 1.00002 */
genomestart 130
trait 1 0.1 0 0 0 0 0 0 0 
trait 2 0.2 0 0 0 0 0 0 0 
trait 3 0.3 0 0 0 0 0 0 0 
node 1 1 1 3
node 2 3 1 1
node 3 1 1 1
node 4 2 0 2
node 7 1 0 0
node 26 3 0 0
node 132 1 0 0
node 138 1 0 0
gene 2 1 4 4.13695 0 1 4.13695 1
gene 3 2 4 -3.56927 0 2 -3.56927 1
gene 1 3 4 -4.91613 0 3 -4.91613 1
gene 2 2 7 0.378712 0 8 0.378712 1
gene 2 7 4 1.67363 0 9 1.67363 1
gene 3 2 26 -1.45937 0 64 -1.45937 1
gene 2 26 7 3.75429 0 65 3.75429 0
gene 2 26 4 4.02969 0 243 4.02969 1
gene 2 26 132 1 0 391 0 0
gene 2 132 7 3.75429 0 392 0 1
gene 2 26 138 1 0 412 0 1
gene 2 138 132 1 0 413 0 1
genomeend 130

/* Organism #131 Fitness: 5.01364 Error: 1.76088 */
genomestart 131
trait 1 0.1 0 0 0 0 0 0 0 
trait 2 0.2 0 0 0 0 0 0 0 
trait 3 0.3 0 0 0 0 0 0 0 
node 1 1 1 3
node 2 3 1 1
node 3 1 1 1
node 4 2 0 2
node 7 1 0 0
node 26 3 0 0
node 132 1 0 0
node 138 1 0 0
gene 2 1 4 4.68277 0 1 4.68277 1
gene 3 2 4 -2.37768 0 2 -2.37768 1
gene 1 3 4 -4.1949 0 3 -4.1949 1
gene 2 2 7 -0.947928 0 8 -0.947928 1
gene 2 7 4 2.15536 0 9 2.15536 1
gene 3 2 26 -1.31609 0 64 -1.31609 1
gene 2 26 7 2.99331 0 65 2.99331 0
gene 2 26 4 1.66642 0 243 1.66642 1
gene 2 26 132 -0.233177 0 391 -0.233177 0
gene 2 132 7 1.81247 0 392 1.81247 1
gene 2 26 138 -1.00902 0 412 -1.00902 1
gene 2 138 132 1.84973 0 413 1.84973 1
genomeend 131

/* Organism #132 Fitness: 1.00154 Error: 2.99923 */
genomestart 132
trait 1 0.1 0 0 0 0 0 0 0 
trait 2 0.2 0 0 0 0 0 0 0 
trait 3 0.3 0 0 0 0 0 0 0 
node 1 1 1 3
node 2 3 1 1
node 3 1 1 1
node 4 2 0 2
node 7 1 0 0
node 26 3 0 0
node 132 1 0 0
node 138 1 0 0
gene 2 1 4 2.23992 0 1 2.23992 1
gene 3 2 4 -4.95871 0 2 -4.95871 1
gene 1 3 4 -7.31595 0 3 -7.31595 1
gene 2 2 7 -0.7874 0 8 -0.7874 1
gene 2 7 4 1.14253 0 9 1.14253 1
gene 3 2 26 -0.57487 0 64 -0.57487 1
gene 2 26 7 4.02529 0 65 4.02529 0
gene 2 26 4 2.16318 0 243 2.16318 1
gene 2 26 132 1.77441 0 391 1.77441 0
gene 2 132 7 4.60247 0 392 4.60247 1
gene 2 26 138 1.52394 0 412 1.52394 1
gene 2 138 132 0.978118 0 413 0.978118 1
genomeend 132

/* Organism #133 Fitness: 4.61219 Error: 1.8524 */
genomestart 133
trait 1 0.1 0 0 0 0 0 0 0 
trait 2 0.2 0 0 0 0 0 0 0 
trait 3 0.3 0 0 0 0 0 0 0 
node 1 1 1 3
node 2 3 1 1
node 3 1 1 1
node 4 2 0 2
node 7 1 0 0
node 26 3 0 0
node 132 1 0 0
node 138 1 0 0
gene 2 1 4 5.6126 0 1 5.6126 1
gene 3 2 4 -4.31118 0 2 -4.31118 1
gene 1 3 4 -2.61984 0 3 -2.61984 1
gene 2 2 7 -1.21313 0 8 -1.21313 1
gene 2 7 4 2.16239 0 9 2.16239 1
gene 3 2 26 -1.19205 0 64 -1.19205 1
gene 2 26 7 2.83293 0 65 2.83293 0
gene 2 26 4 2.71931 0 243 2.71931 1
gene 2 26 132 1.67791 0 391 1.67791 0
gene 2 132 7 1.46014 0 392 1.46014 1
gene 2 26 138 2.04007 0 412 2.04007 1
gene 2 138 132 3.09059 0 413 3.09059 1
genomeend 133

/* Organism #134 Fitness: 8.76663 Error: 1.03915 */
genomestart 134
trait 1 0.1 0 0 0 0 0 0 0 
trait 2 0.2 0 0 0 0 0 0 0 
trait 3 0.3 0 0 0 0 0 0 0 
node 1 1 1 3
node 2 3 1 1
node 3 1 1 1
node 4 2 0 2
node 7 1 0 0
node 26 3 0 0
node 132 1 0 0
node 138 1 0 0
gene 2 1 4 4.48372 0 1 4.48372 1
gene 3 2 4 -2.63556 0 2 -2.63556 1
gene 1 3 4 -6.50935 0 3 -6.50935 1
gene 2 2 7 2.85453 0 8 2.85453 1
gene 2 7 4 0.0646897 0 9 0.0646897 1
gene 3 2 26 -1.60601 0 64 -1.60601 1
gene 2 26 7 2.43909 0 65 2.43909 0
gene 2 26 4 5.28729 0 243 5.28729 1
gene 2 26 132 -0.231803 0 391 -0.231803 0
gene 2 132 7 1.89052 0 392 1.89052 1
gene 2 26 138 3.44041 0 412 3.44041 1
gene 2 138 132 -2.08434 0 413 -2.08434 1
genomeend 134

/* Organism #135 Fitness: 4.00371 Error: 1.99907 */
genomestart 135
trait 1 0.1 0 0 0 0 0 0 0 
trait 2 0.2 0 0 0 0 0 0 0 
trait 3 0.3 0 0 0 0 0 0 0 
node 1 1 1 3
node 2 3 1 1
node 3 1 1 1
node 4 2 0 2
node 7 1 0 0
node 26 3 0 0
node 132 1 0 0
node 138 1 0 0
gene 2 1 4 5.06227 0 1 5.06227 1
gene 3 2 4 -2.61313 0 2 -2.61313 1
gene 1 3 4 -1.06693 0 3 -1.06693 1
gene 2 2 7 -0.794496 0 8 -0.794496 1
gene 2 7 4 1.60748 0 9 1.60748 1
gene 3 2 26 -2.53973 0 64 -2.53973 1
gene 2 26 7 1.49821 0 65 1.49821 0
gene 2 26 4 6.40358 0 243 6.40358 1
gene 2 26 132 -1.09723 0 391 -1.09723 0
gene 2 132 7 5.73357 0 392 5.73357 1
gene 2 26 138 3.49252 0 412 3.49252 1
gene 2 138 132 -2.28423 0 413 -2.28423 1
genomeend 135

/* Organism #136 Fitness: 3.99192 Error: 2.00202 */
genomestart 136
trait 1 0.1 0 0 0 0 0 0 0 
trait 2 0.2 0 0 0 0 0 0 0 
trait 3 0.3 0 0 0 0 0 0 0 
node 1 1 1 3
node 2 3 1 1
node 3 1 1 1
node 4 2 0 2
node 7 1 0 0
node 26 3 0 0
node 132 1 0 0
node 138 1 0 0
gene 2 1 4 -1.8511 0 1 -1.8511 1
gene 3 2 4 -0.147786 0 2 -0.147786 1
gene 1 3 4 -6.9933 0 3 -6.9933 1
gene 2 2 7 -1.86295 0 8 -1.86295 1
gene 2 7 4 1.34738 0 9 1.34738 1
gene 3 2 26 2.12142 0 64 2.12142 1
gene 2 26 7 5.62935 0 65 5.62935 0
gene 2 26 4 6.3858 0 243 6.3858 1
gene 2 26 132 1.58504 0 391 1.58504 0
gene 2 132 7 3.92824 0 392 3.92824 1
gene 2 26 138 2.38386 0 412 2.38386 1
gene 2 138 132 2.45407 0 413 2.45407 1
genomeend 136

/* Organism #137 Fitness: 3.99364 Error: 2.00159 */
genomestart 137
trait 1 0.1 0 0 0 0 0 0 0 
trait 2 0.2 0 0 0 0 0 0 0 
trait 3 0.3 0 0 0 0 0 0 0 
node 1 1 1 3
node 2 3 1 1
node 3 1 1 1
node 4 2 0 2
node 7 1 0 0
node 26 3 0 0
node 132 1 0 0
node 138 1 0 0
gene 2 1 4 -0.315867 0 1 -0.315867 1
gene 3 2 4 -3.99386 0 2 -3.99386 1
gene 1 3 4 -0.996735 0 3 -0.996735 1
gene 2 2 7 0.990226 0 8 0.990226 1
gene 2 7 4 -0.573986 0 9 -0.573986 1
gene 3 2 26 -3.00781 0 64 -3.00781 1
gene 2 26 7 3.75429 0 65 3.75429 0
gene 2 26 4 6.38298 0 243 6.38298 1
gene 2 26 132 0.801782 0 391 0.801782 0
gene 2 132 7 1.87702 0 392 1.87702 1
gene 2 26 138 -1.13729 0 412 -1.13729 1
gene 2 138 132 1.8858 0 413 1.8858 1
genomeend 137

/* Organism #138 Fitness: 8.99185 Error: 1.00136 */
genomestart 138
trait 1 0.1 0 0 0 0 0 0 0 
trait 2 0.2 0 0 0 0 0 0 0 
trait 3 0.3 0 0 0 0 0 0 0 
node 1 1 1 3
node 2 3 1 1
node 3 1 1 1
node 4 2 0 2
node 7 1 0 0
node 26 3 0 0
node 132 1 0 0
node 138 1 0 0
gene 2 1 4 3.55984 0 1 3.55984 1
gene 3 2 4 -4.89309 0 2 -4.89309 1
gene 1 3 4 -3.54608 0 3 -3.54608 1
gene 2 2 7 2.84713 0 8 2.84713 1
gene 2 7 4 3.53617 0 9 3.53617 1
gene 3 2 26 -2.37523 0 64 -2.37523 1
gene 2 26 7 -0.567415 0 65 -0.567415 0
gene 2 26 4 5.97586 0 243 5.97586 1
gene 2 26 132 -1.06755 0 391 -1.06755 0
gene 2 132 7 2.25446 0 392 2.25446 1
gene 2 26 138 -0.379589 0 412 -0.379589 1
gene 2 138 132 -0.492508 0 413 -0.492508 1
genomeend 138

/* Species #27 : (Size 9) (AF 6.30546) (Age 2)  */


/* Organism #139 Fitness: 8.99889 Error: 1.00018 */
genomestart 139
trait 1 0.1 0 0 0 0 0 0 0 
trait 2 0.2 0 0 0 0 0 0 0 
trait 3 0.3 0 0 0 0 0 0 0 
node 1 1 1 3
node 2 3 1 1
node 3 1 1 1
node 4 2 0 2
node 7 1 0 0
node 33 1 0 0
gene 2 1 4 3.06402 0 1 3.06402 1
gene 2 2 4 -0.248726 0 2 -0.248726 1
gene 1 3 4 -8 0 3 -8 1
gene 2 2 7 -3.15279 0 8 -3.15279 1
gene 2 7 4 6.0192 0 9 6.0192 1
gene 2 1 7 4.29479 0 37 4.29479 1
gene 1 3 7 -0.595325 0 63 -0.595325 1
gene 2 2 33 3.90632 0 85 3.90632 1
gene 2 33 7 -1.49701 0 86 -1.49701 1
gene 2 3 33 -0.671636 0 329 -0.671636 1
gene 2 33 4 1.5813 0 380 1.5813 1
gene 2 1 33 0.605548 0 414 0.605548 1
genomeend 139

/* Organism #140 Fitness: 3.9966 Error: 2.00085 */
genomestart 140
trait 1 0.1 0 0 0 0 0 0 0 
trait 2 0.2 0 0 0 0 0 0 0 
trait 3 0.3 0 0 0 0 0 0 0 
node 1 1 1 3
node 2 3 1 1
node 3 1 1 1
node 4 2 0 2
node 7 1 0 0
node 33 1 0 0
gene 2 1 4 4.31978 0 1 4.31978 1
gene 2 2 4 -0.0438704 0 2 -0.0438704 1
gene 1 3 4 -7.58724 0 3 -7.58724 1
gene 2 2 7 -0.699561 0 8 -0.699561 1
gene 2 7 4 4.70232 0 9 4.70232 1
gene 2 1 7 2.87164 0 37 2.87164 1
gene 1 3 7 0.688971 0 63 0.688971 1
gene 2 2 33 3.99551 0 85 3.99551 1
gene 2 33 7 0.724586 0 86 0.724586 1
gene 1 3 33 -2.64962 0 329 -2.64962 1
gene 2 33 4 3.51328 0 380 3.51328 1
gene 2 1 33 0.931104 0 414 0.931104 1
genomeend 140

/* Organism #141 Fitness: 8.99889 Error: 1.00018 */
genomestart 141
trait 1 0.1 0 0 0 0 0 0 0 
trait 2 0.2 0 0 0 0 0 0 0 
trait 3 0.3 0 0 0 0 0 0 0 
node 1 1 1 3
node 2 3 1 1
node 3 1 1 1
node 4 2 0 2
node 7 1 0 0
node 33 1 0 0
gene 2 1 4 3.06402 0 1 3.06402 1
gene 2 2 4 -0.248726 0 2 -0.248726 1
gene 1 3 4 -8 0 3 -8 1
gene 2 2 7 -3.15279 0 8 -3.15279 1
gene 2 7 4 6.0192 0 9 6.0192 1
gene 2 1 7 4.29479 0 37 4.29479 1
gene 1 3 7 -0.595325 0 63 -0.595325 1
gene 2 2 33 3.90632 0 85 3.90632 1
gene 2 33 7 -1.49701 0 86 -1.49701 1
gene 2 3 33 -0.671636 0 329 -0.671636 1
gene 2 33 4 1.5813 0 380 1.5813 1
gene 2 1 33 0.605548 0 414 0.605548 1
genomeend 141

/* Organism #142 Fitness: 8.99999 Error: 1 */
genomestart 142
trait 1 0.1 0 0 0 0 0 0 0 
trait 2 0.2 0 0 0 0 0 0 0 
trait 3 0.3 0 0 0 0 0 0 0 
node 1 1 1 3
node 2 3 1 1
node 3 1 1 1
node 4 2 0 2
node 7 1 0 0
node 33 1 0 0
gene 2 1 4 3.99354 0 1 3.99354 1
gene 2 2 4 -1.00009 0 2 -1.00009 1
gene 1 3 4 -7.74151 0 3 -7.74151 1
gene 2 2 7 -4.56908 0 8 -4.56908 1
gene 2 7 4 6.47476 0 9 6.47476 1
gene 2 1 7 1.4671 0 37 1.4671 1
gene 1 3 7 0.567278 0 63 0.567278 1
gene 2 2 33 3.90632 0 85 3.90632 1
gene 2 33 7 1.21723 0 86 1.21723 1
gene 2 3 33 -1.79052 0 329 -1.79052 1
gene 2 33 4 1.68934 0 380 1.68934 1
gene 2 1 33 -1.66327 0 414 -1.66327 1
genomeend 142

/* Organism #143 Fitness: 8.99889 Error: 1.00018 */
genomestart 143
trait 1 0.1 0 0 0 0 0 0 0 
trait 2 0.2 0 0 0 0 0 0 0 
trait 3 0.3 0 0 0 0 0 0 0 
node 1 1 1 3
node 2 3 1 1
node 3 1 1 1
node 4 2 0 2
node 7 1 0 0
node 33 1 0 0
gene 2 1 4 3.06402 0 1 3.06402 1
gene 2 2 4 -0.248726 0 2 -0.248726 1
gene 1 3 4 -8 0 3 -8 1
gene 2 2 7 -3.15279 0 8 -3.15279 1
gene 2 7 4 6.0192 0 9 6.0192 1
gene 2 1 7 4.29479 0 37 4.29479 1
gene 1 3 7 -0.595325 0 63 -0.595325 1
gene 2 2 33 3.90632 0 85 3.90632 1
gene 2 33 7 -1.49701 0 86 -1.49701 1
gene 2 3 33 -0.671636 0 329 -0.671636 1
gene 2 33 4 1.5813 0 380 1.5813 1
gene 2 1 33 0.605548 0 414 0.605548 1
genomeend 143

/* Organism #144 Fitness: 2.76109 Error: 2.33835 */
genomestart 144
trait 1 0.1 0 0 0 0 0 0 0 
trait 2 0.2 0 0 0 0 0 0 0 
trait 3 0.3 0 0 0 0 0 0 0 
node 1 1 1 3
node 2 3 1 1
node 3 1 1 1
node 4 2 0 2
node 7 1 0 0
node 33 1 0 0
gene 2 1 4 1.74272 0 1 1.74272 1
gene 2 2 4 1.0258 0 2 1.0258 1
gene 1 3 4 -8 0 3 -8 1
gene 2 2 7 -2.58309 0 8 -2.58309 1
gene 2 7 4 6.0192 0 9 6.0192 1
gene 2 1 7 2.88911 0 37 2.88911 1
gene 1 3 7 -0.996261 0 63 -0.996261 1
gene 2 2 33 2.76408 0 85 2.76408 1
gene 2 33 7 1.38241 0 86 1.38241 1
gene 2 3 33 2.01064 0 329 2.01064 1
gene 2 33 4 -0.723228 0 380 -0.723228 1
gene 2 1 33 -0.572314 0 414 -0.572314 1
genomeend 144

/* Organism #145 Fitness: 3.92731 Error: 2.01826 */
genomestart 145
trait 1 0.1 0 0 0 0 0 0 0 
trait 2 0.2 0 0 0 0 0 0 0 
trait 3 0.3 0 0 0 0 0 0 0 
node 1 1 1 3
node 2 3 1 1
node 3 1 1 1
node 4 2 0 2
node 7 1 0 0
node 33 1 0 0
gene 2 1 4 0.710128 0 1 0.710128 1
gene 2 2 4 -1.73132 0 2 -1.73132 1
gene 1 3 4 -8 0 3 -8 1
gene 2 2 7 -5.31228 0 8 -5.31228 1
gene 2 7 4 7.75906 0 9 7.75906 1
gene 2 1 7 1.43147 0 37 1.43147 1
gene 1 3 7 -2.44421 0 63 -2.44421 1
gene 2 2 33 -0.681478 0 85 -0.681478 1
gene 2 33 7 0.185171 0 86 0.185171 1
gene 2 3 33 -1.80853 0 329 -1.80853 1
gene 2 33 4 1.8305 0 380 1.8305 1
gene 2 1 33 2.70339 0 414 2.70339 1
genomeend 145

/* Organism #146 Fitness: 8.99971 Error: 1.00005 */
genomestart 146
trait 1 0.1 0 0 0 0 0 0 0 
trait 2 0.2 0 0 0 0 0 0 0 
trait 3 0.3 0 0 0 0 0 0 0 
node 1 1 1 3
node 2 3 1 1
node 3 1 1 1
node 4 2 0 2
node 7 1 0 0
node 33 1 0 0
gene 2 1 4 3.96462 0 1 3.96462 1
gene 2 2 4 1.58429 0 2 1.58429 1
gene 1 3 4 -6.45691 0 3 -6.45691 1
gene 2 2 7 -4.60082 0 8 -4.60082 1
gene 2 7 4 4.86972 0 9 4.86972 1
gene 2 1 7 4.74372 0 37 4.74372 1
gene 1 3 7 0.773431 0 63 0.773431 1
gene 2 2 33 3.33844 0 85 3.33844 1
gene 2 33 7 -2.79115 0 86 -2.79115 1
gene 2 3 33 -0.934935 0 329 -0.934935 1
gene 2 33 4 -2.15873 0 380 -2.15873 1
gene 2 1 33 0.605548 0 414 0.605548 1
genomeend 146

/* Organism #147 Fitness: 1.06777 Error: 2.96667 */
genomestart 147
trait 1 0.1 0 0 0 0 0 0 0 
trait 2 0.2 0 0 0 0 0 0 0 
trait 3 0.3 0 0 0 0 0 0 0 
node 1 1 1 3
node 2 3 1 1
node 3 1 1 1
node 4 2 0 2
node 7 1 0 0
node 33 1 0 0
gene 2 1 4 2.46586 0 1 2.46586 1
gene 2 2 4 -0.60564 0 2 -0.60564 1
gene 1 3 4 -8 0 3 -8 1
gene 2 2 7 -3.15279 0 8 -3.15279 1
gene 2 7 4 4.72094 0 9 4.72094 1
gene 2 1 7 6.22021 0 37 6.22021 1
gene 1 3 7 1.34924 0 63 1.34924 1
gene 2 2 33 2.9256 0 85 2.9256 1
gene 2 33 7 0.51912 0 86 0.51912 1
gene 2 3 33 -1.23104 0 329 -1.23104 1
gene 2 33 4 2.26759 0 380 2.26759 1
gene 2 1 33 -0.101337 0 414 -0.101337 1
genomeend 147

/* Species #28 : (Size 1) (AF 8.99998) (Age 1)  */


/* Organism #148 Fitness: 8.99998 Error: 1 */
genomestart 148
trait 1 0.1 0 0 0 0 0 0 0 
trait 2 0.2 0 0 0 0 0 0 0 
trait 3 0.3 0 0 0 0 0 0 0 
node 1 2 1 3
node 2 3 1 1
node 3 1 1 1
node 4 2 0 2
node 16 1 0 0
node 19 1 0 0
node 38 1 0 0
node 142 1 0 0
gene 2 1 4 -2.40977 0 1 -2.40977 1
gene 3 2 4 7.94298 0 2 7.94298 1
gene 2 3 4 -5.49113 0 3 -5.49113 1
gene 3 2 16 0.996322 0 35 0.996322 0
gene 3 16 4 2.03776 0 36 2.03776 1
gene 2 3 19 5.11253 0 46 5.11253 1
gene 2 19 4 -8 0 47 -8 0
gene 1 2 19 -2.85793 0 92 -2.85793 1
gene 3 2 38 -1.84767 0 100 -1.84767 1
gene 3 38 16 -4.44042 0 101 -4.44042 1
gene 3 38 19 -0.115787 0 415 -0.115787 1
gene 2 19 142 1 0 428 0 1
gene 2 142 4 -8 0 429 0 1
genomeend 148

/* Species #29 : (Size 1) (AF 8.99097) (Age 1)  */


/* Organism #149 Fitness: 8.99097 Error: 1.00151 */
genomestart 149
trait 1 0.1 0 0 0 0 0 0 0 
trait 2 0.2 0 0 0 0 0 0 0 
trait 3 0.3 0 0 0 0 0 0 0 
node 1 1 1 3
node 2 3 1 1
node 3 1 1 1
node 4 2 0 2
node 7 1 0 0
node 26 3 0 0
node 116 1 0 0
node 143 1 0 0
gene 2 1 4 5.19869 0 1 5.19869 1
gene 3 2 4 -2.82317 0 2 -2.82317 1
gene 1 3 4 -4.92948 0 3 -4.92948 1
gene 2 2 7 -0.305437 0 8 -0.305437 0
gene 2 7 4 1.26567 0 9 1.26567 0
gene 2 2 26 -4.37542 0 64 -4.37542 1
gene 2 26 7 2.98797 0 65 2.98797 1
gene 2 26 4 0.654653 0 243 0.654653 1
gene 3 3 26 -0.910367 0 324 -0.910367 1
gene 2 7 116 1 0 341 0 1
gene 2 116 4 1.26567 0 342 0 1
gene 1 26 116 0.806696 0 419 0.806696 1
gene 2 2 143 1 0 433 0 1
gene 2 143 7 -0.305437 0 434 0 1
genomeend 149
