
/* Species #2 : (Size 8) (AF 7.12222) (Age 32)  */


/* Organism #0 Fitness: 9 Error: 1 */
genomestart 0
trait 1 0.1 0 0.372158 0 0.491943 0 0 0 
trait 2 0.126953 0 0 0.0575579 0 0 0 0.0961562 
trait 3 0.181427 0 0 0.145793 0 0 0 0.00834133 
node 1 3 1 3
node 2 2 1 1
node 3 1 1 1
node 4 1 0 2
node 11 1 0 0
gene 2 1 4 -4.01212 0 1 -4.01212 1
gene 1 2 4 -7.9841 0 2 -7.9841 1
gene 1 3 4 1.34815 0 3 1.34815 0
gene 1 3 11 3.74476 0 16 3.74476 1
gene 1 11 4 8 0 17 8 1
gene 1 1 11 -2.77676 0 56 -2.77676 1
gene 1 2 11 -1.4608 0 106 -1.4608 1
genomeend 0

/* Organism #1 Fitness: 9 Error: 1 */
genomestart 1
trait 1 0.1 0 0.372158 0 0.491943 0 0 0 
trait 2 0.126953 0 0 0.0575579 0 0 0 0.0961562 
trait 3 0.181427 0 0 0.145793 0 0 0 0.00834133 
node 1 3 1 3
node 2 2 1 1
node 3 1 1 1
node 4 1 0 2
node 11 1 0 0
gene 2 1 4 -4.01212 0 1 -4.01212 1
gene 1 2 4 -7.9841 0 2 -7.9841 1
gene 1 3 4 1.34815 0 3 1.34815 0
gene 1 3 11 3.74476 0 16 3.74476 1
gene 1 11 4 8 0 17 8 1
gene 1 1 11 -2.77676 0 56 -2.77676 1
gene 1 2 11 -1.4608 0 106 -1.4608 1
genomeend 1

/* Organism #2 Fitness: 8.97712 Error: 1.00382 */
genomestart 2
trait 1 0.1 0 0.372158 0 0.491943 0 0 0 
trait 2 0.126953 0 0 0.0575579 0 0 0 0.0961562 
trait 3 0.181427 0 0 0.145793 0 0 0 0.00834133 
node 1 3 1 3
node 2 2 1 1
node 3 1 1 1
node 4 1 0 2
node 11 1 0 0
gene 2 1 4 -6.37677 0 1 -6.37677 1
gene 1 2 4 -8 0 2 -8 1
gene 1 3 4 -0.240875 0 3 -0.240875 0
gene 1 3 11 5.27526 0 16 5.27526 1
gene 1 11 4 7.50682 0 17 7.50682 1
gene 1 1 11 -1.9256 0 56 -1.9256 1
gene 1 2 11 -1.08596 0 106 -1.08596 1
genomeend 2

/* Organism #3 Fitness: 8.99997 Error: 1 */
genomestart 3
trait 1 0.1 0 0.372158 0 0.491943 0 0 0 
trait 2 0.126953 0 0 0.0575579 0 0 0 0.0961562 
trait 3 0.181427 0 0 0.145793 0 0 0 0.00834133 
node 1 3 1 3
node 2 2 1 1
node 3 1 1 1
node 4 1 0 2
node 11 1 0 0
gene 2 1 4 -5.06821 0 1 -5.06821 1
gene 1 2 4 -8 0 2 -8 1
gene 1 3 4 2.36884 0 3 2.36884 0
gene 1 3 11 5.11168 0 16 5.11168 1
gene 1 11 4 7.56748 0 17 7.56748 1
gene 1 1 11 -3.20074 0 56 -3.20074 1
gene 1 2 11 -0.166356 0 106 -0.166356 1
genomeend 3

/* Organism #4 Fitness: 4.00063 Error: 1.99984 */
genomestart 4
trait 1 0.1 0 0.372158 0 0.491943 0 0 0 
trait 2 0.126953 0 0 0.0575579 0 0 0 0.0961562 
trait 3 0.181427 0 0 0.145793 0 0 0 0.00834133 
node 1 3 1 3
node 2 2 1 1
node 3 1 1 1
node 4 1 0 2
node 11 1 0 0
gene 2 1 4 1.7719 0 1 1.7719 1
gene 1 2 4 2.31239 0 2 2.31239 1
gene 1 3 4 2.54699 0 3 2.54699 0
gene 1 3 11 1.47937 0 16 1.47937 1
gene 1 11 4 6.39183 0 17 6.39183 1
gene 1 1 11 -1.44234 0 56 -1.44234 1
gene 1 2 11 -3.57688 0 106 -3.57688 1
genomeend 4

/* Organism #5 Fitness: 4 Error: 2 */
genomestart 5
trait 1 0.1 0 0.372158 0 0.491943 0 0 0 
trait 2 0.126953 0 0 0.0575579 0 0 0 0.0961562 
trait 3 0.181427 0 0 0.145793 0 0 0 0.00834133 
node 1 3 1 3
node 2 2 1 1
node 3 1 1 1
node 4 1 0 2
node 11 1 0 0
gene 2 1 4 -3.37664 0 1 -3.37664 1
gene 1 2 4 -7.9841 0 2 -7.9841 1
gene 1 3 4 -0.265816 0 3 -0.265816 0
gene 1 3 11 2.04854 0 16 2.04854 1
gene 1 11 4 6.73852 0 17 6.73852 1
gene 1 1 11 -2.93332 0 56 -2.93332 1
gene 1 2 11 -0.700095 0 106 -0.700095 1
genomeend 5

/* Organism #6 Fitness: 9 Error: 1 */
genomestart 6
trait 1 0.1 0 0.372158 0 0.491943 0 0 0 
trait 2 0.126953 0 0 0.0575579 0 0 0 0.0961562 
trait 3 0.181427 0 0 0.145793 0 0 0 0.00834133 
node 1 3 1 3
node 2 2 1 1
node 3 1 1 1
node 4 1 0 2
node 11 1 0 0
gene 2 1 4 -4.01212 0 1 -4.01212 1
gene 1 2 4 -7.9841 0 2 -7.9841 1
gene 1 3 4 1.34815 0 3 1.34815 0
gene 1 3 11 3.74476 0 16 3.74476 1
gene 1 11 4 8 0 17 8 1
gene 1 1 11 -2.77676 0 56 -2.77676 1
gene 1 2 11 -1.4608 0 106 -1.4608 1
genomeend 6

/* Organism #7 Fitness: 4 Error: 2 */
genomestart 7
trait 1 0.1 0 0.372158 0 0.491943 0 0 0 
trait 2 0.126953 0 0 0.0575579 0 0 0 0.0961562 
trait 3 0.181427 0 0 0.145793 0 0 0 0.00834133 
node 1 3 1 3
node 2 2 1 1
node 3 1 1 1
node 4 1 0 2
node 11 1 0 0
gene 2 1 4 0.847118 0 1 0.847118 1
gene 1 2 4 1.9573 0 2 1.9573 1
gene 1 3 4 -0.244766 0 3 -0.244766 0
gene 1 3 11 0.626698 0 16 0.626698 1
gene 1 11 4 8 0 17 8 1
gene 1 1 11 -4.25263 0 56 -4.25263 1
gene 1 2 11 -1.4608 0 106 -1.4608 1
genomeend 7

/* Species #3 : (Size 10) (AF 7.20017) (Age 31)  */


/* Organism #8 Fitness: 9 Error: 1 */
genomestart 8
trait 1 0.1 0 0 0 0 0.192389 0 0 
trait 2 0.2 0 0 0 0 0 0 0 
trait 3 0.335156 0 0.136402 0 0.0380795 0.112834 0.0744404 0 
node 1 1 1 3
node 2 2 1 1
node 3 1 1 1
node 4 3 0 2
node 13 1 0 0
gene 1 1 4 1.26419 0 1 1.26419 1
gene 1 2 4 6.7238 0 2 6.7238 1
gene 2 3 4 -8 0 3 -8 1
gene 2 3 13 2.46757 0 20 2.46757 1
gene 3 13 4 -8 0 21 -8 1
gene 1 2 13 -4.1484 0 100 -4.1484 1
gene 3 1 13 2.51518 0 144 2.51518 1
genomeend 8

/* Organism #9 Fitness: 8.99974 Error: 1.00004 */
genomestart 9
trait 1 0.1 0 0 0 0 0.192389 0 0 
trait 2 0.2 0 0 0 0 0 0 0 
trait 3 0.631888 0 0 0 0.138302 0.112834 0 0 
node 1 1 1 3
node 2 2 1 1
node 3 1 1 1
node 4 3 0 2
node 13 1 0 0
gene 1 1 4 2.45792 0 1 2.45792 1
gene 1 2 4 4.24303 0 2 4.24303 1
gene 2 3 4 -6.22642 0 3 -6.22642 1
gene 2 3 13 2.1559 0 20 2.1559 1
gene 3 13 4 -4.49731 0 21 -4.49731 1
gene 1 2 13 -4.1046 0 100 -4.1046 1
gene 3 1 13 2.47612 0 144 2.47612 1
genomeend 9

/* Organism #10 Fitness: 8.99987 Error: 1.00002 */
genomestart 10
trait 1 0.1 0 0 0 0 0.192389 0 0 
trait 2 0.2 0 0 0 0 0 0 0 
trait 3 0.335156 0 0.136402 0 0.0380795 0.112834 0.0744404 0 
node 1 1 1 3
node 2 2 1 1
node 3 1 1 1
node 4 3 0 2
node 13 1 0 0
gene 1 1 4 0.0593204 0 1 0.0593204 1
gene 1 2 4 5.79482 0 2 5.79482 1
gene 2 3 4 -7.73151 0 3 -7.73151 1
gene 2 3 13 1.08013 0 20 1.08013 1
gene 3 13 4 -5.58568 0 21 -5.58568 1
gene 1 2 13 -3.50346 0 100 -3.50346 1
gene 3 1 13 1.84416 0 144 1.84416 1
genomeend 10

/* Organism #11 Fitness: 1.00196 Error: 2.99902 */
genomestart 11
trait 1 0.1 0 0 0 0 0.192389 0 0 
trait 2 0.2 0 0 0 0 0 0 0 
trait 3 0.335156 0 0.136402 0 0.0380795 0.112834 0.0744404 0 
node 1 1 1 3
node 2 2 1 1
node 3 1 1 1
node 4 3 0 2
node 13 3 0 0
gene 1 1 4 1.08337 0 1 1.08337 1
gene 1 2 4 8 0 2 8 1
gene 2 3 4 -8 0 3 -8 1
gene 2 3 13 4.0379 0 20 4.0379 1
gene 3 13 4 0.46411 0 21 0.46411 1
gene 1 2 13 -2.43728 0 100 -2.43728 1
gene 3 1 13 4.52414 0 144 4.52414 1
genomeend 11

/* Organism #12 Fitness: 4 Error: 2 */
genomestart 12
trait 1 0.1 0 0 0 0 0.192389 0 0 
trait 2 0.2 0 0 0 0 0 0 0 
trait 3 0.335156 0 0.136402 0 0.0380795 0.112834 0.0744404 0 
node 1 1 1 3
node 2 2 1 1
node 3 1 1 1
node 4 3 0 2
node 13 1 0 0
gene 1 1 4 2.56008 0 1 2.56008 1
gene 1 2 4 -0.93173 0 2 -0.93173 1
gene 2 3 4 -8 0 3 -8 1
gene 2 3 13 2.66877 0 20 2.66877 1
gene 3 13 4 -6.22695 0 21 -6.22695 1
gene 1 2 13 0.834513 0 100 0.834513 1
gene 3 1 13 0.487838 0 144 0.487838 1
genomeend 12

/* Organism #13 Fitness: 9 Error: 1 */
genomestart 13
trait 1 0.1 0 0 0 0 0.192389 0 0 
trait 2 0.2 0 0 0 0 0 0 0 
trait 3 0.335156 0 0.136402 0 0.0380795 0.112834 0.0744404 0 
node 1 1 1 3
node 2 2 1 1
node 3 1 1 1
node 4 3 0 2
node 13 1 0 0
gene 1 1 4 1.38688 0 1 1.38688 1
gene 1 2 4 6.24238 0 2 6.24238 1
gene 2 3 4 -7.3199 0 3 -7.3199 1
gene 2 3 13 4.75272 0 20 4.75272 1
gene 3 13 4 -8 0 21 -8 1
gene 1 2 13 -1.71142 0 100 -1.71142 1
gene 3 1 13 1.51028 0 144 1.51028 1
genomeend 13

/* Organism #14 Fitness: 9 Error: 1 */
genomestart 14
trait 1 0.1 0 0 0 0 0.192389 0 0 
trait 2 0.2 0 0 0 0 0 0 0 
trait 3 0.335156 0 0.136402 0 0.0380795 0.112834 0.0744404 0 
node 1 1 1 3
node 2 2 1 1
node 3 1 1 1
node 4 3 0 2
node 13 1 0 0
gene 1 1 4 1.04835 0 1 1.04835 1
gene 1 2 4 6.367 0 2 6.367 1
gene 2 3 4 -8 0 3 -8 1
gene 2 3 13 3.65555 0 20 3.65555 1
gene 3 13 4 -7.0754 0 21 -7.0754 1
gene 1 2 13 -2.63495 0 100 -2.63495 1
gene 3 1 13 1.50151 0 144 1.50151 1
genomeend 14

/* Organism #15 Fitness: 4.00014 Error: 1.99997 */
genomestart 15
trait 1 0.1 0 0 0 0 0.192389 0 0 
trait 2 0.2 0 0 0 0 0 0 0 
trait 3 0.335156 0 0.136402 0 0.0380795 0.112834 0.0744404 0 
node 1 1 1 3
node 2 2 1 1
node 3 1 1 1
node 4 3 0 2
node 13 1 0 0
gene 1 1 4 0.239647 0 1 0.239647 1
gene 1 2 4 4.75283 0 2 4.75283 1
gene 2 3 4 -7.74944 0 3 -7.74944 1
gene 2 3 13 3.56746 0 20 3.56746 1
gene 3 13 4 2.30369 0 21 2.30369 1
gene 1 2 13 -5.29124 0 100 -5.29124 1
gene 3 1 13 0.281381 0 144 0.281381 1
genomeend 15

/* Organism #16 Fitness: 9 Error: 1 */
genomestart 16
trait 1 0.1 0 0 0 0 0.192389 0 0 
trait 2 0.2 0 0 0 0 0 0 0 
trait 3 0.335156 0 0.136402 0 0.0380795 0.112834 0.0744404 0 
node 1 1 1 3
node 2 2 1 1
node 3 1 1 1
node 4 3 0 2
node 13 1 0 0
gene 1 1 4 1.89982 0 1 1.89982 1
gene 1 2 4 7.24657 0 2 7.24657 1
gene 2 3 4 -8 0 3 -8 1
gene 2 3 13 6.83943 0 20 6.83943 1
gene 3 13 4 -6.47415 0 21 -6.47415 1
gene 1 2 13 -2.91667 0 100 -2.91667 1
gene 3 1 13 0.487838 0 144 0.487838 1
genomeend 16

/* Organism #17 Fitness: 9 Error: 1 */
genomestart 17
trait 1 0.1 0 0 0 0 0.192389 0 0 
trait 2 0.2 0 0 0 0 0 0 0 
trait 3 0.335156 0 0.136402 0 0.0380795 0.112834 0.0744404 0 
node 1 1 1 3
node 2 2 1 1
node 3 1 1 1
node 4 3 0 2
node 13 1 0 0
gene 1 1 4 0.832507 0 1 0.832507 1
gene 1 2 4 6.7238 0 2 6.7238 1
gene 2 3 4 -8 0 3 -8 1
gene 2 3 13 4.84352 0 20 4.84352 1
gene 3 13 4 -6.15081 0 21 -6.15081 1
gene 1 2 13 -4.1484 0 100 -4.1484 1
gene 3 1 13 0.487838 0 144 0.487838 1
genomeend 17

/* Species #4 : (Size 12) (AF 6.95189) (Age 31)  */


/* Organism #18 Fitness: 9 Error: 1 */
genomestart 18
trait 1 0.1 0 0 0 0 0 0 0 
trait 2 0.6 0 0.127201 0.329585 0 0 0.0557726 0 
trait 3 0.728022 0.358501 0.269326 0 0 0 0.770806 0 
node 1 1 1 3
node 2 3 1 1
node 3 1 1 1
node 4 1 0 2
node 16 1 0 0
gene 1 1 4 2.1889 0 1 2.1889 1
gene 1 2 4 3.67283 0 2 3.67283 1
gene 2 3 4 7.316 0 3 7.316 1
gene 1 2 16 -2.3816 0 30 -2.3816 1
gene 1 16 4 -8 0 31 -8 1
gene 3 1 16 1.14304 0 75 1.14304 1
gene 2 3 16 -4.0408 0 188 -4.0408 1
genomeend 18

/* Organism #19 Fitness: 9 Error: 1 */
genomestart 19
trait 1 0.1 0 0 0 0 0 0 0 
trait 2 0.6 0 0.127201 0.329585 0 0 0.0557726 0 
trait 3 0.728022 0.358501 0.269326 0 0 0 0.770806 0 
node 1 3 1 3
node 2 3 1 1
node 3 1 1 1
node 4 1 0 2
node 16 1 0 0
gene 1 1 4 2.1889 0 1 2.1889 1
gene 1 2 4 3.67283 0 2 3.67283 1
gene 2 3 4 7.316 0 3 7.316 1
gene 1 2 16 -2.3816 0 30 -2.3816 1
gene 1 16 4 -8 0 31 -8 1
gene 3 1 16 1.6324 0 75 1.6324 1
gene 2 3 16 -4.0408 0 188 -4.0408 1
genomeend 19

/* Organism #20 Fitness: 9 Error: 1 */
genomestart 20
trait 1 0.1 0 0 0 0 0 0 0 
trait 2 0.6 0 0.127201 0.329585 0 0 0.0557726 0 
trait 3 0.728022 0.358501 0.269326 0 0 0 0.770806 0 
node 1 1 1 3
node 2 3 1 1
node 3 1 1 1
node 4 1 0 2
node 16 1 0 0
gene 1 1 4 2.1889 0 1 2.1889 1
gene 1 2 4 3.67283 0 2 3.67283 1
gene 2 3 4 7.316 0 3 7.316 1
gene 1 2 16 -2.3816 0 30 -2.3816 1
gene 1 16 4 -8 0 31 -8 1
gene 3 1 16 1.6324 0 75 1.6324 1
gene 2 3 16 -4.0408 0 188 -4.0408 1
genomeend 20

/* Organism #21 Fitness: 3.05252 Error: 2.25285 */
genomestart 21
trait 1 0.1 0 0 0 0 0 0 0 
trait 2 0.6 0 0.127201 0.329585 0 0 0.0557726 0 
trait 3 0.728022 0.358501 0.269326 0 0 0 0.770806 0 
node 1 1 1 3
node 2 3 1 1
node 3 1 1 1
node 4 1 0 2
node 16 1 0 0
gene 1 1 4 0.903996 0 1 0.903996 1
gene 1 2 4 4.90432 0 2 4.90432 1
gene 2 3 4 7.316 0 3 7.316 1
gene 2 2 16 -1.56575 0 30 -1.56575 1
gene 1 16 4 -8 0 31 -8 1
gene 3 1 16 3.24966 0 75 3.24966 1
gene 2 3 16 1.30253 0 188 1.30253 1
genomeend 21

/* Organism #22 Fitness: 3.36726 Error: 2.16499 */
genomestart 22
trait 1 0.1 0 0 0 0 0 0 0 
trait 2 0.6 0 0.127201 0.329585 0 0 0.0557726 0 
trait 3 0.728022 0.358501 0.269326 0 0 0 0.770806 0 
node 1 1 1 3
node 2 3 1 1
node 3 1 1 1
node 4 1 0 2
node 16 1 0 0
gene 1 1 4 0.101207 0 1 0.101207 1
gene 1 2 4 5.16694 0 2 5.16694 1
gene 2 3 4 7.45906 0 3 7.45906 1
gene 1 2 16 -2.63186 0 30 -2.63186 1
gene 1 16 4 -7.64011 0 31 -7.64011 1
gene 3 1 16 3.64373 0 75 3.64373 1
gene 2 3 16 -3.06047 0 188 -3.06047 1
genomeend 22

/* Organism #23 Fitness: 9 Error: 1 */
genomestart 23
trait 1 0.1 0 0 0 0 0 0 0 
trait 2 0.6 0 0.127201 0.329585 0 0 0.0557726 0 
trait 3 0.728022 0.358501 0.269326 0 0 0 0.770806 0 
node 1 1 1 3
node 2 3 1 1
node 3 1 1 1
node 4 1 0 2
node 16 1 0 0
gene 1 1 4 2.1889 0 1 2.1889 1
gene 1 2 4 3.67283 0 2 3.67283 1
gene 2 3 4 7.316 0 3 7.316 1
gene 1 2 16 -2.3816 0 30 -2.3816 1
gene 1 16 4 -8 0 31 -8 1
gene 3 1 16 1.38772 0 75 1.38772 1
gene 2 3 16 -4.0408 0 188 -4.0408 1
genomeend 23

/* Organism #24 Fitness: 1.00361 Error: 2.9982 */
genomestart 24
trait 1 0.1 0 0 0 0 0 0 0 
trait 2 0.6 0 0.127201 0.329585 0 0 0.0557726 0 
trait 3 0.728022 0.358501 0.269326 0 0 0 0.770806 0 
node 1 1 1 3
node 2 1 1 1
node 3 1 1 1
node 4 1 0 2
node 16 1 0 0
gene 1 1 4 -1.04503 0 1 -1.04503 1
gene 1 2 4 1.49991 0 2 1.49991 1
gene 2 3 4 4.82104 0 3 4.82104 1
gene 1 2 16 -2.3816 0 30 -2.3816 1
gene 1 16 4 -5.63909 0 31 -5.63909 1
gene 3 1 16 2.21935 0 75 2.21935 1
gene 2 3 16 -0.480514 0 188 -0.480514 1
genomeend 24

/* Organism #25 Fitness: 8.99998 Error: 1 */
genomestart 25
trait 1 0.1 0 0 0 0 0 0 0 
trait 2 0.6 0 0.127201 0.329585 0 0 0.0557726 0 
trait 3 0.728022 0.358501 0.269326 0 0 0 0.770806 0 
node 1 1 1 3
node 2 3 1 1
node 3 1 1 1
node 4 1 0 2
node 16 1 0 0
gene 1 1 4 2.51713 0 1 2.51713 1
gene 1 2 4 3.78018 0 2 3.78018 1
gene 2 3 4 8 0 3 8 1
gene 1 2 16 -4.58962 0 30 -4.58962 1
gene 1 16 4 -8 0 31 -8 1
gene 3 1 16 0.945662 0 75 0.945662 1
gene 2 3 16 1.08272 0 188 1.08272 1
genomeend 25

/* Organism #26 Fitness: 4 Error: 2 */
genomestart 26
trait 1 0.1 0 0 0 0 0 0 0 
trait 2 0.6 0 0.127201 0.329585 0 0 0.0557726 0 
trait 3 0.728022 0.358501 0.269326 0 0 0 0.770806 0 
node 1 1 1 3
node 2 3 1 1
node 3 1 1 1
node 4 1 0 2
node 16 1 0 0
gene 1 1 4 4.34397 0 1 4.34397 1
gene 1 2 4 5.29817 0 2 5.29817 1
gene 2 3 4 6.94284 0 3 6.94284 1
gene 1 2 16 -4.44588 0 30 -4.44588 1
gene 1 16 4 -5.71416 0 31 -5.71416 1
gene 3 1 16 -0.698294 0 75 -0.698294 1
gene 2 3 16 -6.03175 0 188 -6.03175 1
genomeend 26

/* Organism #27 Fitness: 8.99983 Error: 1.00003 */
genomestart 27
trait 1 0.1 0 0 0 0 0 0 0 
trait 2 0.6 0 0.127201 0.329585 0 0 0.0557726 0 
trait 3 0.728022 0.358501 0.269326 0 0 0 0.770806 0 
node 1 1 1 3
node 2 3 1 1
node 3 1 1 1
node 4 1 0 2
node 16 1 0 0
node 98 1 0 0
gene 1 1 4 2.1889 0 1 2.1889 1
gene 1 2 4 3.67283 0 2 3.67283 1
gene 2 3 4 7.316 0 3 7.316 0
gene 1 2 16 -2.3816 0 30 -2.3816 1
gene 1 16 4 -8 0 31 -8 1
gene 3 1 16 1.14304 0 75 1.14304 1
gene 2 3 16 -4.0408 0 188 -4.0408 1
gene 2 3 98 1 0 299 0 1
gene 2 98 4 7.316 0 300 0 1
genomeend 27

/* Organism #28 Fitness: 9 Error: 1 */
genomestart 28
trait 1 0.534706 0 0 0 0 0 0 0 
trait 2 0.6 0 0.127201 0.329585 0 0 0.0557726 0 
trait 3 0.728022 0.358501 0.269326 0 0 0 0.770806 0 
node 1 1 1 3
node 2 3 1 1
node 3 1 1 1
node 4 1 0 2
node 16 1 0 0
gene 1 1 4 2.1889 0 1 2.1889 1
gene 1 2 4 3.67283 0 2 3.67283 1
gene 2 3 4 7.316 0 3 7.316 1
gene 1 2 16 -2.3816 0 30 -2.3816 1
gene 1 16 4 -8 0 31 -8 1
gene 3 1 16 1.6324 0 75 1.6324 1
gene 2 3 16 -4.0408 0 188 -4.0408 1
genomeend 28

/* Organism #29 Fitness: 8.9995 Error: 1.00008 */
genomestart 29
trait 1 0.1 0 0 0 0 0 0 0 
trait 2 0.6 0 0.127201 0.329585 0 0 0.0557726 0 
trait 3 0.728022 0.358501 0.269326 0 0 0 0.770806 0 
node 1 1 1 3
node 2 3 1 1
node 3 1 1 1
node 4 1 0 2
node 16 1 0 0
gene 1 1 4 0.517556 0 1 0.517556 1
gene 1 2 4 1.45283 0 2 1.45283 1
gene 2 3 4 5.48276 0 3 5.48276 1
gene 1 2 16 -2.9903 0 30 -2.9903 1
gene 1 16 4 -6.73203 0 31 -6.73203 1
gene 3 1 16 2.04906 0 75 2.04906 1
gene 2 3 16 -5.90159 0 188 -5.90159 1
genomeend 29

/* Species #6 : (Size 10) (AF 8.49935) (Age 27)  */


/* Organism #30 Fitness: 9 Error: 1 */
genomestart 30
trait 1 0.05 0 0 0 0.0553148 0 0 0 
trait 2 0.2 0 0 0 0 0 0 0 
trait 3 0.3 0 0 0 0 0 0 0 
node 1 1 1 3
node 2 2 1 1
node 3 1 1 1
node 4 3 0 2
node 13 1 0 0
node 21 1 0 0
gene 1 1 4 -6.4367 0 1 -6.4367 1
gene 1 2 4 6.84836 0 2 6.84836 1
gene 2 3 4 -7.83024 0 3 -7.83024 1
gene 2 3 13 2.95321 0 20 2.95321 1
gene 2 13 4 -8 0 21 -8 1
gene 2 1 13 2.46433 0 43 2.46433 1
gene 1 2 21 2.52081 0 48 2.52081 1
gene 1 21 4 7.40306 0 49 7.40306 1
gene 2 2 13 -4.35444 0 182 -4.35444 1
genomeend 30

/* Organism #31 Fitness: 9 Error: 1 */
genomestart 31
trait 1 0.05 0 0 0 0.0553148 0 0 0 
trait 2 0.2 0 0 0 0 0 0 0 
trait 3 0.3 0 0 0 0 0 0 0 
node 1 1 1 3
node 2 2 1 1
node 3 1 1 1
node 4 3 0 2
node 13 1 0 0
node 21 1 0 0
gene 1 1 4 -6.4367 0 1 -6.4367 1
gene 1 2 4 6.84836 0 2 6.84836 1
gene 2 3 4 -7.83024 0 3 -7.83024 1
gene 2 3 13 2.95321 0 20 2.95321 1
gene 2 13 4 -8 0 21 -8 1
gene 2 1 13 2.46433 0 43 2.46433 1
gene 1 2 21 2.52081 0 48 2.52081 1
gene 1 21 4 7.40306 0 49 7.40306 1
gene 2 2 13 -4.35444 0 182 -4.35444 1
genomeend 31

/* Organism #32 Fitness: 9 Error: 1 */
genomestart 32
trait 1 0.025 0 0 0 0.0276574 0 0 0 
trait 2 0.2 0 0 0 0 0 0 0 
trait 3 0.3 0 0 0 0 0 0 0 
node 1 1 1 3
node 2 2 1 1
node 3 1 1 1
node 4 3 0 2
node 13 1 0 0
node 21 1 0 0
gene 1 1 4 -7.39711 0 1 -7.39711 1
gene 1 2 4 5.84476 0 2 5.84476 1
gene 2 3 4 -8 0 3 -8 1
gene 2 3 13 0.94715 0 20 0.94715 1
gene 2 13 4 -5.82678 0 21 -5.82678 1
gene 2 1 13 1.45936 0 43 1.45936 1
gene 1 2 21 4.41769 0 48 4.41769 1
gene 1 21 4 8 0 49 8 1
gene 2 2 13 -1.97819 0 182 -1.97819 1
gene 1 3 21 -0.272774 0 274 -0.272774 1
genomeend 32

/* Organism #33 Fitness: 9 Error: 1 */
genomestart 33
trait 1 0.025 0 0 0 0.0276574 0 0 0 
trait 2 0.2 0 0 0 0 0 0 0 
trait 3 0.3 0 0 0 0 0 0 0 
node 1 1 1 3
node 2 2 1 1
node 3 1 1 1
node 4 3 0 2
node 13 1 0 0
node 21 1 0 0
gene 1 1 4 -8 0 1 -8 1
gene 1 2 4 6.80403 0 2 6.80403 1
gene 2 3 4 -8 0 3 -8 1
gene 2 3 13 3.18507 0 20 3.18507 1
gene 2 13 4 -6.82084 0 21 -6.82084 1
gene 2 1 13 0.0139241 0 43 0.0139241 1
gene 1 2 21 4.46774 0 48 4.46774 1
gene 1 21 4 5.45979 0 49 5.45979 1
gene 2 2 13 -3.77192 0 182 -3.77192 1
genomeend 33

/* Organism #34 Fitness: 9 Error: 1 */
genomestart 34
trait 1 0.05 0 0 0 0.0553148 0 0 0 
trait 2 0.2 0 0 0 0 0 0 0 
trait 3 0.3 0 0 0 0 0 0 0 
node 1 1 1 3
node 2 2 1 1
node 3 1 1 1
node 4 3 0 2
node 13 1 0 0
node 21 1 0 0
gene 1 1 4 -6.4367 0 1 -6.4367 1
gene 1 2 4 6.84836 0 2 6.84836 1
gene 2 3 4 -7.83024 0 3 -7.83024 1
gene 2 3 13 2.95321 0 20 2.95321 1
gene 2 13 4 -8 0 21 -8 1
gene 2 1 13 2.46433 0 43 2.46433 1
gene 1 2 21 2.52081 0 48 2.52081 1
gene 1 21 4 7.40306 0 49 7.40306 1
gene 2 2 13 -4.35444 0 182 -4.35444 1
genomeend 34

/* Organism #35 Fitness: 8.99356 Error: 1.00107 */
genomestart 35
trait 1 0.05 0 0 0 0.0553148 0 0 0 
trait 2 0.2 0 0 0 0 0 0 0 
trait 3 0.3 0 0 0 0 0 0 0 
node 1 1 1 3
node 2 2 1 1
node 3 1 1 1
node 4 3 0 2
node 13 1 0 0
node 21 3 0 0
gene 1 1 4 -7.16571 0 1 -7.16571 1
gene 1 2 4 8 0 2 8 1
gene 2 3 4 -8 0 3 -8 1
gene 2 3 13 5.01489 0 20 5.01489 1
gene 2 13 4 -8 0 21 -8 1
gene 2 1 13 2.70497 0 43 2.70497 1
gene 1 2 21 4.10907 0 48 4.10907 1
gene 1 21 4 7.93217 0 49 7.93217 1
gene 2 2 13 -2.20258 0 182 -2.20258 1
genomeend 35

/* Organism #36 Fitness: 4 Error: 2 */
genomestart 36
trait 1 0.05 0 0 0 0.0553148 0 0 0 
trait 2 0.2 0 0 0 0 0 0 0 
trait 3 0.3 0 0 0 0 0 0 0 
node 1 1 1 3
node 2 2 1 1
node 3 1 1 1
node 4 3 0 2
node 13 1 0 0
node 21 1 0 0
gene 1 1 4 -5.79604 0 1 -5.79604 1
gene 1 2 4 5.67637 0 2 5.67637 1
gene 2 3 4 -8 0 3 -8 1
gene 2 3 13 0.805925 0 20 0.805925 1
gene 2 13 4 -8 0 21 -8 1
gene 2 1 13 2.46433 0 43 2.46433 1
gene 1 2 21 -1.6113 0 48 -1.6113 1
gene 1 21 4 2.14774 0 49 2.14774 1
gene 2 2 13 0.45526 0 182 0.45526 1
gene 1 3 21 2.08356 0 274 2.08356 1
genomeend 36

/* Organism #37 Fitness: 8.99996 Error: 1.00001 */
genomestart 37
trait 1 0.025 0 0 0 0.0276574 0 0 0 
trait 2 0.2 0 0 0 0 0 0 0 
trait 3 0.3 0 0 0 0 0 0 0 
node 1 1 1 3
node 2 2 1 1
node 3 1 1 1
node 4 3 0 2
node 13 1 0 0
node 21 1 0 0
gene 1 1 4 -4.99813 0 1 -4.99813 1
gene 1 2 4 7.39548 0 2 7.39548 1
gene 2 3 4 -6.80123 0 3 -6.80123 1
gene 2 3 13 4.88663 0 20 4.88663 1
gene 2 13 4 -6.10755 0 21 -6.10755 1
gene 2 1 13 2.67216 0 43 2.67216 1
gene 1 2 21 1.3946 0 48 1.3946 1
gene 1 21 4 8 0 49 8 1
gene 2 2 13 -6.68255 0 182 -6.68255 1
genomeend 37

/* Organism #38 Fitness: 9 Error: 1 */
genomestart 38
trait 1 0 0 0 0 0 0 0 0 
trait 2 0.2 0 0 0 0 0 0 0 
trait 3 0.3 0 0 0 0 0 0 0 
node 1 1 1 3
node 2 2 1 1
node 3 1 1 1
node 4 3 0 2
node 13 1 0 0
node 21 1 0 0
gene 1 1 4 -6.4367 0 1 -6.4367 1
gene 1 2 4 6.84836 0 2 6.84836 1
gene 2 3 4 -7.83024 0 3 -7.83024 1
gene 2 3 13 2.95321 0 20 2.95321 1
gene 2 13 4 -8 0 21 -8 1
gene 2 1 13 2.46433 0 43 2.46433 1
gene 1 2 21 2.52081 0 48 2.52081 1
gene 1 21 4 7.40306 0 49 7.40306 1
gene 2 2 13 -4.35444 0 182 -4.35444 1
gene 1 3 21 -0.102786 0 274 -0.102786 1
genomeend 38

/* Organism #39 Fitness: 9 Error: 1 */
genomestart 39
trait 1 0.025 0 0 0 0.0276574 0 0 0 
trait 2 0.2 0 0 0 0 0 0 0 
trait 3 0.3 0 0 0 0 0 0 0 
node 1 1 1 3
node 2 2 1 1
node 3 1 1 1
node 4 3 0 2
node 13 1 0 0
node 21 1 0 0
gene 1 1 4 -6.88738 0 1 -6.88738 1
gene 1 2 4 7.76216 0 2 7.76216 1
gene 2 3 4 -6.82229 0 3 -6.82229 1
gene 2 3 13 4.5169 0 20 4.5169 1
gene 2 13 4 -8 0 21 -8 1
gene 2 1 13 3.82561 0 43 3.82561 1
gene 1 2 21 0.31785 0 48 0.31785 1
gene 1 21 4 7.40306 0 49 7.40306 1
gene 2 2 13 -5.28388 0 182 -5.28388 1
gene 1 3 21 -1.36824 0 274 -1.36824 1
genomeend 39

/* Species #8 : (Size 8) (AF 8.37402) (Age 25)  */


/* Organism #40 Fitness: 9 Error: 1 */
genomestart 40
trait 1 0.1 0 0 0 0 0 0 0 
trait 2 0.135938 0 0 0 0 0 0 0 
trait 3 0.486305 0 0 0.132265 0.222514 0 0 0.0266923 
node 1 3 1 3
node 2 2 1 1
node 3 3 1 1
node 4 1 0 2
node 11 1 0 0
gene 2 1 4 -4.09019 0 1 -4.09019 1
gene 1 2 4 -8 0 2 -8 1
gene 1 3 4 2.43403 0 3 2.43403 0
gene 1 3 11 6.43173 0 16 6.43173 1
gene 1 11 4 8 0 17 8 1
gene 3 2 11 0.897649 0 47 0.897649 1
gene 3 1 11 -2.70025 0 71 -2.70025 1
genomeend 40

/* Organism #41 Fitness: 9 Error: 1 */
genomestart 41
trait 1 0.1 0 0 0 0 0 0 0 
trait 2 0.135938 0 0 0 0 0.385479 0 0 
trait 3 0.486305 0 0 0.132265 0.222514 0 0 0.0266923 
node 1 3 1 3
node 2 2 1 1
node 3 3 1 1
node 4 1 0 2
node 11 1 0 0
gene 2 1 4 -6.1968 0 1 -6.1968 1
gene 1 2 4 -8 0 2 -8 1
gene 1 3 4 3.99353 0 3 3.99353 1
gene 1 3 11 5.40913 0 16 5.40913 1
gene 1 11 4 7.21735 0 17 7.21735 1
gene 3 2 11 1.16942 0 47 1.16942 1
gene 3 1 11 -1.72961 0 71 -1.72961 1
genomeend 41

/* Organism #42 Fitness: 8.99984 Error: 1.00003 */
genomestart 42
trait 1 0.1 0 0 0 0 0 0 0 
trait 2 0.135938 0 0 0 0 0 0 0 
trait 3 0.478707 0 0 0.143248 0.219037 0 0 0.0266923 
node 1 3 1 3
node 2 2 1 1
node 3 3 1 1
node 4 1 0 2
node 11 1 0 0
gene 2 1 4 -4.11193 0 1 -4.11193 1
gene 1 2 4 -5.96678 0 2 -5.96678 1
gene 1 3 4 2.82528 0 3 2.82528 0
gene 1 3 11 7.59097 0 16 7.59097 1
gene 1 11 4 6.2543 0 17 6.2543 1
gene 3 2 11 3.2837 0 47 3.2837 1
gene 3 1 11 -0.997246 0 71 -0.997246 1
genomeend 42

/* Organism #43 Fitness: 8.99938 Error: 1.0001 */
genomestart 43
trait 1 0.1 0 0 0 0 0 0 0 
trait 2 0.135938 0 0 0 0 0 0 0 
trait 3 0.486305 0 0 0.132265 0.222514 0 0 0.0266923 
node 1 1 1 3
node 2 2 1 1
node 3 3 1 1
node 4 1 0 2
node 11 1 0 0
gene 2 1 4 -3.46738 0 1 -3.46738 1
gene 1 2 4 -8 0 2 -8 1
gene 1 3 4 1.60355 0 3 1.60355 1
gene 1 3 11 7.11802 0 16 7.11802 1
gene 1 11 4 8 0 17 8 1
gene 3 2 11 0.862094 0 47 0.862094 1
gene 3 1 11 -4.0388 0 71 -4.0388 1
genomeend 43

/* Organism #44 Fitness: 8.99421 Error: 1.00097 */
genomestart 44
trait 1 0.1 0 0 0 0 0 0 0 
trait 2 0.135938 0 0 0 0 0 0 0 
trait 3 0.478707 0 0 0.143248 0.219037 0 0 0.0266923 
node 1 3 1 3
node 2 2 1 1
node 3 3 1 1
node 4 1 0 2
node 11 1 0 0
gene 2 1 4 -6.5898 0 1 -6.5898 1
gene 1 2 4 -8 0 2 -8 1
gene 1 3 4 5.50847 0 3 5.50847 0
gene 1 3 11 4.64669 0 16 4.64669 1
gene 1 11 4 8 0 17 8 1
gene 3 2 11 3.4353 0 47 3.4353 1
gene 3 1 11 -2.61511 0 71 -2.61511 1
genomeend 44

/* Organism #45 Fitness: 8.9987 Error: 1.00022 */
genomestart 45
trait 1 0.1 0 0 0 0 0 0 0 
trait 2 0.135938 0 0 0 0 0 0 0 
trait 3 0.478707 0 0 0.143248 0.219037 0 0 0.0266923 
node 1 3 1 3
node 2 2 1 1
node 3 3 1 1
node 4 1 0 2
node 11 1 0 0
gene 2 1 4 -5.28399 0 1 -5.28399 1
gene 1 2 4 -6.84754 0 2 -6.84754 1
gene 1 3 4 1.91919 0 3 1.91919 0
gene 1 3 11 8 0 16 8 1
gene 1 11 4 6.99667 0 17 6.99667 1
gene 3 2 11 3.99242 0 47 3.99242 1
gene 3 1 11 -3.79266 0 71 -3.79266 1
genomeend 45

/* Organism #46 Fitness: 9 Error: 1 */
genomestart 46
trait 1 0.1 0 0 0 0 0 0 0 
trait 2 0.135938 0 0 0 0 0 0 0 
trait 3 0.478707 0 0 0.143248 0.219037 0 0 0.0266923 
node 1 3 1 3
node 2 2 1 1
node 3 3 1 1
node 4 1 0 2
node 11 1 0 0
gene 2 1 4 -3.66277 0 1 -3.66277 1
gene 1 2 4 -7.56046 0 2 -7.56046 1
gene 1 3 4 3.42192 0 3 3.42192 0
gene 1 3 11 3.88785 0 16 3.88785 1
gene 1 11 4 8 0 17 8 1
gene 3 2 11 0.326914 0 47 0.326914 1
gene 3 1 11 -3.53143 0 71 -3.53143 1
genomeend 46

/* Organism #47 Fitness: 4 Error: 2 */
genomestart 47
trait 1 0.1 0 0 0 0 0 0 0 
trait 2 0.135938 0 0 0 0 0 0 0 
trait 3 0.482506 0 0 0.137756 0.220776 0 0 0.0266923 
node 1 3 1 3
node 2 2 1 1
node 3 3 1 1
node 4 1 0 2
node 11 1 0 0
gene 2 1 4 -5.86095 0 1 -5.86095 1
gene 1 2 4 -6.18949 0 2 -6.18949 1
gene 1 3 4 5.36724 0 3 5.36724 0
gene 1 3 11 1.90306 0 16 1.90306 1
gene 1 11 4 5.8927 0 17 5.8927 1
gene 3 2 11 0.897649 0 47 0.897649 1
gene 3 1 11 -3.05671 0 71 -3.05671 1
genomeend 47

/* Species #10 : (Size 10) (AF 7.04071) (Age 24)  */


/* Organism #48 Fitness: 9 Error: 1 */
genomestart 48
trait 1 1 0 0 0.921018 0 0 0 0.643757 
trait 2 0.2 0 0 0 0 0 0 0 
trait 3 0.728022 0.358501 0.269326 0 0 0 0.770806 0 
node 1 1 1 3
node 2 2 1 1
node 3 1 1 1
node 4 3 0 2
node 23 1 0 0
gene 1 1 4 0.516926 0 1 0.516926 1
gene 1 2 4 -8 0 2 -8 1
gene 2 3 4 5.659 0 3 5.659 1
gene 1 2 23 1.81707 0 54 1.81707 1
gene 1 23 4 -7.52495 0 55 -7.52495 1
gene 3 3 23 -1.64945 0 78 -1.64945 1
gene 3 1 23 0.852245 0 196 0.852245 1
genomeend 48

/* Organism #49 Fitness: 9 Error: 1 */
genomestart 49
trait 1 1 0 0 0.921018 0 0 0 0.643757 
trait 2 0.2 0 0 0 0 0 0 0 
trait 3 0.728022 0.358501 0.269326 0 0 0 0.770806 0 
node 1 1 1 3
node 2 2 1 1
node 3 1 1 1
node 4 3 0 2
node 23 1 0 0
gene 1 1 4 0.882996 0 1 0.882996 1
gene 1 2 4 -8 0 2 -8 1
gene 2 3 4 5.1775 0 3 5.1775 1
gene 1 2 23 3.35452 0 54 3.35452 1
gene 1 23 4 -8 0 55 -8 1
gene 3 3 23 -1.92503 0 78 -1.92503 1
gene 3 1 23 0.659139 0 196 0.659139 1
genomeend 49

/* Organism #50 Fitness: 4 Error: 2 */
genomestart 50
trait 1 1 0 0 0.921018 0 0 0 0.643757 
trait 2 0.2 0 0 0 0 0 0 0 
trait 3 0.728022 0.358501 0.269326 0 0 0 0.770806 0 
node 1 1 1 3
node 2 2 1 1
node 3 1 1 1
node 4 3 0 2
node 23 1 0 0
gene 1 1 4 -1.88778 0 1 -1.88778 1
gene 1 2 4 -0.838496 0 2 -0.838496 1
gene 2 3 4 6.44508 0 3 6.44508 1
gene 1 2 23 1.93297 0 54 1.93297 1
gene 1 23 4 -5.61853 0 55 -5.61853 1
gene 3 3 23 -5.86436 0 78 -5.86436 1
gene 3 1 23 1.40493 0 196 1.40493 1
genomeend 50

/* Organism #51 Fitness: 4.42839 Error: 1.89562 */
genomestart 51
trait 1 1 0 0 0.921018 0 0 0 0.643757 
trait 2 0.2 0 0 0 0 0 0 0 
trait 3 0.728022 0.358501 0.269326 0 0 0 0.770806 0 
node 1 1 1 3
node 2 2 1 1
node 3 1 1 1
node 4 3 0 2
node 23 1 0 0
gene 1 1 4 0.636254 0 1 0.636254 1
gene 1 2 4 -7.56404 0 2 -7.56404 1
gene 2 3 4 8 0 3 8 1
gene 1 2 23 4.01883 0 54 4.01883 1
gene 1 23 4 -8 0 55 -8 1
gene 3 3 23 -2.79344 0 78 -2.79344 1
gene 3 1 23 -0.744255 0 196 -0.744255 1
genomeend 51

/* Organism #52 Fitness: 9 Error: 1 */
genomestart 52
trait 1 1 0 0 0.921018 0 0 0 0.643757 
trait 2 0.2 0 0 0 0 0 0 0 
trait 3 0.728022 0.358501 0.269326 0 0 0 0.770806 0 
node 1 1 1 3
node 2 2 1 1
node 3 1 1 1
node 4 3 0 2
node 23 1 0 0
gene 1 1 4 -1.88778 0 1 -1.88778 1
gene 1 2 4 -8 0 2 -8 1
gene 2 3 4 7.33271 0 3 7.33271 1
gene 3 2 23 3.02881 0 54 3.02881 1
gene 1 23 4 -5.61853 0 55 -5.61853 1
gene 3 3 23 -3.40915 0 78 -3.40915 1
gene 3 1 23 0.647618 0 196 0.647618 1
genomeend 52

/* Organism #53 Fitness: 8.97895 Error: 1.00351 */
genomestart 53
trait 1 1 0 0 0.921018 0 0 0 0.643757 
trait 2 0.2 0 0 0 0 0 0 0 
trait 3 0.728022 0.358501 0.269326 0 0 0 0.770806 0 
node 1 1 1 3
node 2 2 1 1
node 3 1 1 1
node 4 3 0 2
node 23 1 0 0
gene 1 1 4 0.681803 0 1 0.681803 1
gene 1 2 4 -8 0 2 -8 1
gene 2 3 4 7.9337 0 3 7.9337 1
gene 1 2 23 0.606784 0 54 0.606784 1
gene 1 23 4 -7.56043 0 55 -7.56043 1
gene 3 3 23 -1.6921 0 78 -1.6921 1
gene 3 1 23 2.58486 0 196 2.58486 1
genomeend 53

/* Organism #54 Fitness: 4.00143 Error: 1.99964 */
genomestart 54
trait 1 1 0 0 0.921018 0 0 0 0.643757 
trait 2 0.2 0 0 0 0 0 0 0 
trait 3 0.728022 0.358501 0.269326 0 0 0 0.770806 0 
node 1 1 1 3
node 2 2 1 1
node 3 1 1 1
node 4 1 0 2
node 23 1 0 0
gene 1 1 4 2.4518 0 1 2.4518 1
gene 1 2 4 -8 0 2 -8 1
gene 2 3 4 3.92532 0 3 3.92532 1
gene 1 2 23 0.333644 0 54 0.333644 1
gene 1 23 4 -8 0 55 -8 1
gene 3 3 23 -0.381634 0 78 -0.381634 1
gene 3 1 23 1.70951 0 196 1.70951 1
genomeend 54

/* Organism #55 Fitness: 4.00005 Error: 1.99999 */
genomestart 55
trait 1 1 0 0 0.921018 0 0 0 0.643757 
trait 2 0.0208258 0 0.462355 0 0 0 0.0974151 0 
trait 3 0.728022 0.358501 0.269326 0 0 0 0.770806 0 
node 1 1 1 3
node 2 2 1 1
node 3 1 1 1
node 4 3 0 2
node 23 1 0 0
gene 1 1 4 1.95145 0 1 1.95145 1
gene 1 2 4 -6.56197 0 2 -6.56197 1
gene 2 3 4 3.26101 0 3 3.26101 1
gene 1 2 23 3.09046 0 54 3.09046 1
gene 1 23 4 -8 0 55 -8 1
gene 3 3 23 -0.0574511 0 78 -0.0574511 1
gene 3 1 23 0.612369 0 196 0.612369 1
genomeend 55

/* Organism #56 Fitness: 8.99824 Error: 1.00029 */
genomestart 56
trait 1 1 0 0 0.921018 0 0 0 0.643757 
trait 2 0.2 0 0 0 0 0 0 0 
trait 3 0.728022 0.358501 0.269326 0 0 0 0.770806 0 
node 1 1 1 3
node 2 2 1 1
node 3 1 1 1
node 4 3 0 2
node 23 1 0 0
gene 1 1 4 -1.63913 0 1 -1.63913 1
gene 1 2 4 -5.58568 0 2 -5.58568 1
gene 2 3 4 3.51851 0 3 3.51851 1
gene 1 2 23 0.145802 0 54 0.145802 1
gene 1 23 4 -4.87175 0 55 -4.87175 1
gene 3 3 23 -3.32736 0 78 -3.32736 1
gene 3 1 23 -0.800333 0 196 -0.800333 1
genomeend 56

/* Organism #57 Fitness: 9 Error: 1 */
genomestart 57
trait 1 1 0 0 0.921018 0 0 0 0.643757 
trait 2 0.2 0 0 0 0 0 0 0 
trait 3 0.728022 0.358501 0.269326 0 0 0 0.770806 0 
node 1 1 1 3
node 2 2 1 1
node 3 1 1 1
node 4 3 0 2
node 23 1 0 0
gene 1 1 4 -1.88778 0 1 -1.88778 1
gene 1 2 4 -8 0 2 -8 1
gene 2 3 4 5.659 0 3 5.659 1
gene 1 2 23 3.02881 0 54 3.02881 1
gene 1 23 4 -7.52495 0 55 -7.52495 1
gene 3 3 23 -1.64945 0 78 -1.64945 1
gene 3 1 23 0.647618 0 196 0.647618 1
genomeend 57

/* Species #11 : (Size 11) (AF 7.24728) (Age 24)  */


/* Organism #58 Fitness: 9 Error: 1 */
genomestart 58
trait 1 0.1 0 0.31904 0.433119 0 0.619404 0.704184 0 
trait 2 0.2 0 0 0 0 0 0 0 
trait 3 0.3 0 0 0 0 0 0 0 
node 1 1 1 3
node 2 2 1 1
node 3 1 1 1
node 4 3 0 2
node 13 1 0 0
node 21 1 0 0
node 25 1 0 0
node 31 1 0 0
gene 3 1 4 -2.0473 0 1 -2.0473 1
gene 1 2 4 6.13215 0 2 6.13215 1
gene 2 3 4 -5.53665 0 3 -5.53665 1
gene 2 3 13 -2.59078 0 20 -2.59078 1
gene 2 13 4 0.035865 0 21 0.035865 1
gene 2 1 13 -1.34232 0 43 -1.34232 1
gene 1 2 21 0.134419 0 48 0.134419 1
gene 1 21 4 4.49695 0 49 4.49695 1
gene 2 13 25 0.994724 0 65 0.994724 1
gene 2 25 4 -2.5954 0 66 -2.5954 1
gene 2 3 31 1.48447 0 87 1.48447 1
gene 1 31 4 -7.37605 0 88 -7.37605 1
gene 3 2 31 -0.784082 0 173 -0.784082 1
genomeend 58

/* Organism #59 Fitness: 9 Error: 1 */
genomestart 59
trait 1 0.1 0 0.31904 0.433119 0 0.619404 0.704184 0 
trait 2 0.2 0 0 0 0 0 0 0 
trait 3 0.3 0 0 0 0 0 0 0 
node 1 1 1 3
node 2 2 1 1
node 3 1 1 1
node 4 3 0 2
node 13 1 0 0
node 21 1 0 0
node 25 1 0 0
node 31 1 0 0
gene 3 1 4 -2.0473 0 1 -2.0473 1
gene 1 2 4 6.13215 0 2 6.13215 1
gene 2 3 4 -3.63214 0 3 -3.63214 1
gene 2 3 13 -1.73878 0 20 -1.73878 1
gene 2 13 4 0.221646 0 21 0.221646 1
gene 2 1 13 -2.22781 0 43 -2.22781 1
gene 1 2 21 0.134419 0 48 0.134419 1
gene 1 21 4 3.152 0 49 3.152 1
gene 2 13 25 0.994724 0 65 0.994724 1
gene 2 25 4 -2.5954 0 66 -2.5954 1
gene 2 3 31 4.74262 0 87 4.74262 1
gene 1 31 4 -7.37605 0 88 -7.37605 1
gene 3 2 31 -0.784082 0 173 -0.784082 1
genomeend 59

/* Organism #60 Fitness: 4.72291 Error: 1.82677 */
genomestart 60
trait 1 0.1 0 0.31904 0.433119 0 0.619404 0.704184 0 
trait 2 0.2 0 0 0 0 0 0 0 
trait 3 0.3 0 0 0 0 0 0 0 
node 1 1 1 3
node 2 2 1 1
node 3 1 1 1
node 4 3 0 2
node 13 1 0 0
node 21 1 0 0
node 25 1 0 0
node 31 1 0 0
gene 3 1 4 0.35905 0 1 0.35905 1
gene 1 2 4 6.03495 0 2 6.03495 1
gene 2 3 4 -1.98111 0 3 -1.98111 1
gene 2 3 13 -0.52987 0 20 -0.52987 1
gene 2 13 4 1.36044 0 21 1.36044 1
gene 2 1 13 -0.444693 0 43 -0.444693 1
gene 1 2 21 0.23217 0 48 0.23217 1
gene 1 21 4 4.29392 0 49 4.29392 1
gene 2 13 25 -0.914209 0 65 -0.914209 1
gene 2 25 4 -4.43879 0 66 -4.43879 1
gene 2 3 31 2.40902 0 87 2.40902 1
gene 1 31 4 -5.18612 0 88 -5.18612 1
gene 3 2 31 -0.784082 0 173 -0.784082 1
genomeend 60

/* Organism #61 Fitness: 9 Error: 1 */
genomestart 61
trait 1 0.1 0 0.31904 0.433119 0 0.619404 0.704184 0 
trait 2 0.2 0 0 0 0 0 0 0 
trait 3 0.3 0 0 0 0 0 0 0 
node 1 1 1 3
node 2 2 1 1
node 3 1 1 1
node 4 3 0 2
node 13 1 0 0
node 21 1 0 0
node 25 1 0 0
node 31 1 0 0
gene 3 1 4 -0.822245 0 1 -0.822245 1
gene 1 2 4 6.1278 0 2 6.1278 1
gene 2 3 4 -4.5844 0 3 -4.5844 1
gene 2 3 13 -2.16478 0 20 -2.16478 1
gene 2 13 4 0.128756 0 21 0.128756 1
gene 2 1 13 -1.78507 0 43 -1.78507 1
gene 1 2 21 3.111 0 48 3.111 1
gene 1 21 4 3.82447 0 49 3.82447 1
gene 2 13 25 0.2598 0 65 0.2598 1
gene 2 25 4 -3.26635 0 66 -3.26635 1
gene 2 3 31 3.11354 0 87 3.11354 1
gene 1 31 4 -7.19756 0 88 -7.19756 1
gene 3 2 31 -1.417 0 173 -1.417 1
genomeend 61

/* Organism #62 Fitness: 9 Error: 1 */
genomestart 62
trait 1 0.1 0 0.31904 0.433119 0 0.619404 0.704184 0 
trait 2 0.2 0 0 0 0 0 0 0 
trait 3 0.3 0 0 0 0 0 0 0 
node 1 1 1 3
node 2 2 1 1
node 3 1 1 1
node 4 3 0 2
node 13 1 0 0
node 21 1 0 0
node 25 1 0 0
node 31 1 0 0
gene 3 1 4 1.64678 0 1 1.64678 1
gene 1 2 4 6.75606 0 2 6.75606 1
gene 2 3 4 -5.3334 0 3 -5.3334 1
gene 2 3 13 0.323237 0 20 0.323237 1
gene 2 13 4 -1.32293 0 21 -1.32293 1
gene 2 1 13 -3.23386 0 43 -3.23386 1
gene 1 2 21 1.93574 0 48 1.93574 1
gene 1 21 4 3.33205 0 49 3.33205 1
gene 2 13 25 -1.52431 0 65 -1.52431 1
gene 2 25 4 -4.71331 0 66 -4.71331 1
gene 2 3 31 4.16361 0 87 4.16361 1
gene 1 31 4 -8 0 88 -8 1
gene 3 2 31 -0.97232 0 173 -0.97232 1
genomeend 62

/* Organism #63 Fitness: 3.99726 Error: 2.00069 */
genomestart 63
trait 1 0.1 0 0.31904 0.433119 0 0.619404 0.704184 0 
trait 2 0.2 0 0 0 0 0 0 0 
trait 3 0.3 0 0 0 0 0 0 0 
node 1 1 1 3
node 2 2 1 1
node 3 1 1 1
node 4 3 0 2
node 13 1 0 0
node 21 1 0 0
node 25 1 0 0
node 31 1 0 0
gene 3 1 4 -2.0473 0 1 -2.0473 1
gene 1 2 4 6.15706 0 2 6.15706 1
gene 2 3 4 -4.01691 0 3 -4.01691 1
gene 2 3 13 -3.61407 0 20 -3.61407 1
gene 2 13 4 -1.64785 0 21 -1.64785 1
gene 2 1 13 -1.5368 0 43 -1.5368 1
gene 1 2 21 1.30969 0 48 1.30969 1
gene 1 21 4 5.53938 0 49 5.53938 1
gene 2 13 25 1.02791 0 65 1.02791 1
gene 2 25 4 -2.5954 0 66 -2.5954 1
gene 2 3 31 -0.63535 0 87 -0.63535 1
gene 1 31 4 -1.80311 0 88 -1.80311 1
gene 3 2 31 -1.81355 0 173 -1.81355 1
genomeend 63

/* Organism #64 Fitness: 9 Error: 1 */
genomestart 64
trait 1 0.1 0 0.31904 0.433119 0 0.619404 0.704184 0 
trait 2 0.2 0 0 0 0 0 0 0 
trait 3 0.3 0 0 0 0 0 0 0 
node 1 1 1 3
node 2 2 1 1
node 3 1 1 1
node 4 3 0 2
node 13 1 0 0
node 21 1 0 0
node 25 1 0 0
node 31 1 0 0
gene 3 1 4 -0.0284967 0 1 -0.0284967 1
gene 1 2 4 6.18197 0 2 6.18197 1
gene 2 3 4 -4.35856 0 3 -4.35856 1
gene 2 3 13 -3.03735 0 20 -3.03735 1
gene 2 13 4 0.035865 0 21 0.035865 1
gene 2 1 13 -1.34232 0 43 -1.34232 1
gene 1 2 21 0.270226 0 48 0.270226 1
gene 1 21 4 2.05341 0 49 2.05341 1
gene 2 13 25 -0.284993 0 65 -0.284993 1
gene 2 25 4 -3.04761 0 66 -3.04761 1
gene 2 3 31 1.24482 0 87 1.24482 1
gene 1 31 4 -7.33745 0 88 -7.33745 1
gene 3 2 31 -0.898297 0 173 -0.898297 1
genomeend 64

/* Organism #65 Fitness: 4 Error: 2 */
genomestart 65
trait 1 0.1 0 0.31904 0.433119 0 0.619404 0.704184 0 
trait 2 0.2 0 0 0 0 0 0 0 
trait 3 0.3 0 0 0 0 0 0 0 
node 1 1 1 3
node 2 2 1 1
node 3 1 1 1
node 4 3 0 2
node 13 1 0 0
node 21 1 0 0
node 25 1 0 0
node 31 1 0 0
gene 3 1 4 -4.1794 0 1 -4.1794 1
gene 1 2 4 6.96782 0 2 6.96782 1
gene 2 3 4 -3.44972 0 3 -3.44972 1
gene 2 3 13 -2.09006 0 20 -2.09006 1
gene 2 13 4 0.589394 0 21 0.589394 1
gene 2 1 13 -1.34232 0 43 -1.34232 1
gene 1 2 21 2.66135 0 48 2.66135 1
gene 1 21 4 3.91641 0 49 3.91641 1
gene 2 13 25 1.44907 0 65 1.44907 1
gene 2 25 4 2.12355 0 66 2.12355 1
gene 3 3 31 0.0607013 0 87 0.0607013 1
gene 1 31 4 -6.75348 0 88 -6.75348 1
gene 3 2 31 -1.48511 0 173 -1.48511 1
genomeend 65

/* Organism #66 Fitness: 4.00002 Error: 2 */
genomestart 66
trait 1 0.1 0 0.31904 0.433119 0 0.619404 0.704184 0 
trait 2 0.2 0 0 0 0 0 0 0 
trait 3 0.3 0 0 0 0 0 0 0 
node 1 1 1 3
node 2 2 1 1
node 3 1 1 1
node 4 3 0 2
node 13 1 0 0
node 21 1 0 0
node 25 1 0 0
node 31 1 0 0
gene 3 1 4 -4.05427 0 1 -4.05427 1
gene 1 2 4 6.51576 0 2 6.51576 1
gene 2 3 4 -3.30148 0 3 -3.30148 1
gene 2 3 13 -0.43923 0 20 -0.43923 1
gene 2 13 4 -1.72337 0 21 -1.72337 1
gene 2 1 13 -0.234878 0 43 -0.234878 1
gene 1 2 21 4.43188 0 48 4.43188 1
gene 1 21 4 5.63956 0 49 5.63956 1
gene 2 13 25 1.80385 0 65 1.80385 1
gene 2 25 4 -2.03432 0 66 -2.03432 1
gene 2 3 31 0.466597 0 87 0.466597 1
gene 1 31 4 -6.21559 0 88 -6.21559 1
gene 3 2 31 -0.784082 0 173 -0.784082 1
genomeend 66

/* Organism #67 Fitness: 9 Error: 1 */
genomestart 67
trait 1 0.1 0 0.31904 0.433119 0 0.619404 0.704184 0 
trait 2 0.2 0 0 0 0 0 0 0 
trait 3 0.3 0 0 0 0 0 0 0 
node 1 1 1 3
node 2 2 1 1
node 3 1 1 1
node 4 3 0 2
node 13 1 0 0
node 21 1 0 0
node 25 1 0 0
node 31 1 0 0
gene 3 1 4 -0.118526 0 1 -0.118526 1
gene 1 2 4 4.31897 0 2 4.31897 1
gene 2 3 4 -6.23484 0 3 -6.23484 1
gene 2 3 13 -4.86625 0 20 -4.86625 1
gene 2 13 4 2.04993 0 21 2.04993 1
gene 2 1 13 -3.66577 0 43 -3.66577 1
gene 1 2 21 4.68435 0 48 4.68435 1
gene 1 21 4 3.72674 0 49 3.72674 1
gene 2 13 25 1.80446 0 65 1.80446 1
gene 2 25 4 -4.57552 0 66 -4.57552 1
gene 2 3 31 3.80761 0 87 3.80761 1
gene 1 31 4 -7.37605 0 88 -7.37605 1
gene 3 2 31 -0.784082 0 173 -0.784082 1
genomeend 67

/* Organism #68 Fitness: 8.99989 Error: 1.00002 */
genomestart 68
trait 1 0.1 0 0.31904 0.433119 0 0.619404 0.704184 0 
trait 2 0.2 0 0 0 0 0 0 0 
trait 3 0.3 0 0 0 0 0 0 0 
node 1 1 1 3
node 2 2 1 1
node 3 1 1 1
node 4 3 0 2
node 13 1 0 0
node 21 1 0 0
node 25 1 0 0
node 31 1 0 0
gene 3 1 4 -0.30736 0 1 -0.30736 1
gene 1 2 4 6.68667 0 2 6.68667 1
gene 2 3 4 -2.69156 0 3 -2.69156 1
gene 2 3 13 -1.5543 0 20 -1.5543 1
gene 3 13 4 1.00094 0 21 1.00094 1
gene 2 1 13 -1.05361 0 43 -1.05361 1
gene 1 2 21 6.13916 0 48 6.13916 1
gene 1 21 4 1.74097 0 49 1.74097 1
gene 2 13 25 -2.64941 0 65 -2.64941 1
gene 2 25 4 -2.09314 0 66 -2.09314 1
gene 2 3 31 5.20803 0 87 5.20803 1
gene 1 31 4 -6.60378 0 88 -6.60378 1
gene 3 2 31 -2.49374 0 173 -2.49374 1
genomeend 68

/* Species #12 : (Size 9) (AF 6.48655) (Age 24)  */


/* Organism #69 Fitness: 8.99999 Error: 1 */
genomestart 69
trait 1 0.1 0 0 0 0 0 0 0 
trait 2 0.125 0 0 0 0 0 0 0 
trait 3 0.1875 0 0 0.126495 0 0 0 0 
node 1 3 1 3
node 2 2 1 1
node 3 1 1 1
node 4 1 0 2
node 11 1 0 0
node 28 1 0 0
gene 2 1 4 -2.91948 0 1 -2.91948 1
gene 1 2 4 6.57598 0 2 6.57598 1
gene 1 3 4 -1.92019 0 3 -1.92019 0
gene 1 3 11 -0.18244 0 16 -0.18244 1
gene 1 11 4 8 0 17 8 1
gene 1 2 11 1.90014 0 47 1.90014 1
gene 1 3 28 -4.7461 0 72 -4.7461 1
gene 1 28 11 -4.00542 0 73 -4.00542 1
gene 3 1 11 1.44971 0 169 1.44971 1
gene 1 28 4 -0.801462 0 231 -0.801462 1
gene 3 2 28 2.10248 0 267 2.10248 1
genomeend 69

/* Organism #70 Fitness: 4 Error: 2 */
genomestart 70
trait 1 0.1 0 0 0 0 0 0 0 
trait 2 0.125 0 0 0 0 0 0 0 
trait 3 0.1875 0 0 0.126495 0 0 0 0 
node 1 3 1 3
node 2 2 1 1
node 3 1 1 1
node 4 1 0 2
node 11 1 0 0
node 28 1 0 0
gene 2 1 4 -4.21979 0 1 -4.21979 1
gene 1 2 4 7.69715 0 2 7.69715 1
gene 1 3 4 -0.850398 0 3 -0.850398 0
gene 1 3 11 0.258248 0 16 0.258248 1
gene 1 11 4 -0.829875 0 17 -0.829875 1
gene 1 2 11 3.54578 0 47 3.54578 1
gene 1 3 28 -4.93028 0 72 -4.93028 1
gene 1 28 11 0.153279 0 73 0.153279 1
gene 3 1 11 -0.610141 0 169 -0.610141 1
gene 1 28 4 -0.750954 0 231 -0.750954 1
gene 2 2 28 -1.24378 0 267 -1.24378 1
genomeend 70

/* Organism #71 Fitness: 9 Error: 1 */
genomestart 71
trait 1 0.1 0 0 0 0 0 0 0 
trait 2 0.125 0 0 0 0 0 0 0 
trait 3 0.1875 0 0 0.126495 0 0 0 0 
node 1 3 1 3
node 2 2 1 1
node 3 1 1 1
node 4 1 0 2
node 11 1 0 0
node 28 1 0 0
gene 2 1 4 -3.16061 0 1 -3.16061 1
gene 1 2 4 7.12386 0 2 7.12386 1
gene 1 3 4 -1.70553 0 3 -1.70553 0
gene 1 3 11 0.404508 0 16 0.404508 1
gene 1 11 4 7.03253 0 17 7.03253 1
gene 1 2 11 2.92293 0 47 2.92293 1
gene 1 3 28 -5.18553 0 72 -5.18553 1
gene 1 28 11 -4.1524 0 73 -4.1524 1
gene 3 1 11 1.20586 0 169 1.20586 1
gene 1 28 4 -0.801462 0 231 -0.801462 1
gene 3 2 28 1.41192 0 267 1.41192 1
genomeend 71

/* Organism #72 Fitness: 3.52299 Error: 2.12304 */
genomestart 72
trait 1 0.1 0 0 0 0 0 0 0 
trait 2 0.125 0 0 0 0 0 0 0 
trait 3 0.1875 0 0 0.126495 0 0 0 0 
node 1 3 1 3
node 2 2 1 1
node 3 1 1 1
node 4 1 0 2
node 11 1 0 0
node 28 1 0 0
gene 2 1 4 -5.00458 0 1 -5.00458 1
gene 1 2 4 0.248955 0 2 0.248955 1
gene 1 3 4 -2.43329 0 3 -2.43329 1
gene 1 3 11 1.74458 0 16 1.74458 1
gene 1 11 4 8 0 17 8 1
gene 1 2 11 1.90014 0 47 1.90014 1
gene 1 3 28 -4.07424 0 72 -4.07424 1
gene 1 28 11 -4.00542 0 73 -4.00542 1
gene 3 1 11 2.22602 0 169 2.22602 1
gene 1 28 4 -2.97461 0 231 -2.97461 1
gene 3 2 28 2.06235 0 267 2.06235 1
genomeend 72

/* Organism #73 Fitness: 4.00001 Error: 2 */
genomestart 73
trait 1 0.1 0 0 0 0 0 0 0 
trait 2 0.125 0 0 0 0 0 0 0 
trait 3 0.1875 0 0 0.126495 0 0 0 0 
node 1 3 1 3
node 2 2 1 1
node 3 1 1 1
node 4 1 0 2
node 11 1 0 0
node 28 1 0 0
gene 2 1 4 -1.29795 0 1 -1.29795 1
gene 1 2 4 5.06539 0 2 5.06539 1
gene 1 3 4 -1.74337 0 3 -1.74337 0
gene 1 3 11 -0.676687 0 16 -0.676687 1
gene 1 11 4 5.69189 0 17 5.69189 1
gene 1 2 11 2.7275 0 47 2.7275 1
gene 1 3 28 1.25912 0 72 1.25912 1
gene 1 28 11 -5.89856 0 73 -5.89856 1
gene 3 1 11 1.1375 0 169 1.1375 1
gene 1 28 4 -2.52896 0 231 -2.52896 1
gene 3 2 28 1.83995 0 267 1.83995 1
genomeend 73

/* Organism #74 Fitness: 4.07783 Error: 1.98064 */
genomestart 74
trait 1 0.1 0 0 0 0 0 0 0 
trait 2 0.125 0 0 0 0 0 0 0 
trait 3 0.1875 0 0 0.126495 0 0 0 0 
node 1 3 1 3
node 2 2 1 1
node 3 1 1 1
node 4 1 0 2
node 11 1 0 0
node 28 1 0 0
gene 2 1 4 -4.36544 0 1 -4.36544 1
gene 1 2 4 8 0 2 8 1
gene 1 3 4 -3.34014 0 3 -3.34014 0
gene 1 3 11 3.47795 0 16 3.47795 1
gene 1 11 4 3.57039 0 17 3.57039 1
gene 1 2 11 4.05742 0 47 4.05742 1
gene 1 3 28 -3.69352 0 72 -3.69352 1
gene 1 28 11 -5.43834 0 73 -5.43834 1
gene 3 1 11 2.85722 0 169 2.85722 1
gene 1 28 4 0.504044 0 231 0.504044 1
gene 3 2 28 -0.767098 0 267 -0.767098 1
genomeend 74

/* Organism #75 Fitness: 4.17917 Error: 1.9557 */
genomestart 75
trait 1 0.1 0 0 0 0 0 0 0 
trait 2 0.125 0 0 0 0 0 0 0 
trait 3 0.1875 0 0 0.126495 0 0 0 0 
node 1 3 1 3
node 2 2 1 1
node 3 1 1 1
node 4 1 0 2
node 11 1 0 0
node 28 1 0 0
gene 2 1 4 -4.37986 0 1 -4.37986 1
gene 1 2 4 7.67174 0 2 7.67174 1
gene 1 3 4 -1.04057 0 3 -1.04057 0
gene 1 3 11 0.338816 0 16 0.338816 1
gene 1 11 4 8 0 17 8 1
gene 1 2 11 1.57604 0 47 1.57604 1
gene 1 3 28 -7.93788 0 72 -7.93788 1
gene 1 28 11 -5.35388 0 73 -5.35388 1
gene 3 1 11 2.95076 0 169 2.95076 1
gene 1 28 4 -2.6946 0 231 -2.6946 1
gene 3 2 28 -0.187246 0 267 -0.187246 1
genomeend 75

/* Organism #76 Fitness: 11.599 Error: 0.594273 */
/* ##------$ WINNER 76 SPECIES #12 $------## */
genomestart 76
trait 1 0.1 0 0 0 0 0 0 0 
trait 2 0.125 0 0 0 0 0 0 0 
trait 3 0.1875 0 0 0.126495 0 0 0 0 
node 1 3 1 3
node 2 2 1 1
node 3 1 1 1
node 4 1 0 2
node 11 1 0 0
node 28 1 0 0
gene 2 1 4 -3.32888 0 1 -3.32888 1
gene 1 2 4 -0.433744 0 2 -0.433744 1
gene 1 3 4 -0.063448 0 3 -0.063448 0
gene 1 3 11 0.991455 0 16 0.991455 1
gene 1 11 4 3.66195 0 17 3.66195 1
gene 1 2 11 3.94572 0 47 3.94572 1
gene 1 3 28 -3.54627 0 72 -3.54627 1
gene 1 28 11 -3.89021 0 73 -3.89021 1
gene 3 1 11 1.10752 0 169 1.10752 1
gene 1 28 4 0.698752 0 231 0.698752 1
gene 3 2 28 1.98874 0 267 1.98874 1
genomeend 76

/* Organism #77 Fitness: 9 Error: 1 */
genomestart 77
trait 1 0.1 0 0 0 0 0 0 0 
trait 2 0.125 0 0 0 0 0 0 0 
trait 3 0.1875 0 0 0.126495 0 0 0 0 
node 1 3 1 3
node 2 2 1 1
node 3 1 1 1
node 4 1 0 2
node 11 1 0 0
node 28 1 0 0
gene 2 1 4 -2.91948 0 1 -2.91948 1
gene 1 2 4 6.57598 0 2 6.57598 1
gene 1 3 4 -1.49087 0 3 -1.49087 0
gene 1 3 11 0.991455 0 16 0.991455 1
gene 1 11 4 8 0 17 8 1
gene 1 2 11 3.94572 0 47 3.94572 1
gene 1 3 28 -5.62496 0 72 -5.62496 1
gene 1 28 11 -4.29939 0 73 -4.29939 1
gene 3 1 11 1.44971 0 169 1.44971 1
gene 1 28 4 -0.801462 0 231 -0.801462 1
gene 3 2 28 0.721366 0 267 0.721366 1
genomeend 77

/* Species #13 : (Size 7) (AF 6.54956) (Age 22)  */


/* Organism #78 Fitness: 9 Error: 1 */
genomestart 78
trait 1 0.1 0 0 0 0 0 0 0 
trait 2 0.15 0 0 0 0 0 0 0 
trait 3 0.167381 0 0 0.228919 0 0 0 0.0533845 
node 1 3 1 3
node 2 3 1 1
node 3 1 1 1
node 4 1 0 2
node 11 1 0 0
gene 2 1 4 -4.68476 0 1 -4.68476 1
gene 1 2 4 0.694372 0 2 0.694372 1
gene 1 3 4 1.63411 0 3 1.63411 1
gene 1 3 11 2.51428 0 16 2.51428 1
gene 1 11 4 8 0 17 8 1
gene 3 2 11 2.18932 0 57 2.18932 1
gene 3 1 11 -1.61406 0 71 -1.61406 1
genomeend 78

/* Organism #79 Fitness: 4.00034 Error: 1.99992 */
genomestart 79
trait 1 0.1 0 0 0 0 0 0 0 
trait 2 0.15 0 0 0 0 0 0 0 
trait 3 0.167381 0 0 0.228919 0 0 0 0.0533845 
node 1 3 1 3
node 2 3 1 1
node 3 1 1 1
node 4 1 0 2
node 11 1 0 0
gene 2 1 4 -5.55218 0 1 -5.55218 1
gene 1 2 4 3.623 0 2 3.623 1
gene 1 3 4 0.402692 0 3 0.402692 1
gene 1 3 11 4.00824 0 16 4.00824 1
gene 1 11 4 8 0 17 8 1
gene 3 2 11 0.660192 0 57 0.660192 1
gene 3 1 11 -1.81251 0 71 -1.81251 1
genomeend 79

/* Organism #80 Fitness: 8.999 Error: 1.00017 */
genomestart 80
trait 1 0.1 0 0 0 0 0 0 0 
trait 2 0.15 0 0 0 0 0 0 0 
trait 3 0.167381 0 0 0.228919 0 0 0 0.0533845 
node 1 3 1 3
node 2 3 1 1
node 3 1 1 1
node 4 1 0 2
node 11 1 0 0
gene 2 1 4 -5.45276 0 1 -5.45276 1
gene 1 2 4 1.83523 0 2 1.83523 1
gene 1 3 4 2.2335 0 3 2.2335 1
gene 1 3 11 2.10755 0 16 2.10755 1
gene 1 11 4 5.57668 0 17 5.57668 1
gene 3 2 11 4.12305 0 57 4.12305 1
gene 3 1 11 -1.63314 0 71 -1.63314 1
genomeend 80

/* Organism #81 Fitness: 4 Error: 2 */
genomestart 81
trait 1 0.1 0 0 0 0 0 0 0 
trait 2 0.15 0 0 0 0 0 0 0 
trait 3 0.167381 0 0 0.228919 0 0 0 0.0533845 
node 1 3 1 3
node 2 3 1 1
node 3 1 1 1
node 4 1 0 2
node 11 1 0 0
gene 2 1 4 -4.64566 0 1 -4.64566 1
gene 1 2 4 1.63324 0 2 1.63324 1
gene 1 3 4 -0.345775 0 3 -0.345775 1
gene 1 3 11 1.04554 0 16 1.04554 1
gene 1 11 4 -0.706885 0 17 -0.706885 1
gene 3 2 11 4.2848 0 57 4.2848 1
gene 3 1 11 0.96395 0 71 0.96395 1
genomeend 81

/* Organism #82 Fitness: 8.99964 Error: 1.00006 */
genomestart 82
trait 1 0.1 0 0 0 0 0 0 0 
trait 2 0.15 0 0 0 0 0 0 0 
trait 3 0.167381 0 0 0.228919 0 0 0 0.0533845 
node 1 3 1 3
node 2 3 1 1
node 3 1 1 1
node 4 1 0 2
node 11 1 0 0
gene 2 1 4 -4.1233 0 1 -4.1233 1
gene 1 2 4 0.694372 0 2 0.694372 1
gene 1 3 4 0.408185 0 3 0.408185 1
gene 1 3 11 1.5956 0 16 1.5956 1
gene 1 11 4 8 0 17 8 1
gene 3 2 11 3.0887 0 57 3.0887 1
gene 3 1 11 -0.203269 0 71 -0.203269 1
genomeend 82

/* Organism #83 Fitness: 6.84725 Error: 1.38327 */
genomestart 83
trait 1 0.1 0 0 0 0 0 0 0 
trait 2 0.15 0 0 0 0 0 0 0 
trait 3 0.167381 0 0 0.228919 0 0 0 0.0533845 
node 1 3 1 3
node 2 3 1 1
node 3 1 1 1
node 4 1 0 2
node 11 1 0 0
gene 2 1 4 -4.1233 0 1 -4.1233 1
gene 1 2 4 0.694372 0 2 0.694372 1
gene 1 3 4 0.408185 0 3 0.408185 1
gene 1 3 11 1.5956 0 16 1.5956 1
gene 1 11 4 7.98627 0 17 7.98627 1
gene 3 2 11 3.0887 0 57 3.0887 1
gene 3 1 11 -1.61406 0 71 -1.61406 1
genomeend 83

/* Organism #84 Fitness: 4.00066 Error: 1.99983 */
genomestart 84
trait 1 0.1 0 0 0 0 0 0 0 
trait 2 0.15 0 0 0 0 0 0 0 
trait 3 0.167381 0 0 0.228919 0 0 0 0.0533845 
node 1 3 1 3
node 2 3 1 1
node 3 1 1 1
node 4 1 0 2
node 11 1 0 0
gene 2 1 4 1.76473 0 1 1.76473 1
gene 1 2 4 3.10129 0 2 3.10129 1
gene 1 3 4 0.100787 0 3 0.100787 1
gene 1 3 11 3.67017 0 16 3.67017 1
gene 3 11 4 8 0 17 8 1
gene 3 2 11 3.21444 0 57 3.21444 1
gene 3 1 11 -1.61406 0 71 -1.61406 1
genomeend 84

/* Species #14 : (Size 10) (AF 8) (Age 21)  */


/* Organism #85 Fitness: 9 Error: 1 */
genomestart 85
trait 1 0.1 0 0 0 0 0 0 0 
trait 2 0.2 0 0 0 0 0 0 0 
trait 3 0.3 0 0 0 0 0 0 0 
node 1 1 1 3
node 2 2 1 1
node 3 1 1 1
node 4 3 0 2
node 13 1 0 0
node 21 1 0 0
node 34 1 0 0
gene 1 1 4 0.553644 0 1 0.553644 1
gene 1 2 4 7.82857 0 2 7.82857 1
gene 2 3 4 -7.93744 0 3 -7.93744 1
gene 2 3 13 1.91746 0 20 1.91746 1
gene 2 13 4 -4.04295 0 21 -4.04295 1
gene 2 1 13 -0.0667592 0 43 -0.0667592 1
gene 1 2 21 0.829234 0 48 0.829234 0
gene 1 21 4 -3.59741 0 49 -3.59741 1
gene 1 2 34 -1.43418 0 95 -1.43418 1
gene 1 34 21 5.61207 0 96 5.61207 1
genomeend 85

/* Organism #86 Fitness: 9 Error: 1 */
genomestart 86
trait 1 0.1 0 0 0.515366 0.456862 0 0 0 
trait 2 0.2 0 0 0 0 0 0 0 
trait 3 0.3 0 0 0 0 0 0 0 
node 1 1 1 3
node 2 2 1 1
node 3 1 1 1
node 4 3 0 2
node 13 1 0 0
node 21 1 0 0
node 34 1 0 0
gene 1 1 4 0.553644 0 1 0.553644 1
gene 1 2 4 7.82857 0 2 7.82857 1
gene 2 3 4 -7.93744 0 3 -7.93744 1
gene 2 3 13 1.91746 0 20 1.91746 1
gene 2 13 4 -4.04295 0 21 -4.04295 1
gene 1 1 13 -0.0667592 0 43 -0.0667592 1
gene 1 2 21 0.829234 0 48 0.829234 0
gene 1 21 4 -3.59741 0 49 -3.59741 1
gene 1 2 34 -1.43418 0 95 -1.43418 1
gene 1 34 21 5.61207 0 96 5.61207 1
genomeend 86

/* Organism #87 Fitness: 9 Error: 1 */
genomestart 87
trait 1 0.1 0 0 0 0 0 0 0 
trait 2 0.2 0.195227 0 0 0 0 0.157506 0 
trait 3 0.3 0 0 0 0 0 0 0 
node 1 1 1 3
node 2 2 1 1
node 3 1 1 1
node 4 3 0 2
node 13 1 0 0
node 21 1 0 0
node 34 1 0 0
gene 1 1 4 0.553644 0 1 0.553644 1
gene 1 2 4 7.82857 0 2 7.82857 1
gene 2 3 4 -7.93744 0 3 -7.93744 1
gene 2 3 13 1.91746 0 20 1.91746 1
gene 2 13 4 -4.04295 0 21 -4.04295 1
gene 2 1 13 -0.0667592 0 43 -0.0667592 1
gene 1 2 21 0.829234 0 48 0.829234 0
gene 1 21 4 -3.59741 0 49 -3.59741 1
gene 1 2 34 -1.43418 0 95 -1.43418 1
gene 1 34 21 5.61207 0 96 5.61207 1
genomeend 87

/* Organism #88 Fitness: 9 Error: 1 */
genomestart 88
trait 1 0.1 0 0 0 0 0 0 0 
trait 2 0.2 0 0 0 0 0 0 0 
trait 3 0.3 0 0 0 0 0 0 0 
node 1 1 1 3
node 2 2 1 1
node 3 1 1 1
node 4 3 0 2
node 13 1 0 0
node 21 1 0 0
node 34 1 0 0
gene 1 1 4 0.553644 0 1 0.553644 1
gene 1 2 4 7.90746 0 2 7.90746 1
gene 2 3 4 -7.93744 0 3 -7.93744 1
gene 2 3 13 1.91746 0 20 1.91746 1
gene 2 13 4 -5.51852 0 21 -5.51852 1
gene 2 1 13 -0.0667592 0 43 -0.0667592 1
gene 1 2 21 0.829234 0 48 0.829234 0
gene 1 21 4 -3.59741 0 49 -3.59741 1
gene 1 2 34 -2.0063 0 95 -2.0063 1
gene 1 34 21 5.61207 0 96 5.61207 1
genomeend 88

/* Organism #89 Fitness: 4 Error: 2 */
genomestart 89
trait 1 0.1 0 0 0 0 0 0 0 
trait 2 0.2 0 0 0 0 0 0 0 
trait 3 0.3 0 0 0 0 0 0 0 
node 1 1 1 3
node 2 2 1 1
node 3 1 1 1
node 4 3 0 2
node 13 1 0 0
node 21 1 0 0
node 34 1 0 0
gene 1 1 4 2.44961 0 1 2.44961 1
gene 1 2 4 6.727 0 2 6.727 1
gene 2 3 4 0.431608 0 3 0.431608 1
gene 2 3 13 0.317469 0 20 0.317469 1
gene 2 13 4 -3.0643 0 21 -3.0643 1
gene 2 1 13 2.41821 0 43 2.41821 1
gene 1 2 21 1.40626 0 48 1.40626 0
gene 1 21 4 -5.89232 0 49 -5.89232 1
gene 1 2 34 -2.82918 0 95 -2.82918 1
gene 1 34 21 -0.105213 0 96 -0.105213 1
genomeend 89

/* Organism #90 Fitness: 9 Error: 1 */
genomestart 90
trait 1 0.1 0 0 0 0 0 0 0 
trait 2 0.2 0 0 0 0 0 0 0 
trait 3 0.3 0 0 0 0 0 0 0 
node 1 1 1 3
node 2 2 1 1
node 3 1 1 1
node 4 3 0 2
node 13 1 0 0
node 21 1 0 0
node 34 1 0 0
gene 1 1 4 1.24657 0 1 1.24657 1
gene 1 2 4 7.90746 0 2 7.90746 1
gene 2 3 4 -7.87487 0 3 -7.87487 1
gene 2 3 13 2.7607 0 20 2.7607 1
gene 2 13 4 -5.51852 0 21 -5.51852 1
gene 2 1 13 -1.3567 0 43 -1.3567 1
gene 1 2 21 -0.0228126 0 48 -0.0228126 0
gene 1 21 4 -5.42379 0 49 -5.42379 1
gene 1 2 34 -2.0063 0 95 -2.0063 1
gene 1 34 21 5.49792 0 96 5.49792 1
gene 2 2 13 0.182806 0 293 0.182806 1
gene 1 1 34 0.393048 0 301 0.393048 1
genomeend 90

/* Organism #91 Fitness: 8.99999 Error: 1 */
genomestart 91
trait 1 0.1 0 0 0 0 0 0 0 
trait 2 0.2 0.932737 0 0 0 0 0 0 
trait 3 0.3 0 0 0 0 0 0 0 
node 1 1 1 3
node 2 2 1 1
node 3 1 1 1
node 4 3 0 2
node 13 1 0 0
node 21 1 0 0
node 34 1 0 0
gene 1 1 4 1.9327 0 1 1.9327 1
gene 1 2 4 8 0 2 8 1
gene 2 3 4 -6.25762 0 3 -6.25762 1
gene 2 3 13 0.833368 0 20 0.833368 1
gene 2 13 4 -5.14765 0 21 -5.14765 1
gene 2 1 13 0.227287 0 43 0.227287 1
gene 1 2 21 0.626438 0 48 0.626438 1
gene 1 21 4 -3.59741 0 49 -3.59741 1
gene 1 2 34 0.0611133 0 95 0.0611133 1
gene 1 34 21 -0.538423 0 96 -0.538423 1
genomeend 91

/* Organism #92 Fitness: 8.99998 Error: 1 */
genomestart 92
trait 1 0.1 0 0 0 0 0 0 0 
trait 2 0.2 0 0 0 0 0 0 0 
trait 3 0.3 0 0 0 0 0.26957 0.985565 0 
node 1 1 1 3
node 2 2 1 1
node 3 1 1 1
node 4 3 0 2
node 13 1 0 0
node 21 1 0 0
node 34 1 0 0
gene 1 1 4 -1.29089 0 1 -1.29089 1
gene 1 2 4 5.75507 0 2 5.75507 1
gene 2 3 4 -8 0 3 -8 1
gene 2 3 13 4.2548 0 20 4.2548 1
gene 2 13 4 -3.1393 0 21 -3.1393 1
gene 2 1 13 -1.26659 0 43 -1.26659 1
gene 1 2 21 1.38551 0 48 1.38551 0
gene 1 21 4 -1.85312 0 49 -1.85312 1
gene 1 2 34 0.00599307 0 95 0.00599307 1
gene 1 34 21 4.58924 0 96 4.58924 1
genomeend 92

/* Organism #93 Fitness: 9 Error: 1 */
genomestart 93
trait 1 0.1 0 0 0 0 0 0 0 
trait 2 0.2 0 0 0 0 0 0 0 
trait 3 0.3 0 0 0 0 0 0 0 
node 1 1 1 3
node 2 2 1 1
node 3 1 1 1
node 4 3 0 2
node 13 1 0 0
node 21 1 0 0
node 34 1 0 0
gene 1 1 4 0.488487 0 1 0.488487 1
gene 1 2 4 5.85089 0 2 5.85089 1
gene 2 3 4 -8 0 3 -8 1
gene 2 3 13 -0.0382406 0 20 -0.0382406 1
gene 2 13 4 -5.09416 0 21 -5.09416 1
gene 2 1 13 -1.89978 0 43 -1.89978 1
gene 1 2 21 1.72755 0 48 1.72755 0
gene 1 21 4 -5.74263 0 49 -5.74263 1
gene 1 2 34 -3.58756 0 95 -3.58756 1
gene 1 34 21 5.30505 0 96 5.30505 1
genomeend 93

/* Organism #94 Fitness: 4 Error: 2 */
genomestart 94
trait 1 0.1 0 0 0 0 0 0 0 
trait 2 0.2 0 0 0 0 0 0 0 
trait 3 0.3 0 0 0 0 0 0 0 
node 1 1 1 3
node 2 2 1 1
node 3 1 1 1
node 4 3 0 2
node 13 1 0 0
node 21 1 0 0
node 34 1 0 0
gene 1 1 4 -0.488334 0 1 -0.488334 1
gene 1 2 4 8 0 2 8 1
gene 2 3 4 -5.81266 0 3 -5.81266 1
gene 2 3 13 3.9317 0 20 3.9317 1
gene 3 13 4 -7.45111 0 21 -7.45111 1
gene 2 1 13 -0.950041 0 43 -0.950041 1
gene 1 2 21 -1.52676 0 48 -1.52676 0
gene 1 21 4 -7.23682 0 49 -7.23682 1
gene 1 2 34 -4.08538 0 95 -4.08538 1
gene 1 34 21 5.60306 0 96 5.60306 1
gene 2 2 13 1.41224 0 293 1.41224 1
genomeend 94

/* Species #16 : (Size 11) (AF 8.5449) (Age 18)  */


/* Organism #95 Fitness: 9 Error: 1 */
genomestart 95
trait 1 0.1 0 0 0 0 0 0 0 
trait 2 0.2 0 0 0 0 0 0 0 
trait 3 0.3 0 0 0 0 0 0 0 
node 1 1 1 3
node 2 2 1 1
node 3 1 1 1
node 4 1 0 2
node 13 1 0 0
node 21 1 0 0
node 50 1 0 0
node 75 1 0 0
gene 1 1 4 -5.3431 0 1 -5.3431 1
gene 1 2 4 7.44867 0 2 7.44867 1
gene 2 3 4 -8 0 3 -8 1
gene 2 3 13 3.40721 0 20 3.40721 1
gene 2 13 4 -6.55051 0 21 -6.55051 1
gene 1 1 13 -1.12983 0 43 -1.12983 1
gene 1 2 21 4.11872 0 48 4.11872 1
gene 1 21 4 8 0 49 8 1
gene 2 3 21 1.96031 0 124 1.96031 1
gene 2 3 50 -0.126705 0 138 -0.126705 1
gene 2 50 13 4.47192 0 139 4.47192 1
gene 2 13 75 1.99807 0 221 1.49807 1
gene 2 75 4 -6.30407 0 222 -2.91292 1
gene 2 2 50 -1.09563 0 262 -1.09563 1
genomeend 95

/* Organism #96 Fitness: 9 Error: 1 */
genomestart 96
trait 1 0.1 0 0 0 0 0 0 0 
trait 2 0.2 0 0 0 0.931211 0.620563 0.884121 0.64977 
trait 3 0.3 0 0 0 0 0 0 0 
node 1 1 1 3
node 2 2 1 1
node 3 1 1 1
node 4 1 0 2
node 13 1 0 0
node 21 1 0 0
node 50 1 0 0
node 75 1 0 0
gene 1 1 4 -3.23832 0 1 -3.23832 1
gene 1 2 4 8 0 2 8 1
gene 2 3 4 -8 0 3 -8 1
gene 2 3 13 2.70856 0 20 2.70856 1
gene 2 13 4 -7.96313 0 21 -7.96313 1
gene 1 1 13 -3.14749 0 43 -3.14749 1
gene 1 2 21 5.34915 0 48 5.34915 1
gene 1 21 4 8 0 49 8 1
gene 2 3 21 -0.415555 0 124 -0.415555 1
gene 2 3 50 2.19476 0 138 2.19476 1
gene 2 50 13 5.80222 0 139 5.80222 1
gene 2 13 75 -0.144787 0 221 -0.144787 1
gene 2 75 4 -8 0 222 -8 1
gene 2 2 50 -1.09563 0 262 -1.09563 1
genomeend 96

/* Organism #97 Fitness: 9 Error: 1 */
genomestart 97
trait 1 0.1 0 0 0 0 0 0 0 
trait 2 0.2 0 0 0 0 0 0 0 
trait 3 0.3 0.168813 0.400388 0 0 0.247612 0 0 
node 1 1 1 3
node 2 2 1 1
node 3 1 1 1
node 4 1 0 2
node 13 1 0 0
node 21 1 0 0
node 50 1 0 0
node 75 1 0 0
gene 1 1 4 -7.44705 0 1 -7.44705 1
gene 1 2 4 5.39825 0 2 5.39825 1
gene 2 3 4 -8 0 3 -8 1
gene 2 3 13 -2.43614 0 20 -2.43614 1
gene 2 13 4 0.149998 0 21 0.149998 0
gene 1 1 13 -2.43709 0 43 -2.43709 1
gene 1 2 21 7.06813 0 48 7.06813 1
gene 1 21 4 7.93629 0 49 7.93629 1
gene 2 3 21 3.08171 0 124 3.08171 1
gene 2 3 50 1.05766 0 138 1.05766 1
gene 2 50 13 4.75065 0 139 4.75065 1
gene 2 13 75 -1.49327 0 221 -1.49327 1
gene 2 75 4 -5.71899 0 222 -5.71899 1
gene 2 2 50 -1.12977 0 262 -1.12977 1
genomeend 97

/* Organism #98 Fitness: 9 Error: 1 */
genomestart 98
trait 1 0.1 0 0 0 0 0 0 0 
trait 2 0.2 0 0 0 0 0 0 0 
trait 3 0.3 0.337626 0.800775 0 0 0.495224 0 0 
node 1 1 1 3
node 2 2 1 1
node 3 1 1 1
node 4 1 0 2
node 13 1 0 0
node 21 1 0 0
node 50 1 0 0
node 75 1 0 0
gene 1 1 4 -5.43817 0 1 -5.43817 1
gene 1 2 4 7.73457 0 2 7.73457 1
gene 2 3 4 -8 0 3 -8 1
gene 2 3 13 3.37871 0 20 3.37871 1
gene 2 13 4 -8 0 21 -8 0
gene 1 1 13 -3.74435 0 43 -3.74435 1
gene 1 2 21 5.26534 0 48 5.26534 1
gene 1 21 4 7.39543 0 49 7.39543 1
gene 2 3 21 4.20312 0 124 4.20312 1
gene 2 3 50 0.259697 0 138 0.259697 1
gene 2 50 13 5.0274 0 139 5.0274 1
gene 2 13 75 3.05832 0 221 3.05832 1
gene 2 75 4 -6.63695 0 222 -6.63695 1
gene 2 2 50 -1.61483 0 262 -1.61483 1
genomeend 98

/* Organism #99 Fitness: 9 Error: 1 */
genomestart 99
trait 1 0.1 0 0 0 0 0 0 0 
trait 2 0.2 0 0 0 0 0 0 0 
trait 3 0.3 0 0 0 0 0 0 0 
node 1 1 1 3
node 2 2 1 1
node 3 1 1 1
node 4 1 0 2
node 13 1 0 0
node 21 1 0 0
node 50 1 0 0
node 75 1 0 0
gene 1 1 4 -3.86036 0 1 -3.86036 1
gene 1 2 4 7.86128 0 2 7.86128 1
gene 2 3 4 -6.28822 0 3 -6.28822 1
gene 2 3 13 4.96281 0 20 4.96281 1
gene 2 13 4 -6.73293 0 21 -6.73293 1
gene 1 1 13 -2.50858 0 43 -2.50858 1
gene 1 2 21 6.14653 0 48 6.14653 1
gene 1 21 4 8 0 49 8 1
gene 2 3 21 0.149113 0 124 0.149113 1
gene 2 3 50 -2.46122 0 138 -2.46122 1
gene 2 50 13 5.35177 0 139 5.35177 1
gene 2 13 75 2.73212 0 221 2.73212 1
gene 2 75 4 -5.70919 0 222 -5.70919 1
gene 2 2 50 -1.87973 0 262 -1.87973 1
genomeend 99

/* Organism #100 Fitness: 4 Error: 2 */
genomestart 100
trait 1 0.1 0 0 0 0 0 0 0 
trait 2 0.2 0 0 0 0 0 0 0 
trait 3 0.3 0.168813 0.400388 0 0 0.247612 0 0 
node 1 1 1 3
node 2 2 1 1
node 3 1 1 1
node 4 1 0 2
node 13 1 0 0
node 21 1 0 0
node 50 1 0 0
node 75 1 0 0
gene 1 1 4 -7.24502 0 1 -7.24502 1
gene 1 2 4 6.05753 0 2 6.05753 1
gene 2 3 4 -8 0 3 -8 1
gene 2 3 13 3.52572 0 20 3.52572 1
gene 2 13 4 -7.16935 0 21 -7.16935 1
gene 1 1 13 -0.0221641 0 43 -0.0221641 1
gene 1 2 21 3.03618 0 48 3.03618 1
gene 1 21 4 7.44838 0 49 7.44838 1
gene 2 3 21 1.43432 0 124 1.43432 1
gene 2 3 50 -1.29112 0 138 -1.29112 1
gene 2 50 13 5.92584 0 139 5.92584 1
gene 2 13 75 1.75974 0 221 1.75974 1
gene 2 75 4 -6.30441 0 222 -6.30441 1
gene 2 2 50 0.763115 0 262 0.763115 1
genomeend 100

/* Organism #101 Fitness: 8.99637 Error: 1.00061 */
genomestart 101
trait 1 0.1 0 0 0 0 0 0 0 
trait 2 0.2 0 0 0 0 0 0 0 
trait 3 0.3 0 0 0 0 0 0 0 
node 1 1 1 3
node 2 2 1 1
node 3 1 1 1
node 4 1 0 2
node 13 1 0 0
node 21 1 0 0
node 50 1 0 0
node 75 1 0 0
gene 1 1 4 -0.434507 0 1 -0.434507 1
gene 1 2 4 6.59163 0 2 6.59163 1
gene 2 3 4 0.805994 0 3 0.805994 1
gene 2 3 13 4.92993 0 20 4.92993 1
gene 2 13 4 -5.22417 0 21 -5.22417 1
gene 1 1 13 -0.743355 0 43 -0.743355 1
gene 1 2 21 2.02462 0 48 2.02462 1
gene 1 21 4 -0.132908 0 49 -0.132908 1
gene 2 3 21 1.26991 0 124 1.26991 1
gene 2 3 50 -2.26157 0 138 -2.26157 1
gene 2 50 13 2.11783 0 139 2.11783 1
gene 2 13 75 2.83596 0 221 2.83596 1
gene 2 75 4 -7.48048 0 222 -7.48048 1
gene 2 2 50 -2.63483 0 262 -2.63483 1
genomeend 101

/* Organism #102 Fitness: 9 Error: 1 */
genomestart 102
trait 1 0.1 0 0 0 0 0 0 0 
trait 2 0.2 0 0 0 0 0 0 0 
trait 3 0.3 0 0 0 0 0 0 0 
node 1 1 1 3
node 2 2 1 1
node 3 1 1 1
node 4 1 0 2
node 13 1 0 0
node 21 1 0 0
node 50 1 0 0
node 75 1 0 0
gene 1 1 4 -3.8113 0 1 -3.8113 1
gene 1 2 4 8 0 2 8 1
gene 2 3 4 -8 0 3 -8 1
gene 2 3 13 3.92564 0 20 3.92564 1
gene 2 13 4 -6.75368 0 21 -6.75368 1
gene 1 1 13 -2.03074 0 43 -2.03074 1
gene 1 2 21 3.18432 0 48 3.18432 1
gene 1 21 4 8 0 49 8 1
gene 2 3 21 0.455367 0 124 0.455367 1
gene 2 3 50 -1.12817 0 138 -1.12817 1
gene 2 50 13 6.50278 0 139 6.50278 1
gene 2 13 75 0.0280999 0 221 0.0280999 1
gene 2 75 4 -7.15714 0 222 -7.15714 1
gene 2 2 50 -1.257 0 262 -1.257 1
genomeend 102

/* Organism #103 Fitness: 9 Error: 1 */
genomestart 103
trait 1 0.1 0 0 0 0 0 0 0 
trait 2 0.2 0 0 0 0 0 0 0 
trait 3 0.3 0.168813 0.400388 0 0 0.247612 0 0 
node 1 1 1 3
node 2 2 1 1
node 3 1 1 1
node 4 1 0 2
node 13 1 0 0
node 21 1 0 0
node 50 2 0 0
node 75 1 0 0
gene 1 1 4 -3.04041 0 1 -3.04041 1
gene 1 2 4 7.53307 0 2 7.53307 1
gene 2 3 4 -7.38612 0 3 -7.38612 1
gene 2 3 13 5.72406 0 20 5.72406 1
gene 2 13 4 -7.13921 0 21 -7.13921 1
gene 1 1 13 -0.645734 0 43 -0.645734 1
gene 1 2 21 5.83737 0 48 5.83737 1
gene 1 21 4 8 0 49 8 1
gene 2 3 21 5.64649 0 124 5.64649 1
gene 2 3 50 -0.555605 0 138 -0.555605 1
gene 2 50 13 5.49193 0 139 5.49193 1
gene 2 13 75 3.59678 0 221 3.59678 1
gene 2 75 4 -6.30407 0 222 -6.30407 1
gene 2 2 50 -2.20971 0 262 -2.20971 1
genomeend 103

/* Organism #104 Fitness: 8.99752 Error: 1.00041 */
genomestart 104
trait 1 0.1 0 0 0 0 0 0 0 
trait 2 0.2 0 0 0 0 0 0 0 
trait 3 0.3 0 0 0 0 0 0 0 
node 1 1 1 3
node 2 2 1 1
node 3 1 1 1
node 4 1 0 2
node 13 1 0 0
node 21 1 0 0
node 50 1 0 0
node 75 1 0 0
gene 1 1 4 -5.11338 0 1 -5.11338 1
gene 1 2 4 8 0 2 8 1
gene 2 3 4 -7.51941 0 3 -7.51941 1
gene 2 3 13 5.05742 0 20 5.05742 1
gene 2 13 4 -6.33314 0 21 -6.33314 1
gene 1 1 13 0.438894 0 43 0.438894 1
gene 1 2 21 2.10626 0 48 2.10626 1
gene 1 21 4 8 0 49 8 1
gene 2 3 21 1.54457 0 124 1.54457 1
gene 2 3 50 -1.63112 0 138 -1.63112 1
gene 2 50 13 2.85841 0 139 2.85841 1
gene 2 13 75 3.85329 0 221 3.85329 1
gene 2 75 4 1.3834 0 222 1.3834 1
gene 2 2 50 -1.09563 0 262 -1.09563 1
genomeend 104

/* Organism #105 Fitness: 9 Error: 1 */
genomestart 105
trait 1 0.1 0 0 0 0 0 0 0 
trait 2 0.2 0 0 0 0 0 0 0 
trait 3 0.3 0.168813 0.400388 0 0 0.247612 0 0 
node 1 1 1 3
node 2 2 1 1
node 3 1 1 1
node 4 1 0 2
node 13 1 0 0
node 21 1 0 0
node 50 1 0 0
node 75 1 0 0
gene 1 1 4 -5.43817 0 1 -5.43817 1
gene 1 2 4 7.73457 0 2 7.73457 1
gene 2 3 4 -8 0 3 -8 1
gene 2 3 13 3.37871 0 20 3.37871 1
gene 2 13 4 -8 0 21 -8 0
gene 1 1 13 -1.12983 0 43 -1.12983 1
gene 1 2 21 4.11872 0 48 4.11872 1
gene 1 21 4 7.39543 0 49 7.39543 1
gene 2 3 21 4.20312 0 124 4.20312 1
gene 2 3 50 -0.126705 0 138 -0.126705 1
gene 2 50 13 5.0274 0 139 5.0274 1
gene 2 13 75 3.05832 0 221 3.05832 1
gene 2 75 4 -6.30407 0 222 -2.91292 1
gene 2 2 50 -1.09563 0 262 -1.09563 1
genomeend 105

/* Species #18 : (Size 11) (AF 5.51449) (Age 15)  */


/* Organism #106 Fitness: 9 Error: 1 */
genomestart 106
trait 1 0.1 0 0 0 0 0.192389 0 0 
trait 2 0.2 0 0 0 0 0 0 0 
trait 3 0.2625 0 0 0 0.0380795 0.0240066 0.0992538 0 
node 1 1 1 3
node 2 2 1 1
node 3 1 1 1
node 4 3 0 2
node 13 1 0 0
node 58 1 0 0
node 69 1 0 0
node 80 1 0 0
gene 1 1 4 -2.08087 0 1 -2.08087 1
gene 1 2 4 5.44627 0 2 5.44627 1
gene 2 3 4 -6.23349 0 3 -6.23349 1
gene 2 3 13 1.85495 0 20 1.85495 1
gene 3 13 4 -7.60597 0 21 -7.60597 1
gene 1 2 13 -2.53923 0 100 -2.53923 1
gene 1 2 58 0.427931 0 162 0.427931 1
gene 1 58 4 5.15231 0 163 5.15231 1
gene 2 3 69 1 0 200 0 1
gene 2 69 13 1.85495 0 201 0 1
gene 3 3 58 -0.194861 0 210 -0.194861 0
gene 3 3 80 1 0 241 0 1
gene 3 80 58 -0.194861 0 242 0 1
genomeend 106

/* Organism #107 Fitness: 4.00004 Error: 1.99999 */
genomestart 107
trait 1 0.1 0 0 0 0 0.192389 0 0 
trait 2 0.2 0 0 0 0 0 0 0 
trait 3 0.2625 0 0 0 0.0380795 0.0240066 0.0992538 0 
node 1 1 1 3
node 2 2 1 1
node 3 1 1 1
node 4 3 0 2
node 13 1 0 0
node 58 1 0 0
node 69 1 0 0
node 80 1 0 0
node 97 1 0 0
gene 1 1 4 -2.81507 0 1 -2.81507 1
gene 1 2 4 6.41455 0 2 6.41455 1
gene 2 3 4 -3.99519 0 3 -3.99519 1
gene 2 3 13 0.682045 0 20 0.682045 1
gene 3 13 4 -6.20472 0 21 -6.20472 1
gene 1 2 13 -2.53923 0 100 -2.53923 1
gene 1 2 58 -2.2702 0 162 -2.2702 1
gene 1 58 4 7.55602 0 163 7.55602 1
gene 2 3 69 0.160146 0 200 0.160146 0
gene 2 69 13 4.00688 0 201 4.00688 1
gene 3 3 58 -0.194861 0 210 -0.194861 0
gene 3 3 80 3.33825 0 241 3.33825 1
gene 3 80 58 -0.496231 0 242 -0.496231 1
gene 2 3 97 -0.255898 0 296 -0.255898 1
gene 2 97 69 0.546876 0 297 0.546876 1
genomeend 107

/* Organism #108 Fitness: 3.97052 Error: 2.00738 */
genomestart 108
trait 1 0.1 0 0 0 0 0.192389 0 0 
trait 2 0.2 0 0 0 0 0 0 0 
trait 3 0.2625 0 0 0 0.0380795 0.0240066 0.0992538 0 
node 1 1 1 3
node 2 2 1 1
node 3 1 1 1
node 4 3 0 2
node 13 1 0 0
node 58 1 0 0
node 69 1 0 0
node 80 1 0 0
node 97 1 0 0
gene 1 1 4 0.345965 0 1 0.345965 1
gene 1 2 4 3.35423 0 2 3.35423 1
gene 2 3 4 -8 0 3 -8 1
gene 2 3 13 0.0780836 0 20 0.0780836 1
gene 3 13 4 -7.08167 0 21 -7.08167 1
gene 1 2 13 -2.19674 0 100 -2.19674 1
gene 1 2 58 1.54323 0 162 1.54323 1
gene 1 58 4 6.0481 0 163 6.0481 1
gene 2 3 69 1.13253 0 200 1.13253 0
gene 2 69 13 1.59874 0 201 1.59874 1
gene 3 3 58 -0.649586 0 210 -0.649586 0
gene 3 3 80 0.784692 0 241 0.784692 1
gene 3 80 58 1.26598 0 242 1.26598 1
gene 2 3 97 1 0 296 1 1
gene 2 97 69 3.08182 0 297 3.08182 1
genomeend 108

/* Organism #109 Fitness: 4 Error: 2 */
genomestart 109
trait 1 0.1 0 0 0 0 0.192389 0 0 
trait 2 0.2 0 0 0 0 0 0 0 
trait 3 0.2625 0 0 0 0.0380795 0.0240066 0.0992538 0 
node 1 1 1 3
node 2 2 1 1
node 3 1 1 1
node 4 3 0 2
node 13 1 0 0
node 58 1 0 0
node 69 1 0 0
node 80 1 0 0
gene 1 1 4 -0.269745 0 1 -0.269745 1
gene 1 2 4 -1.73116 0 2 -1.73116 1
gene 2 3 4 -4.27245 0 3 -4.27245 1
gene 2 3 13 -0.0876319 0 20 -0.0876319 1
gene 3 13 4 -8 0 21 -8 1
gene 1 2 13 -2.17911 0 100 -2.17911 1
gene 1 2 58 2.19007 0 162 2.19007 1
gene 1 58 4 -1.15009 0 163 -1.15009 1
gene 2 3 69 -1.2219 0 200 -1.2219 1
gene 2 69 13 1.66413 0 201 1.66413 1
gene 3 3 58 1.94655 0 210 1.94655 0
gene 3 3 80 2.35731 0 241 2.35731 1
gene 3 80 58 1.91855 0 242 1.91855 1
genomeend 109

/* Organism #110 Fitness: 1.05716 Error: 2.97181 */
genomestart 110
trait 1 0.1 0 0 0 0 0.192389 0 0 
trait 2 0.2 0 0 0 0 0 0 0 
trait 3 0.2625 0 0 0 0.0380795 0.0240066 0.0992538 0 
node 1 1 1 3
node 2 2 1 1
node 3 1 1 1
node 4 3 0 2
node 13 1 0 0
node 58 1 0 0
node 69 1 0 0
node 80 1 0 0
gene 1 1 4 -0.761208 0 1 -0.761208 1
gene 1 2 4 5.44627 0 2 5.44627 1
gene 2 3 4 -5.27613 0 3 -5.27613 1
gene 2 3 13 1.91003 0 20 1.91003 1
gene 3 13 4 -2.15484 0 21 -2.15484 1
gene 1 2 13 2.42149 0 100 2.42149 1
gene 1 2 58 1.2134 0 162 1.2134 1
gene 1 58 4 6.69181 0 163 6.69181 1
gene 2 3 69 0.634312 0 200 0.634312 0
gene 2 69 13 3.12757 0 201 3.12757 1
gene 3 3 58 -0.855892 0 210 -0.855892 1
gene 3 3 80 1.37165 0 241 1.37165 1
gene 3 80 58 -0.194861 0 242 -0.194861 1
genomeend 110

/* Organism #111 Fitness: 8.99988 Error: 1.00002 */
genomestart 111
trait 1 0.1 0 0 0 0 0.192389 0 0 
trait 2 0.2 0 0 0 0 0 0 0 
trait 3 0.2625 0 0 0 0.0380795 0.0240066 0.0992538 0 
node 1 1 1 3
node 2 2 1 1
node 3 1 1 1
node 4 3 0 2
node 13 1 0 0
node 58 1 0 0
node 69 1 0 0
node 80 1 0 0
node 97 1 0 0
gene 1 1 4 0.0887707 0 1 0.0887707 1
gene 1 2 4 7.19804 0 2 7.19804 1
gene 2 3 4 -7.9555 0 3 -7.9555 1
gene 2 3 13 -0.103807 0 20 -0.103807 1
gene 3 13 4 -5.17083 0 21 -5.17083 1
gene 1 2 13 -0.403699 0 100 -0.403699 1
gene 1 2 58 0.400616 0 162 0.400616 1
gene 1 58 4 5.11019 0 163 5.11019 1
gene 2 3 69 1.768 0 200 1.768 0
gene 2 69 13 3.66218 0 201 3.66218 1
gene 3 3 58 -0.192419 0 210 -0.192419 0
gene 3 3 80 3.4839 0 241 3.4839 1
gene 3 80 58 -2.4353 0 242 -2.4353 1
gene 2 3 97 1 0 296 1 1
gene 2 97 69 1 0 297 1 1
genomeend 111

/* Organism #112 Fitness: 8.55701 Error: 1.07476 */
genomestart 112
trait 1 0.1 0 0 0 0 0.192389 0 0 
trait 2 0.2 0 0 0 0 0 0 0 
trait 3 0.2625 0 0 0 0.0380795 0.0240066 0.0992538 0 
node 1 1 1 3
node 2 2 1 1
node 3 1 1 1
node 4 3 0 2
node 13 1 0 0
node 58 1 0 0
node 69 1 0 0
node 80 1 0 0
gene 1 1 4 -4.08631 0 1 -4.08631 1
gene 1 2 4 4.5945 0 2 4.5945 1
gene 2 3 4 -8 0 3 -8 1
gene 2 3 13 3.21424 0 20 3.21424 1
gene 3 13 4 -8 0 21 -8 1
gene 1 2 13 -4.9608 0 100 -4.9608 1
gene 1 2 58 -1.51129 0 162 -1.51129 1
gene 1 58 4 7.42921 0 163 7.42921 1
gene 2 3 69 1.66355 0 200 1.66355 0
gene 2 69 13 3.94753 0 201 3.94753 1
gene 3 3 58 -0.732368 0 210 -0.732368 0
gene 3 3 80 1.89657 0 241 1.89657 1
gene 3 80 58 -0.194861 0 242 -0.194861 1
genomeend 112

/* Organism #113 Fitness: 4.07802 Error: 1.98059 */
genomestart 113
trait 1 0.1 0 0 0 0 0.192389 0 0 
trait 2 0.2 0 0 0 0 0 0 0 
trait 3 0.2625 0 0 0 0.0380795 0.0240066 0.0992538 0 
node 1 1 1 3
node 2 2 1 1
node 3 1 1 1
node 4 3 0 2
node 13 1 0 0
node 58 1 0 0
node 69 1 0 0
node 80 1 0 0
gene 1 1 4 -2.08087 0 1 -2.08087 1
gene 1 2 4 5.44627 0 2 5.44627 1
gene 2 3 4 -6.23349 0 3 -6.23349 1
gene 2 3 13 1.85495 0 20 1.85495 1
gene 3 13 4 -7.60597 0 21 -7.60597 1
gene 1 2 13 -2.53923 0 100 -2.53923 1
gene 1 2 58 0.427931 0 162 0.427931 1
gene 1 58 4 5.15231 0 163 5.15231 1
gene 2 3 69 1 0 200 0 0
gene 2 69 13 1.85495 0 201 0 1
gene 3 3 58 -0.194861 0 210 -0.194861 0
gene 3 3 80 1 0 241 0 1
gene 3 80 58 -0.194861 0 242 0 1
genomeend 113

/* Organism #114 Fitness: 4.00002 Error: 1.99999 */
genomestart 114
trait 1 0.1 0 0 0 0 0.192389 0 0 
trait 2 0.2 0 0 0 0 0 0 0 
trait 3 0.2625 0 0 0 0.0380795 0.0240066 0.0992538 0 
node 1 1 1 3
node 2 1 1 1
node 3 1 1 1
node 4 3 0 2
node 13 1 0 0
node 58 1 0 0
node 69 1 0 0
node 80 1 0 0
node 97 1 0 0
gene 1 1 4 -0.887402 0 1 -0.887402 1
gene 1 2 4 6.68037 0 2 6.68037 1
gene 2 3 4 -0.386288 0 3 -0.386288 1
gene 2 3 13 2.5642 0 20 2.5642 1
gene 3 13 4 -6.38897 0 21 -6.38897 1
gene 1 2 13 1.94746 0 100 1.94746 1
gene 1 2 58 2.09004 0 162 2.09004 1
gene 1 58 4 3.40985 0 163 3.40985 1
gene 2 3 69 1.4606 0 200 1.4606 1
gene 2 69 13 2.89349 0 201 2.89349 1
gene 3 3 58 -0.946226 0 210 -0.946226 0
gene 3 3 80 -0.08211 0 241 -0.08211 1
gene 3 80 58 -0.194861 0 242 -0.194861 1
gene 2 3 97 0.791711 0 296 0.791711 1
gene 2 97 69 1.74786 0 297 1.74786 1
genomeend 114

/* Organism #115 Fitness: 8.99565 Error: 1.00072 */
genomestart 115
trait 1 0.1 0 0 0 0 0.192389 0 0 
trait 2 0.2 0 0 0 0 0 0 0 
trait 3 0.2625 0 0 0 0.0380795 0.0240066 0.0992538 0 
node 1 1 1 3
node 2 2 1 1
node 3 1 1 1
node 4 3 0 2
node 13 1 0 0
node 58 1 0 0
node 69 1 0 0
node 80 1 0 0
node 97 1 0 0
gene 1 1 4 -2.04085 0 1 -2.04085 1
gene 1 2 4 7.55495 0 2 7.55495 1
gene 2 3 4 -8 0 3 -8 1
gene 2 3 13 3.63463 0 20 3.63463 1
gene 3 13 4 -6.12987 0 21 -6.12987 1
gene 1 2 13 -2.62545 0 100 -2.62545 1
gene 1 2 58 1.44549 0 162 1.44549 1
gene 1 58 4 5.98172 0 163 5.98172 1
gene 2 3 69 -1.10639 0 200 -1.10639 0
gene 2 69 13 4.20503 0 201 4.20503 1
gene 3 3 58 -0.661718 0 210 -0.661718 0
gene 3 3 80 3.3265 0 241 3.3265 1
gene 3 80 58 2.2898 0 242 2.2898 1
gene 2 3 97 2.99576 0 296 2.99576 1
gene 2 97 69 -0.911756 0 297 -0.911756 1
genomeend 115

/* Organism #116 Fitness: 4.0011 Error: 1.99973 */
genomestart 116
trait 1 0.1 0 0 0 0 0.192389 0 0 
trait 2 0.2 0 0 0 0 0 0 0 
trait 3 0.2625 0 0 0 0.0380795 0.0240066 0.0992538 0 
node 1 1 1 3
node 2 2 1 1
node 3 1 1 1
node 4 3 0 2
node 13 1 0 0
node 58 1 0 0
node 69 1 0 0
node 80 1 0 0
gene 1 1 4 -2.08087 0 1 -2.08087 1
gene 1 2 4 6.3539 0 2 6.3539 1
gene 2 3 4 -8 0 3 -8 1
gene 2 3 13 0.123327 0 20 0.123327 1
gene 3 13 4 0.683386 0 21 0.683386 1
gene 1 2 13 -0.384991 0 100 -0.384991 1
gene 1 2 58 -2.15812 0 162 -2.15812 1
gene 1 58 4 5.15231 0 163 5.15231 1
gene 2 3 69 1.74473 0 200 1.74473 0
gene 2 69 13 1.85495 0 201 1.85495 1
gene 3 3 58 -0.10857 0 210 -0.10857 1
gene 3 3 80 0.876949 0 241 0.876949 1
gene 3 80 58 0.270699 0 242 0.270699 1
genomeend 116

/* Species #19 : (Size 7) (AF 5.40985) (Age 14)  */


/* Organism #117 Fitness: 9 Error: 1 */
genomestart 117
trait 1 0.1 0 0 0 0 0 0 0 
trait 2 0.534497 0 0 0 0 0.992569 0.723823 0.559496 
trait 3 0.1875 0 0 0.126495 0 0 0 0 
node 1 3 1 3
node 2 1 1 1
node 3 3 1 1
node 4 1 0 2
node 11 1 0 0
node 28 1 0 0
node 61 1 0 0
gene 2 1 4 -5.38177 0 1 -5.38177 1
gene 1 2 4 2.70053 0 2 2.70053 1
gene 1 3 4 -1.15178 0 3 -1.15178 1
gene 1 3 11 -3.94552 0 16 -3.94552 1
gene 1 11 4 8 0 17 8 1
gene 3 2 11 2.59566 0 47 2.59566 1
gene 1 3 28 -5.28536 0 72 -5.28536 1
gene 1 28 11 -3.23231 0 73 -3.23231 1
gene 3 2 61 0.549699 0 175 0.549699 1
gene 3 61 11 -0.436964 0 176 -0.436964 1
gene 3 28 61 -0.518403 0 202 -0.518403 1
gene 2 1 61 0.42851 0 211 0.42851 1
genomeend 117

/* Organism #118 Fitness: 2.11308 Error: 2.54636 */
genomestart 118
trait 1 0.1 0 0 0 0 0 0 0 
trait 2 0.534497 0 0 0 0 0.992569 0.723823 0.559496 
trait 3 0.1875 0 0 0.126495 0 0 0 0 
node 1 3 1 3
node 2 1 1 1
node 3 3 1 1
node 4 1 0 2
node 11 1 0 0
node 28 1 0 0
node 61 1 0 0
gene 2 1 4 -3.4302 0 1 -3.4302 1
gene 1 2 4 -0.694296 0 2 -0.694296 1
gene 1 3 4 -3.8023 0 3 -3.8023 1
gene 1 3 11 -0.390027 0 16 -0.390027 1
gene 1 11 4 8 0 17 8 1
gene 3 2 11 2.96051 0 47 2.96051 1
gene 1 3 28 -5.39157 0 72 -5.39157 1
gene 1 28 11 -7.52847 0 73 -7.52847 1
gene 3 2 61 0.540315 0 175 0.540315 1
gene 3 61 11 -1.48412 0 176 -1.48412 1
gene 3 28 61 -0.165227 0 202 -0.165227 1
gene 2 1 61 0.415204 0 211 0.415204 1
gene 1 1 28 0.682272 0 298 0.682272 1
genomeend 118

/* Organism #119 Fitness: 6.12268 Error: 1.5256 */
genomestart 119
trait 1 0.1 0 0 0 0 0 0 0 
trait 2 0.534497 0 0 0 0 0.992569 0.723823 0.559496 
trait 3 0.1875 0 0 0.126495 0 0 0 0 
node 1 3 1 3
node 2 1 1 1
node 3 3 1 1
node 4 1 0 2
node 11 1 0 0
node 28 1 0 0
node 61 1 0 0
gene 2 1 4 -2.91946 0 1 -2.91946 1
gene 1 2 4 1.70043 0 2 1.70043 1
gene 1 3 4 -2.64001 0 3 -2.64001 1
gene 1 3 11 -3.94552 0 16 -3.94552 1
gene 1 11 4 8 0 17 8 1
gene 3 2 11 1.13092 0 47 1.13092 1
gene 1 3 28 0.404218 0 72 0.404218 1
gene 1 28 11 -2.89492 0 73 -2.89492 1
gene 3 2 61 0.220496 0 175 0.220496 1
gene 3 61 11 -1.42094 0 176 -1.42094 1
gene 3 28 61 0.617038 0 202 0.617038 1
gene 2 1 61 -1.2698 0 211 -1.2698 1
genomeend 119

/* Organism #120 Fitness: 1.2294 Error: 2.89122 */
genomestart 120
trait 1 0.1 0 0 0 0 0 0 0 
trait 2 0.534497 0 0 0 0 0.992569 0.723823 0.559496 
trait 3 0.1875 0 0 0.126495 0 0 0 0 
node 1 3 1 3
node 2 1 1 1
node 3 3 1 1
node 4 1 0 2
node 11 1 0 0
node 28 1 0 0
node 61 1 0 0
gene 2 1 4 -0.186316 0 1 -0.186316 1
gene 1 2 4 2.89745 0 2 2.89745 1
gene 1 3 4 -0.240799 0 3 -0.240799 1
gene 1 3 11 -4.4152 0 16 -4.4152 1
gene 1 11 4 8 0 17 8 1
gene 3 2 11 4.48872 0 47 4.48872 1
gene 1 3 28 -5.78762 0 72 -5.78762 1
gene 1 28 11 0.714209 0 73 0.714209 1
gene 3 2 61 -1.03978 0 175 -1.03978 1
gene 3 61 11 -0.436964 0 176 -0.436964 1
gene 3 28 61 -1.95827 0 202 -1.95827 1
gene 2 1 61 2.09207 0 211 2.09207 1
genomeend 120

/* Organism #121 Fitness: 8.99519 Error: 1.0008 */
genomestart 121
trait 1 0.1 0 0 0 0 0 0 0 
trait 2 0.534497 0 0 0 0 0.992569 0.723823 0.559496 
trait 3 0.1875 0 0 0.126495 0 0 0 0 
node 1 3 1 3
node 2 1 1 1
node 3 3 1 1
node 4 1 0 2
node 11 1 0 0
node 28 1 0 0
node 61 1 0 0
gene 2 1 4 -1.73055 0 1 -1.73055 1
gene 1 2 4 3.23727 0 2 3.23727 1
gene 1 3 4 -3.12029 0 3 -3.12029 1
gene 1 3 11 1.7439 0 16 1.7439 1
gene 1 11 4 8 0 17 8 1
gene 3 2 11 -1.26325 0 47 -1.26325 1
gene 1 3 28 -5.32786 0 72 -5.32786 1
gene 1 28 11 -3.53948 0 73 -3.53948 1
gene 3 2 61 0.737785 0 175 0.737785 1
gene 3 61 11 2.00726 0 176 2.00726 1
gene 3 28 61 2.02478 0 202 2.02478 1
gene 2 1 61 -0.172811 0 211 -0.172811 1
gene 1 1 28 1.652 0 298 1.652 1
genomeend 121

/* Organism #122 Fitness: 1.41258 Error: 2.81148 */
genomestart 122
trait 1 0.1 0 0 0 0 0 0 0 
trait 2 0.534497 0 0 0 0 0.992569 0.723823 0.559496 
trait 3 0.1875 0 0 0.126495 0 0 0 0 
node 1 3 1 3
node 2 1 1 1
node 3 3 1 1
node 4 1 0 2
node 11 1 0 0
node 28 1 0 0
node 61 1 0 0
gene 2 1 4 0.296335 0 1 0.296335 1
gene 1 2 4 5.97852 0 2 5.97852 1
gene 1 3 4 -3.10343 0 3 -3.10343 1
gene 1 3 11 -1.5804 0 16 -1.5804 1
gene 1 11 4 7.32943 0 17 7.32943 1
gene 3 2 11 1.01305 0 47 1.01305 1
gene 1 3 28 -2.0108 0 72 -2.0108 1
gene 1 28 11 -5.15307 0 73 -5.15307 1
gene 3 2 61 0.0802484 0 175 0.0802484 1
gene 3 61 11 0.226814 0 176 0.226814 1
gene 3 28 61 1.68343 0 202 1.68343 1
gene 2 1 61 4.06403 0 211 4.06403 1
gene 1 1 28 -0.00747703 0 298 -0.00747703 1
genomeend 122

/* Organism #123 Fitness: 8.996 Error: 1.00067 */
genomestart 123
trait 1 0.1 0 0 0 0 0 0 0 
trait 2 0.534497 0 0 0 0 0.992569 0.723823 0.559496 
trait 3 0.1875 0 0 0.126495 0 0 0 0 
node 1 3 1 3
node 2 1 1 1
node 3 3 1 1
node 4 1 0 2
node 11 1 0 0
node 28 1 0 0
node 61 1 0 0
gene 2 1 4 -2.8923 0 1 -2.8923 1
gene 1 2 4 2.7875 0 2 2.7875 1
gene 1 3 4 -1.38402 0 3 -1.38402 1
gene 1 3 11 -5.4951 0 16 -5.4951 1
gene 1 11 4 8 0 17 8 1
gene 3 2 11 3.87103 0 47 3.87103 1
gene 1 3 28 -2.30523 0 72 -2.30523 1
gene 1 28 11 -2.88211 0 73 -2.88211 1
gene 3 2 61 -0.959593 0 175 -0.959593 1
gene 3 61 11 0.763787 0 176 0.763787 1
gene 3 28 61 -0.518403 0 202 -0.518403 1
gene 2 1 61 0.42851 0 211 0.42851 1
genomeend 123

/* Species #20 : (Size 10) (AF 7.99592) (Age 12)  */


/* Organism #124 Fitness: 8.99906 Error: 1.00016 */
genomestart 124
trait 1 0.1 0 0 0.242134 0 0 0 0 
trait 2 0.318793 0.125156 0 0 0 0.0499435 0.274377 0.153447 
trait 3 0.1875 0 0 0.126495 0 0 0 0 
node 1 3 1 3
node 2 2 1 1
node 3 1 1 1
node 4 1 0 2
node 11 1 0 0
node 28 1 0 0
node 61 1 0 0
node 70 1 0 0
node 94 1 0 0
gene 2 1 4 -2.48032 0 1 -2.48032 1
gene 1 2 4 4.28449 0 2 4.28449 1
gene 1 3 4 -3.67993 0 3 -3.67993 1
gene 1 3 11 2.51518 0 16 2.51518 1
gene 1 11 4 -1.1697 0 17 -1.1697 1
gene 3 2 11 1.75962 0 47 1.75962 0
gene 1 3 28 1.56642 0 72 1.56642 1
gene 1 28 11 -2.61286 0 73 -2.61286 1
gene 3 2 61 2.81625 0 175 2.81625 0
gene 3 61 11 -1.08615 0 176 -1.08615 1
gene 3 2 70 -1.83273 0 203 -1.83273 1
gene 3 70 61 -2.9841 0 204 -2.9841 1
gene 3 28 61 -3.20197 0 226 -3.20197 0
gene 3 28 94 0.740593 0 288 0.740593 1
gene 3 94 61 -0.928571 0 289 -0.928571 1
genomeend 124

/* Organism #125 Fitness: 8.97985 Error: 1.00336 */
genomestart 125
trait 1 0.1 0 0 0.242134 0 0 0 0 
trait 2 0.318793 0.125156 0 0 0 0.0499435 0.274377 0.153447 
trait 3 0.1875 0 0 0.126495 0 0 0 0 
node 1 3 1 3
node 2 2 1 1
node 3 1 1 1
node 4 1 0 2
node 11 1 0 0
node 28 1 0 0
node 61 1 0 0
node 70 1 0 0
node 94 1 0 0
gene 2 1 4 -3.99579 0 1 -3.99579 1
gene 1 2 4 6.45352 0 2 6.45352 1
gene 1 3 4 -4.9556 0 3 -4.9556 1
gene 1 3 11 2.21183 0 16 2.21183 1
gene 1 11 4 -5.48784 0 17 -5.48784 1
gene 3 2 11 -1.72185 0 47 -1.72185 0
gene 1 3 28 2.2682 0 72 2.2682 1
gene 1 28 11 -0.474425 0 73 -0.474425 1
gene 3 2 61 4.71564 0 175 4.71564 0
gene 3 61 11 1.22097 0 176 1.22097 1
gene 3 2 70 1.07265 0 203 1.07265 1
gene 3 70 61 -1.08127 0 204 -1.08127 1
gene 3 28 61 -1.19546 0 226 -1.19546 0
gene 3 28 94 1.06668 0 288 1.06668 1
gene 3 94 61 -1.69741 0 289 -1.69741 1
genomeend 125

/* Organism #126 Fitness: 8.99907 Error: 1.00016 */
genomestart 126
trait 1 0.1 0 0 0.242134 0 0 0 0 
trait 2 0.318793 0.125156 0 0 0 0.0499435 0.274377 0.153447 
trait 3 0.1875 0 0 0.126495 0 0 0 0 
node 1 3 1 3
node 2 2 1 1
node 3 1 1 1
node 4 1 0 2
node 11 1 0 0
node 28 1 0 0
node 61 1 0 0
node 70 1 0 0
node 94 1 0 0
node 99 1 0 0
gene 2 1 4 -2.48032 0 1 -2.48032 1
gene 1 2 4 4.28449 0 2 4.28449 1
gene 1 3 4 -3.67993 0 3 -3.67993 1
gene 1 3 11 2.51518 0 16 2.51518 1
gene 1 11 4 -1.1697 0 17 -1.1697 1
gene 3 2 11 1.75962 0 47 1.75962 0
gene 1 3 28 1.56642 0 72 1.56642 1
gene 1 28 11 -2.61286 0 73 -2.61286 1
gene 3 2 61 2.81625 0 175 2.81625 0
gene 3 61 11 -1.08615 0 176 -1.08615 1
gene 3 2 70 -1.83273 0 203 -1.83273 1
gene 3 70 61 -2.9841 0 204 -2.9841 0
gene 3 28 61 -3.20197 0 226 -3.20197 0
gene 3 28 94 0.740593 0 288 0.740593 1
gene 3 94 61 -0.928571 0 289 -0.928571 1
gene 3 70 99 1 0 302 0 1
gene 3 99 61 -2.9841 0 303 0 1
genomeend 126

/* Organism #127 Fitness: 4.00025 Error: 1.99994 */
genomestart 127
trait 1 0.1 0 0 0.242134 0 0 0 0 
trait 2 0.318793 0.125156 0 0 0 0.0499435 0.274377 0.153447 
trait 3 0.1875 0 0 0.126495 0 0 0 0 
node 1 3 1 3
node 2 2 1 1
node 3 1 1 1
node 4 1 0 2
node 11 1 0 0
node 28 1 0 0
node 61 1 0 0
node 70 1 0 0
node 94 1 0 0
gene 2 1 4 -2.81144 0 1 -2.81144 1
gene 1 2 4 6.53684 0 2 6.53684 1
gene 1 3 4 -1.76024 0 3 -1.76024 1
gene 1 3 11 1.15429 0 16 1.15429 1
gene 1 11 4 -5.37545 0 17 -5.37545 1
gene 3 2 11 2.25547 0 47 2.25547 0
gene 1 3 28 3.76605 0 72 3.76605 1
gene 1 28 11 -3.87411 0 73 -3.87411 1
gene 3 2 61 2.23327 0 175 2.23327 0
gene 3 61 11 1.87506 0 176 1.87506 1
gene 3 2 70 -2.15775 0 203 -2.15775 1
gene 3 70 61 -2.37838 0 204 -2.37838 1
gene 3 28 61 -5.44424 0 226 -5.44424 0
gene 3 28 94 0.740593 0 288 0.740593 1
gene 3 94 61 -1.18081 0 289 -1.18081 1
genomeend 127

/* Organism #128 Fitness: 3.99999 Error: 2 */
genomestart 128
trait 1 0.1 0 0 0.242134 0 0 0 0 
trait 2 0.318793 0.125156 0 0 0 0.0499435 0.274377 0.153447 
trait 3 0.1875 0 0 0.126495 0 0 0 0 
node 1 3 1 3
node 2 2 1 1
node 3 1 1 1
node 4 1 0 2
node 11 1 0 0
node 28 1 0 0
node 61 1 0 0
node 70 1 0 0
node 94 1 0 0
gene 2 1 4 -3.7878 0 1 -3.7878 1
gene 1 2 4 2.9606 0 2 2.9606 1
gene 1 3 4 0.141224 0 3 0.141224 1
gene 1 3 11 0.121006 0 16 0.121006 1
gene 1 11 4 -1.64258 0 17 -1.64258 1
gene 3 2 11 1.59238 0 47 1.59238 0
gene 1 3 28 1.56642 0 72 1.56642 1
gene 1 28 11 1.15848 0 73 1.15848 1
gene 3 2 61 0.361415 0 175 0.361415 0
gene 3 61 11 4.29968 0 176 4.29968 1
gene 3 2 70 0.373318 0 203 0.373318 1
gene 3 70 61 -0.779061 0 204 -0.779061 1
gene 3 28 61 0.70249 0 226 0.70249 0
gene 3 28 94 1.05821 0 288 1.05821 1
gene 3 94 61 -1.69741 0 289 -1.69741 1
genomeend 128

/* Organism #129 Fitness: 8.99577 Error: 1.00071 */
genomestart 129
trait 1 0.1 0 0 0.242134 0 0 0 0 
trait 2 0.318793 0.125156 0 0 0 0.0499435 0.274377 0.153447 
trait 3 0.1875 0 0 0.126495 0 0 0 0 
node 1 3 1 3
node 2 2 1 1
node 3 1 1 1
node 4 1 0 2
node 11 1 0 0
node 28 1 0 0
node 61 1 0 0
node 70 1 0 0
node 94 1 0 0
gene 2 1 4 -1.8057 0 1 -1.8057 1
gene 1 2 4 3.24473 0 2 3.24473 1
gene 1 3 4 -3.95154 0 3 -3.95154 1
gene 1 3 11 0.229728 0 16 0.229728 1
gene 1 11 4 0.19837 0 17 0.19837 1
gene 3 2 11 2.21557 0 47 2.21557 0
gene 1 3 28 0.308771 0 72 0.308771 1
gene 1 28 11 0.336604 0 73 0.336604 1
gene 3 2 61 1.53096 0 175 1.53096 0
gene 3 61 11 3.82664 0 176 3.82664 1
gene 3 2 70 -3.18409 0 203 -3.18409 1
gene 3 70 61 -0.934858 0 204 -0.934858 1
gene 3 28 61 -3.76733 0 226 -3.76733 0
gene 3 28 94 2.59314 0 288 2.59314 1
gene 3 94 61 -3.28216 0 289 -3.28216 1
genomeend 129

/* Organism #130 Fitness: 8.99883 Error: 1.00019 */
genomestart 130
trait 1 0.1 0 0 0.242134 0 0 0 0 
trait 2 0.318793 0.125156 0 0 0 0.0499435 0.274377 0.153447 
trait 3 0.1875 0 0 0.126495 0 0 0 0 
node 1 3 1 3
node 2 2 1 1
node 3 1 1 1
node 4 1 0 2
node 11 1 0 0
node 28 1 0 0
node 61 1 0 0
node 70 1 0 0
node 94 1 0 0
gene 2 1 4 -2.48032 0 1 -2.48032 1
gene 1 2 4 4.28449 0 2 4.28449 1
gene 1 3 4 -4.24887 0 3 -4.24887 1
gene 1 3 11 1.3702 0 16 1.3702 1
gene 1 11 4 -5.48784 0 17 -5.48784 1
gene 3 2 11 0.00450148 0 47 0.00450148 0
gene 1 3 28 1.56642 0 72 1.56642 1
gene 1 28 11 -1.80007 0 73 -1.80007 1
gene 3 2 61 3.4743 0 175 3.4743 0
gene 3 61 11 1.87857 0 176 1.87857 1
gene 3 2 70 -3.1464 0 203 -3.1464 1
gene 3 70 61 -0.934858 0 204 -0.934858 1
gene 3 28 61 -1.69741 0 226 -1.69741 0
gene 3 28 94 1 0 288 0 1
gene 3 94 61 -1.69741 0 289 0 1
genomeend 130

/* Organism #131 Fitness: 8.99883 Error: 1.00019 */
genomestart 131
trait 1 0.1 0 0 0.242134 0 0 0 0 
trait 2 0.318793 0.125156 0 0 0 0.0499435 0.274377 0.153447 
trait 3 0.1875 0 0 0.126495 0 0 0 0 
node 1 3 1 3
node 2 2 1 1
node 3 1 1 1
node 4 1 0 2
node 11 1 0 0
node 28 1 0 0
node 61 1 0 0
node 70 1 0 0
node 94 1 0 0
node 100 1 0 0
gene 2 1 4 -2.48032 0 1 -2.48032 1
gene 1 2 4 4.28449 0 2 4.28449 1
gene 1 3 4 -3.67993 0 3 -3.67993 1
gene 1 3 11 1.3702 0 16 1.3702 1
gene 1 11 4 -1.1697 0 17 -1.1697 1
gene 3 2 11 1.75962 0 47 1.75962 0
gene 1 3 28 1.56642 0 72 1.56642 1
gene 1 28 11 -1.80007 0 73 -1.80007 0
gene 3 2 61 3.4743 0 175 3.4743 0
gene 3 61 11 1.87857 0 176 1.87857 1
gene 3 2 70 -1.83273 0 203 -1.83273 1
gene 3 70 61 -0.934858 0 204 -0.934858 1
gene 3 28 61 -1.69741 0 226 -1.69741 0
gene 3 28 94 0.740593 0 288 0.740593 1
gene 3 94 61 -1.69741 0 289 0 1
gene 1 28 100 1 0 304 0 1
gene 1 100 11 -1.80007 0 305 0 1
genomeend 131

/* Organism #132 Fitness: 8.9888 Error: 1.00187 */
genomestart 132
trait 1 0.1 0 0 0.242134 0 0 0 0 
trait 2 0.318793 0.125156 0 0 0 0.0499435 0.274377 0.153447 
trait 3 0.1875 0 0 0.126495 0 0 0 0 
node 1 3 1 3
node 2 2 1 1
node 3 1 1 1
node 4 1 0 2
node 11 1 0 0
node 28 1 0 0
node 61 1 0 0
node 70 1 0 0
node 94 1 0 0
gene 2 1 4 -1.78068 0 1 -1.78068 1
gene 1 2 4 3.13334 0 2 3.13334 1
gene 1 3 4 -4.15304 0 3 -4.15304 1
gene 1 3 11 1.27743 0 16 1.27743 1
gene 1 11 4 -1.60207 0 17 -1.60207 1
gene 3 2 11 2.94679 0 47 2.94679 0
gene 1 3 28 0.105808 0 72 0.105808 1
gene 1 28 11 -1.28904 0 73 -1.28904 1
gene 3 2 61 1.08242 0 175 1.08242 0
gene 3 61 11 0.351192 0 176 0.351192 1
gene 3 2 70 0.561754 0 203 0.561754 1
gene 3 70 61 -2.62062 0 204 -2.62062 1
gene 3 28 61 -4.23998 0 226 -4.23998 0
gene 3 28 94 0.443892 0 288 0.443892 1
gene 3 94 61 0.478484 0 289 0.478484 1
genomeend 132

/* Organism #133 Fitness: 8.99879 Error: 1.0002 */
genomestart 133
trait 1 0.1 0 0 0.242134 0 0 0 0 
trait 2 0.318793 0.125156 0 0 0 0.0499435 0.274377 0.153447 
trait 3 0.1875 0 0 0.126495 0 0 0 0 
node 1 3 1 3
node 2 2 1 1
node 3 1 1 1
node 4 1 0 2
node 11 1 0 0
node 28 1 0 0
node 61 1 0 0
node 70 1 0 0
node 94 1 0 0
gene 2 1 4 -2.48032 0 1 -2.48032 1
gene 1 2 4 4.28449 0 2 4.28449 1
gene 1 3 4 -3.67993 0 3 -3.67993 1
gene 1 3 11 2.51518 0 16 2.51518 1
gene 1 11 4 -5.48784 0 17 -5.48784 1
gene 3 2 11 0.00450148 0 47 0.00450148 0
gene 1 3 28 1.56642 0 72 1.56642 1
gene 1 28 11 -1.80007 0 73 -1.80007 1
gene 3 2 61 3.4743 0 175 3.4743 0
gene 3 61 11 1.87857 0 176 1.87857 1
gene 3 2 70 -3.1464 0 203 -3.1464 1
gene 3 70 61 -2.9841 0 204 -2.9841 1
gene 3 28 61 -1.69741 0 226 -1.69741 0
gene 3 28 94 0.740593 0 288 0.740593 1
gene 3 94 61 -1.69741 0 289 0 1
gene 1 70 4 0.464705 0 306 0.464705 1
genomeend 133

/* Species #21 : (Size 9) (AF 7.29144) (Age 10)  */


/* Organism #134 Fitness: 9 Error: 1 */
genomestart 134
trait 1 0.1 0 0 0 0 0.192389 0 0 
trait 2 0.2 0 0 0 0 0 0 0 
trait 3 0.2625 0 0 0 0.0380795 0.0240066 0.0992538 0 
node 1 1 1 3
node 2 2 1 1
node 3 1 1 1
node 4 3 0 2
node 13 1 0 0
node 58 1 0 0
gene 1 1 4 -2.08205 0 1 -2.08205 1
gene 1 2 4 8 0 2 8 1
gene 2 3 4 -4.78066 0 3 -4.78066 1
gene 2 3 13 5.83555 0 20 5.83555 1
gene 3 13 4 -8 0 21 -8 1
gene 1 2 13 -0.607852 0 100 -0.607852 1
gene 1 2 58 0.930509 0 162 0.930509 1
gene 1 58 4 0.40933 0 163 0.40933 1
gene 3 3 58 -1.47687 0 246 -1.47687 1
genomeend 134

/* Organism #135 Fitness: 4.01291 Error: 1.99677 */
genomestart 135
trait 1 0.1 0 0 0 0 0.192389 0 0 
trait 2 0.2 0 0 0 0 0 0 0 
trait 3 0.2625 0 0 0 0.0380795 0.0240066 0.0992538 0 
node 1 1 1 3
node 2 2 1 1
node 3 3 1 1
node 4 3 0 2
node 13 1 0 0
node 58 1 0 0
gene 1 1 4 -2.0851 0 1 -2.0851 1
gene 1 2 4 6.29348 0 2 6.29348 1
gene 2 3 4 -2.52763 0 3 -2.52763 1
gene 2 3 13 4.94678 0 20 4.94678 1
gene 3 13 4 -8 0 21 -8 1
gene 1 2 13 0.145421 0 100 0.145421 1
gene 1 2 58 -1.59497 0 162 -1.59497 1
gene 1 58 4 3.22665 0 163 3.22665 1
gene 3 3 58 -2.63176 0 246 -2.63176 1
genomeend 135

/* Organism #136 Fitness: 4.00017 Error: 1.99996 */
genomestart 136
trait 1 0.1 0 0 0 0 0.192389 0 0 
trait 2 0.2 0 0 0 0 0 0 0 
trait 3 0.2625 0 0 0 0.0380795 0.0240066 0.0992538 0 
node 1 1 1 3
node 2 2 1 1
node 3 1 1 1
node 4 3 0 2
node 13 1 0 0
node 58 1 0 0
gene 1 1 4 -2.08205 0 1 -2.08205 1
gene 1 2 4 7.57953 0 2 7.57953 1
gene 2 3 4 -4.95812 0 3 -4.95812 1
gene 2 3 13 5.83555 0 20 5.83555 1
gene 3 13 4 -8 0 21 -8 1
gene 1 2 13 1.04022 0 100 1.04022 1
gene 1 2 58 1.92221 0 162 1.92221 1
gene 1 58 4 0.415662 0 163 0.415662 1
gene 3 3 58 -3.91812 0 246 -3.91812 1
genomeend 136

/* Organism #137 Fitness: 9 Error: 1 */
genomestart 137
trait 1 0.1 0 0 0 0 0.192389 0 0 
trait 2 0.2 0 0 0 0 0 0 0 
trait 3 0.2625 0 0 0 0.0380795 0.0240066 0.0992538 0 
node 1 1 1 3
node 2 2 1 1
node 3 1 1 1
node 4 3 0 2
node 13 1 0 0
node 58 1 0 0
gene 1 1 4 -2.95251 0 1 -2.95251 1
gene 1 2 4 8 0 2 8 1
gene 2 3 4 -4.78066 0 3 -4.78066 1
gene 2 3 13 5.83555 0 20 5.83555 1
gene 3 13 4 -7.58373 0 21 -7.58373 1
gene 1 2 13 -1.54187 0 100 -1.54187 1
gene 1 2 58 0.930509 0 162 0.930509 1
gene 1 58 4 0.40933 0 163 0.40933 1
gene 3 3 58 -0.326853 0 246 -0.326853 1
genomeend 137

/* Organism #138 Fitness: 9 Error: 1 */
genomestart 138
trait 1 0.1 0 0 0 0 0.192389 0 0 
trait 2 0.2 0 0 0 0 0 0 0 
trait 3 0.2625 0 0 0 0.0380795 0.0240066 0.0992538 0 
node 1 1 1 3
node 2 2 1 1
node 3 1 1 1
node 4 3 0 2
node 13 1 0 0
node 58 1 0 0
gene 1 1 4 -1.56911 0 1 -1.56911 1
gene 1 2 4 6.13448 0 2 6.13448 1
gene 2 3 4 -6.80999 0 3 -6.80999 1
gene 2 3 13 6.23435 0 20 6.23435 1
gene 3 13 4 -7.76035 0 21 -7.76035 1
gene 1 2 13 -3.31431 0 100 -3.31431 1
gene 1 2 58 1.1417 0 162 1.1417 1
gene 1 58 4 1.05266 0 163 1.05266 1
gene 3 3 58 -3.49193 0 246 -3.49193 1
genomeend 138

/* Organism #139 Fitness: 3.91436 Error: 2.02152 */
genomestart 139
trait 1 0.1 0 0 0 0 0.192389 0 0 
trait 2 0.2 0 0 0 0 0 0 0 
trait 3 0.2625 0 0 0 0.0380795 0.0240066 0.0992538 0 
node 1 1 1 3
node 2 2 1 1
node 3 1 1 1
node 4 3 0 2
node 13 1 0 0
node 58 1 0 0
gene 1 1 4 -2.95251 0 1 -2.95251 1
gene 1 2 4 8 0 2 8 1
gene 2 3 4 -4.9051 0 3 -4.9051 1
gene 2 3 13 5.83555 0 20 5.83555 1
gene 3 13 4 2.37571 0 21 2.37571 1
gene 1 2 13 2.48527 0 100 2.48527 1
gene 1 2 58 -1.25637 0 162 -1.25637 1
gene 1 58 4 1.9792 0 163 1.9792 1
gene 3 3 58 -0.326853 0 246 -0.326853 1
genomeend 139

/* Organism #140 Fitness: 8.98562 Error: 1.0024 */
genomestart 140
trait 1 0.1 0 0 0 0 0.192389 0 0 
trait 2 0.995648 0 0 0 0 0 0 0.562029 
trait 3 0.2625 0 0 0 0.0380795 0.0240066 0.0992538 0 
node 1 1 1 3
node 2 2 1 1
node 3 1 1 1
node 4 3 0 2
node 13 1 0 0
node 58 1 0 0
gene 1 1 4 1.47938 0 1 1.47938 1
gene 1 2 4 6.91598 0 2 6.91598 1
gene 2 3 4 -2.44469 0 3 -2.44469 1
gene 2 3 13 7.46547 0 20 7.46547 1
gene 3 13 4 -8 0 21 -8 1
gene 1 2 13 0.640355 0 100 0.640355 1
gene 3 2 58 2.09952 0 162 2.09952 1
gene 1 58 4 0.805536 0 163 0.805536 1
gene 3 3 58 -1.47687 0 246 -1.47687 1
genomeend 140

/* Organism #141 Fitness: 9 Error: 1 */
genomestart 141
trait 1 0.1 0 0 0 0 0.192389 0 0 
trait 2 0.2 0 0 0 0 0 0 0 
trait 3 0.2625 0 0 0 0.0380795 0.0240066 0.0992538 0 
node 1 1 1 3
node 2 2 1 1
node 3 1 1 1
node 4 3 0 2
node 13 1 0 0
node 58 1 0 0
gene 1 1 4 -2.08205 0 1 -2.08205 1
gene 1 2 4 8 0 2 8 1
gene 2 3 4 -4.78066 0 3 -4.78066 1
gene 2 3 13 5.83555 0 20 5.83555 1
gene 3 13 4 -8 0 21 -8 1
gene 1 2 13 -0.607852 0 100 -0.607852 1
gene 1 2 58 0.930509 0 162 0.930509 1
gene 1 58 4 0.40933 0 163 0.40933 1
gene 3 3 58 -1.47687 0 246 -1.47687 1
genomeend 141

/* Organism #142 Fitness: 8.70992 Error: 1.04874 */
genomestart 142
trait 1 0.1 0 0 0 0 0.192389 0 0 
trait 2 0.2 0 0 0 0 0 0 0 
trait 3 0.2625 0 0 0 0.0380795 0.0240066 0.0992538 0 
node 1 1 1 3
node 2 2 1 1
node 3 1 1 1
node 4 3 0 2
node 13 1 0 0
node 58 1 0 0
gene 1 1 4 -2.50923 0 1 -2.50923 1
gene 1 2 4 8 0 2 8 1
gene 2 3 4 -3.34629 0 3 -3.34629 1
gene 2 3 13 7.31578 0 20 7.31578 1
gene 3 13 4 -5.11539 0 21 -5.11539 1
gene 1 2 13 0.622272 0 100 0.622272 1
gene 1 2 58 -1.58788 0 162 -1.58788 1
gene 1 58 4 -0.434202 0 163 -0.434202 1
gene 3 3 58 1.75169 0 246 1.75169 1
genomeend 142

/* Species #22 : (Size 7) (AF 5.40293) (Age 3)  */


/* Organism #143 Fitness: 7.30055 Error: 1.29805 */
genomestart 143
trait 1 0.1 0 0 0 0 0 0 0 
trait 2 0.125 0.875881 0 0 0 0 0 0 
trait 3 0.1875 0 0 0.126495 0 0 0 0 
node 1 3 1 3
node 2 2 1 1
node 3 1 1 1
node 4 1 0 2
node 11 1 0 0
node 28 1 0 0
node 89 1 0 0
gene 2 1 4 -4.14899 0 1 -4.14899 1
gene 1 2 4 8 0 2 8 1
gene 1 3 4 -0.935743 0 3 -0.935743 0
gene 1 3 11 2.94021 0 16 2.94021 0
gene 1 11 4 4.94151 0 17 4.94151 1
gene 1 2 11 1.93226 0 47 1.93226 0
gene 1 3 28 -4.14496 0 72 -4.14496 1
gene 1 28 11 -2.54709 0 73 -2.54709 1
gene 3 1 11 2.71935 0 169 2.71935 1
gene 1 28 4 -1.97215 0 231 -1.97215 1
gene 1 2 89 0.793542 0 277 0.793542 1
gene 1 89 11 4.32537 0 278 4.32537 1
genomeend 143

/* Organism #144 Fitness: 4.00012 Error: 1.99997 */
genomestart 144
trait 1 0.1 0 0 0 0 0 0 0 
trait 2 0.125 0.875881 0 0 0 0 0 0 
trait 3 0.1875 0 0 0.126495 0 0 0 0 
node 1 3 1 3
node 2 2 1 1
node 3 1 1 1
node 4 1 0 2
node 11 1 0 0
node 28 1 0 0
node 89 1 0 0
gene 2 1 4 -4.8706 0 1 -4.8706 1
gene 1 2 4 6.08054 0 2 6.08054 1
gene 1 3 4 0.527772 0 3 0.527772 0
gene 1 3 11 -1.72765 0 16 -1.72765 0
gene 1 11 4 2.81147 0 17 2.81147 1
gene 1 2 11 0.714652 0 47 0.714652 0
gene 1 3 28 -5.07501 0 72 -5.07501 1
gene 1 28 11 -2.68671 0 73 -2.68671 1
gene 3 1 11 3.96626 0 169 3.96626 1
gene 1 28 4 -3.39119 0 231 -3.39119 1
gene 1 2 89 -0.814554 0 277 -0.814554 1
gene 1 89 11 1.90878 0 278 1.90878 1
genomeend 144

/* Organism #145 Fitness: 7.30055 Error: 1.29805 */
genomestart 145
trait 1 0.1 0 0 0 0 0 0 0 
trait 2 0.125 0.875881 0 0 0 0 0 0 
trait 3 0.1875 0 0 0.126495 0 0 0 0 
node 1 3 1 3
node 2 2 1 1
node 3 1 1 1
node 4 1 0 2
node 11 1 0 0
node 28 1 0 0
node 89 1 0 0
gene 2 1 4 -4.14899 0 1 -4.14899 1
gene 1 2 4 8 0 2 8 1
gene 1 3 4 -0.935743 0 3 -0.935743 0
gene 1 3 11 2.94021 0 16 2.94021 0
gene 1 11 4 4.94151 0 17 4.94151 1
gene 1 2 11 1.93226 0 47 1.93226 0
gene 1 3 28 -4.14496 0 72 -4.14496 1
gene 1 28 11 -2.54709 0 73 -2.54709 1
gene 3 1 11 2.71935 0 169 2.71935 1
gene 1 28 4 -1.97215 0 231 -1.97215 1
gene 1 2 89 0.793542 0 277 0.793542 1
gene 1 89 11 4.32537 0 278 4.32537 1
genomeend 145

/* Organism #146 Fitness: 3.99767 Error: 2.00058 */
genomestart 146
trait 1 0.1 0 0 0 0 0 0 0 
trait 2 0.125 0.875881 0 0 0 0 0 0 
trait 3 0.1875 0 0 0.126495 0 0 0 0 
node 1 3 1 3
node 2 2 1 1
node 3 1 1 1
node 4 1 0 2
node 11 1 0 0
node 28 1 0 0
node 89 1 0 0
gene 2 1 4 -6.63892 0 1 -6.63892 1
gene 1 2 4 6.13906 0 2 6.13906 1
gene 1 3 4 -2.61449 0 3 -2.61449 0
gene 1 3 11 1.0087 0 16 1.0087 0
gene 1 11 4 2.4512 0 17 2.4512 1
gene 1 2 11 -0.306116 0 47 -0.306116 0
gene 1 3 28 -1.7974 0 72 -1.7974 1
gene 1 28 11 -2.88607 0 73 -2.88607 1
gene 3 1 11 3.04132 0 169 3.04132 1
gene 1 28 4 -0.922697 0 231 -0.922697 1
gene 1 2 89 1.52942 0 277 1.52942 1
gene 1 89 11 5.58182 0 278 5.58182 1
genomeend 146

/* Organism #147 Fitness: 4 Error: 2 */
genomestart 147
trait 1 0.1 0 0 0 0 0 0 0 
trait 2 0.125 0.875881 0 0 0 0 0 0 
trait 3 0.1875 0 0 0.126495 0 0 0 0 
node 1 3 1 3
node 2 2 1 1
node 3 1 1 1
node 4 1 0 2
node 11 1 0 0
node 28 1 0 0
node 89 1 0 0
gene 2 1 4 -2.55104 0 1 -2.55104 1
gene 1 2 4 8 0 2 8 1
gene 1 3 4 0.543107 0 3 0.543107 0
gene 1 3 11 5.41305 0 16 5.41305 0
gene 1 11 4 -0.597705 0 17 -0.597705 1
gene 1 2 11 0.0917692 0 47 0.0917692 0
gene 1 3 28 1.46489 0 72 1.46489 1
gene 1 28 11 -2.38672 0 73 -2.38672 1
gene 3 1 11 -2.23189 0 169 -2.23189 1
gene 1 28 4 -0.722648 0 231 -0.722648 1
gene 1 2 89 -0.292459 0 277 -0.292459 1
gene 1 89 11 5.82696 0 278 5.82696 1
genomeend 147

/* Organism #148 Fitness: 3.92106 Error: 2.01983 */
genomestart 148
trait 1 0.1 0 0 0 0 0 0 0 
trait 2 0.125 0.875881 0 0 0 0 0 0 
trait 3 0.1875 0 0 0.126495 0 0 0 0 
node 1 3 1 3
node 2 2 1 1
node 3 1 1 1
node 4 1 0 2
node 11 1 0 0
node 28 1 0 0
node 89 1 0 0
gene 2 1 4 -5.70475 0 1 -5.70475 1
gene 1 2 4 8 0 2 8 1
gene 1 3 4 -1.84062 0 3 -1.84062 0
gene 1 3 11 3.8386 0 16 3.8386 0
gene 1 11 4 4.74734 0 17 4.74734 1
gene 1 2 11 0.66773 0 47 0.66773 0
gene 1 3 28 -0.496078 0 72 -0.496078 1
gene 1 28 11 -1.23403 0 73 -1.23403 1
gene 3 1 11 2.64229 0 169 2.64229 1
gene 1 28 4 0.512436 0 231 0.512436 1
gene 3 2 89 2.9451 0 277 2.9451 1
gene 1 89 11 4.13868 0 278 4.13868 1
genomeend 148

/* Organism #149 Fitness: 7.30055 Error: 1.29805 */
genomestart 149
trait 1 0.1 0 0 0 0 0 0 0 
trait 2 0.125 0.875881 0 0 0 0 0 0 
trait 3 0.1875 0 0 0.126495 0 0 0 0 
node 1 3 1 3
node 2 2 1 1
node 3 1 1 1
node 4 1 0 2
node 11 1 0 0
node 28 1 0 0
node 89 1 0 0
gene 2 1 4 -4.14899 0 1 -4.14899 1
gene 1 2 4 8 0 2 8 1
gene 1 3 4 -0.935743 0 3 -0.935743 0
gene 1 3 11 2.94021 0 16 2.94021 0
gene 1 11 4 4.94151 0 17 4.94151 1
gene 1 2 11 1.93226 0 47 1.93226 0
gene 1 3 28 -4.14496 0 72 -4.14496 1
gene 1 28 11 -2.54709 0 73 -2.54709 1
gene 3 1 11 2.71935 0 169 2.71935 1
gene 1 28 4 -1.97215 0 231 -1.97215 1
gene 1 2 89 0.793542 0 277 0.793542 1
gene 1 89 11 4.32537 0 278 4.32537 1
genomeend 149
