
/* Species #1 : (Size 8) (AF 7.7588) (Age 29)  */


/* Organism #0 Fitness: 9 Error: 1 */
genomestart 0
trait 1 0.1 0 0 0 0 0 0 0 
trait 2 0.231916 0 0.0335834 0 0 0 0 0 
trait 3 0.3 0 0 0 0 0 0 0 
node 1 2 1 3
node 2 3 1 1
node 3 3 1 1
node 4 2 0 2
gene 2 1 4 -3.92506 0 1 -3.92506 1
gene 1 2 4 7.99757 0 2 7.99757 1
gene 1 3 4 8 0 3 8 1
genomeend 0

/* Organism #1 Fitness: 9 Error: 1 */
genomestart 1
trait 1 0.1 0 0 0 0 0 0 0 
trait 2 0.231916 0 0.0335834 0 0 0 0 0 
trait 3 0.3 0 0 0 0 0 0 0 
node 1 2 1 3
node 2 3 1 1
node 3 3 1 1
node 4 2 0 2
gene 2 1 4 -3.92506 0 1 -3.92506 1
gene 1 2 4 7.99757 0 2 7.99757 1
gene 1 3 4 8 0 3 8 1
genomeend 1

/* Organism #2 Fitness: 8.9979 Error: 1.00035 */
genomestart 2
trait 1 0.1 0 0 0 0 0 0 0 
trait 2 0.231917 0 0.0335844 0 0 0 0 0 
trait 3 0.3 0 0 0 0 0 0 0 
node 1 1 1 3
node 2 3 1 1
node 3 3 1 1
node 4 2 0 2
gene 2 1 4 -4.18836 0 1 -4.18836 1
gene 1 2 4 8 0 2 8 1
gene 1 3 4 5.80404 0 3 5.80404 1
genomeend 2

/* Organism #3 Fitness: 9 Error: 1 */
genomestart 3
trait 1 0.1 0 0 0 0 0 0 0 
trait 2 0.231918 0 0.0335854 0 0 0 0 0 
trait 3 0.3 0 0 0 0 0 0 0 
node 1 2 1 3
node 2 3 1 1
node 3 3 1 1
node 4 2 0 2
gene 2 1 4 -4.45402 0 1 -4.45402 1
gene 1 2 4 8 0 2 8 1
gene 1 3 4 8 0 3 8 1
genomeend 3

/* Organism #4 Fitness: 3.99208 Error: 2.00198 */
genomestart 4
trait 1 0.1 0 0 0 0 0 0 0 
trait 2 0.231917 0 0.0335844 0 0 0 0 0 
trait 3 0.3 0 0 0 0 0 0 0 
node 1 2 1 3
node 2 3 1 1
node 3 3 1 1
node 4 2 0 2
gene 2 1 4 -3.70785 0 1 -3.70785 1
gene 1 2 4 1.03732 0 2 1.03732 1
gene 1 3 4 1.40828 0 3 1.40828 1
genomeend 4

/* Organism #5 Fitness: 8.99965 Error: 1.00006 */
genomestart 5
trait 1 0.1 0 0 0 0 0 0 0 
trait 2 0.231918 0 0.0335854 0 0 0 0 0 
trait 3 0.3 0 0 0 0 0 0 0 
node 1 2 1 3
node 2 3 1 1
node 3 3 1 1
node 4 2 0 2
gene 2 1 4 -1.98248 0 1 -1.98248 1
gene 1 2 4 8 0 2 8 1
gene 1 3 4 5.52083 0 3 5.52083 1
genomeend 5

/* Organism #6 Fitness: 4.0808 Error: 1.9799 */
genomestart 6
trait 1 0.1 0 0 0 0 0 0 0 
trait 2 0.231917 0 0.0335844 0 0 0 0 0 
trait 3 0.3 0 0 0 0 0 0 0 
node 1 2 1 3
node 2 3 1 1
node 3 3 1 1
node 4 2 0 2
gene 2 1 4 -4.84436 0 1 -4.84436 1
gene 3 2 4 -2.36633 0 2 -2.36633 1
gene 1 3 4 8 0 3 8 1
genomeend 6

/* Organism #7 Fitness: 8.99997 Error: 1.00001 */
genomestart 7
trait 1 0.1 0 0 0 0 0 0 0 
trait 2 0.231916 0 0.0335834 0 0 0 0 0 
trait 3 0.3 0 0 0 0 0 0 0 
node 1 2 1 3
node 2 3 1 1
node 3 3 1 1
node 4 2 0 2
gene 2 1 4 -2.46521 0 1 -2.46521 1
gene 1 2 4 8 0 2 8 1
gene 1 3 4 6.2168 0 3 6.2168 1
genomeend 7

/* Species #2 : (Size 8) (AF 8.29953) (Age 27)  */


/* Organism #8 Fitness: 9 Error: 1 */
genomestart 8
trait 1 0.1 0 0 0 0 0 0 0 
trait 2 0.2 0 0 0 0 0 0 0 
trait 3 0.3 0 0 0 0 0 0 0 
node 1 1 1 3
node 2 3 1 1
node 3 1 1 1
node 4 1 0 2
node 6 1 0 0
node 7 1 0 0
gene 1 1 4 -1.1512 0 1 -1.1512 1
gene 1 2 4 8 0 2 8 1
gene 1 3 4 7.77886 0 3 7.77886 1
gene 1 3 6 -3.70783 0 6 -3.70783 1
gene 1 6 4 -6.8015 0 7 -6.8015 1
gene 1 2 7 -2.45371 0 8 -2.45371 1
gene 1 7 4 0.881809 0 9 0.881809 1
gene 1 2 6 -7.75083 0 63 -7.75083 1
gene 3 7 6 2.02799 0 256 2.02799 1
genomeend 8

/* Organism #9 Fitness: 9 Error: 1 */
genomestart 9
trait 1 0.1 0 0 0 0 0 0 0 
trait 2 0.2 0 0 0 0 0 0 0 
trait 3 0.3 0 0 0 0 0 0 0 
node 1 1 1 3
node 2 3 1 1
node 3 1 1 1
node 4 1 0 2
node 6 1 0 0
node 7 1 0 0
gene 1 1 4 -1.52008 0 1 -1.52008 1
gene 1 2 4 6.32122 0 2 6.32122 1
gene 1 3 4 7.90124 0 3 7.90124 1
gene 1 3 6 -1.68834 0 6 -1.68834 1
gene 1 6 4 -2.98768 0 7 -2.98768 1
gene 1 2 7 -2.54236 0 8 -2.54236 1
gene 1 7 4 0.657651 0 9 0.657651 1
gene 1 2 6 -6.18601 0 63 -6.18601 1
gene 3 7 6 2.12931 0 256 2.12931 1
genomeend 9

/* Organism #10 Fitness: 9 Error: 1 */
genomestart 10
trait 1 0.1 0 0 0 0 0 0 0 
trait 2 0.2 0 0 0 0 0 0 0 
trait 3 0.3 0 0 0 0 0 0 0 
node 1 1 1 3
node 2 3 1 1
node 3 1 1 1
node 4 1 0 2
node 6 1 0 0
node 7 1 0 0
gene 1 1 4 -0.688066 0 1 -0.688066 1
gene 1 2 4 7.46154 0 2 7.46154 1
gene 1 3 4 6.77388 0 3 6.77388 1
gene 1 3 6 -1.23438 0 6 -1.23438 1
gene 1 6 4 -4.91584 0 7 -4.91584 1
gene 1 2 7 -2.00013 0 8 -2.00013 1
gene 1 7 4 -1.07611 0 9 -1.07611 1
gene 1 2 6 -4.42586 0 63 -4.42586 1
gene 3 7 6 0.300027 0 256 0.300027 1
genomeend 10

/* Organism #11 Fitness: 6.1906 Error: 1.51191 */
genomestart 11
trait 1 0.1 0 0 0 0 0 0 0 
trait 2 0.2 0 0 0 0 0 0 0 
trait 3 0.3 0 0 0 0 0 0 0 
node 1 1 1 3
node 2 3 1 1
node 3 1 1 1
node 4 1 0 2
node 6 1 0 0
node 7 1 0 0
gene 1 1 4 0.225791 0 1 0.225791 1
gene 1 2 4 6.50192 0 2 6.50192 1
gene 1 3 4 8 0 3 8 1
gene 1 3 6 -2.52157 0 6 -2.52157 1
gene 1 6 4 -6.67897 0 7 -6.67897 1
gene 1 2 7 -2.65063 0 8 -2.65063 1
gene 1 7 4 3.22464 0 9 3.22464 1
gene 1 2 6 -6.2964 0 63 -6.2964 1
gene 3 7 6 -0.396252 0 256 -0.396252 1
genomeend 11

/* Organism #12 Fitness: 9 Error: 1 */
genomestart 12
trait 1 0.1 0 0 0 0 0 0 0 
trait 2 0.2 0 0 0 0 0 0 0 
trait 3 0.3 0 0 0 0 0 0 0 
node 1 1 1 3
node 2 3 1 1
node 3 1 1 1
node 4 1 0 2
node 6 1 0 0
node 7 1 0 0
gene 1 1 4 -1.02118 0 1 -1.02118 1
gene 1 2 4 8 0 2 8 1
gene 1 3 4 4.86274 0 3 4.86274 1
gene 1 3 6 -3.16727 0 6 -3.16727 1
gene 1 6 4 -7.11195 0 7 -7.11195 1
gene 1 2 7 -2.06948 0 8 -2.06948 1
gene 1 7 4 0.950171 0 9 0.950171 1
gene 1 2 6 -4.70045 0 63 -4.70045 1
gene 3 7 6 1.23283 0 256 1.23283 1
genomeend 12

/* Organism #13 Fitness: 9 Error: 1 */
genomestart 13
trait 1 0.1 0 0 0 0 0 0 0 
trait 2 0.2 0 0 0 0 0 0 0 
trait 3 0.3 0 0 0 0 0 0 0 
node 1 1 1 3
node 2 3 1 1
node 3 1 1 1
node 4 1 0 2
node 6 1 0 0
node 7 1 0 0
gene 1 1 4 -0.373115 0 1 -0.373115 1
gene 1 2 4 8 0 2 8 1
gene 1 3 4 7.35976 0 3 7.35976 1
gene 1 3 6 -2.47938 0 6 -2.47938 1
gene 1 6 4 -4.11984 0 7 -4.11984 1
gene 1 2 7 -1.42531 0 8 -1.42531 1
gene 1 7 4 -1.07611 0 9 -1.07611 1
gene 1 2 6 -3.30911 0 63 -3.30911 1
gene 3 7 6 2.49222 0 256 2.49222 1
genomeend 13

/* Organism #14 Fitness: 8.99821 Error: 1.0003 */
genomestart 14
trait 1 0.1 0 0 0 0 0 0 0 
trait 2 0.2 0 0 0 0 0 0 0 
trait 3 0.3 0 0 0 0 0 0 0 
node 1 1 1 3
node 2 3 1 1
node 3 1 1 1
node 4 1 0 2
node 6 1 0 0
node 7 1 0 0
gene 1 1 4 -0.688066 0 1 -0.688066 1
gene 1 2 4 8 0 2 8 1
gene 1 3 4 5.39559 0 3 5.39559 1
gene 1 3 6 -2.84812 0 6 -2.84812 1
gene 1 6 4 -6.16809 0 7 -6.16809 1
gene 1 2 7 -3.99474 0 8 -3.99474 1
gene 1 7 4 -1.85453 0 9 -1.85453 1
gene 1 2 6 0.0482192 0 63 0.0482192 1
gene 3 7 6 -2.12207 0 256 -2.12207 1
genomeend 14

/* Organism #15 Fitness: 6.20746 Error: 1.50852 */
genomestart 15
trait 1 0.1 0 0 0 0 0 0 0 
trait 2 0.2 0 0 0 0 0 0 0 
trait 3 0.3 0 0 0 0 0 0 0 
node 1 1 1 3
node 2 3 1 1
node 3 1 1 1
node 4 1 0 2
node 6 1 0 0
node 7 1 0 0
gene 1 1 4 1.26466 0 1 1.26466 1
gene 1 2 4 6.31351 0 2 6.31351 1
gene 1 3 4 5.0605 0 3 5.0605 1
gene 1 3 6 1.01215 0 6 1.01215 1
gene 1 6 4 -5.43679 0 7 -5.43679 1
gene 1 2 7 -0.34587 0 8 -0.34587 1
gene 1 7 4 -0.849559 0 9 -0.849559 1
gene 1 2 6 -3.56569 0 63 -3.56569 1
gene 3 7 6 -0.676641 0 256 -0.676641 1
genomeend 15

/* Species #3 : (Size 8) (AF 7.04735) (Age 27)  */


/* Organism #16 Fitness: 9 Error: 1 */
genomestart 16
trait 1 0.1 0 0 0 0 0 0 0 
trait 2 0.2 0 0 0 0 0 0 0 
trait 3 0.797085 0 0 0.047853 0 0 0.222724 0.622272 
node 1 1 1 3
node 2 2 1 1
node 3 3 1 1
node 4 1 0 2
node 8 3 0 0
gene 2 1 4 -5.54465 0 1 -5.54465 1
gene 1 2 4 -8 0 2 -8 1
gene 1 3 4 7.80857 0 3 7.80857 1
gene 1 3 8 3.47609 0 10 3.47609 1
gene 1 8 4 1.65563 0 11 1.65563 1
gene 1 1 8 -0.653554 0 159 -0.653554 1
genomeend 16

/* Organism #17 Fitness: 8.9983 Error: 1.00028 */
genomestart 17
trait 1 0.1 0 0 0 0 0 0 0 
trait 2 0.2 0 0 0 0 0 0 0 
trait 3 0.797085 0 0 0.047853 0 0 0.222724 0.622272 
node 1 1 1 3
node 2 2 1 1
node 3 3 1 1
node 4 1 0 2
node 8 2 0 0
gene 2 1 4 -5.81237 0 1 -5.81237 1
gene 1 2 4 -8 0 2 -8 1
gene 1 3 4 8 0 3 8 1
gene 1 3 8 6.1132 0 10 6.1132 1
gene 1 8 4 -0.529038 0 11 -0.529038 1
gene 1 1 8 2.80198 0 159 2.80198 1
genomeend 17

/* Organism #18 Fitness: 8.99951 Error: 1.00008 */
genomestart 18
trait 1 0.1 0 0 0 0 0 0 0 
trait 2 0.2 0 0 0 0 0 0 0 
trait 3 0.797085 0 0 0.047853 0 0 0.222724 0.622272 
node 1 1 1 3
node 2 2 1 1
node 3 3 1 1
node 4 1 0 2
node 8 2 0 0
gene 2 1 4 -2.82812 0 1 -2.82812 1
gene 1 2 4 -8 0 2 -8 1
gene 1 3 4 7.09581 0 3 7.09581 1
gene 1 3 8 6.36795 0 10 6.36795 1
gene 1 8 4 1.81852 0 11 1.81852 1
gene 1 1 8 -1.3963 0 159 -1.3963 1
genomeend 18

/* Organism #19 Fitness: 9 Error: 1 */
genomestart 19
trait 1 0.1 0 0 0 0 0 0 0 
trait 2 0.2 0 0 0 0 0 0 0 
trait 3 0.797085 0 0 0.047853 0 0 0.222724 0.622272 
node 1 1 1 3
node 2 2 1 1
node 3 3 1 1
node 4 1 0 2
node 8 3 0 0
gene 2 1 4 -2.47864 0 1 -2.47864 1
gene 1 2 4 -6.59432 0 2 -6.59432 1
gene 1 3 4 6.92186 0 3 6.92186 1
gene 1 3 8 2.33081 0 10 2.33081 1
gene 1 8 4 -0.999557 0 11 -0.999557 1
gene 1 1 8 1.65265 0 159 1.65265 1
genomeend 19

/* Organism #20 Fitness: 4 Error: 2 */
genomestart 20
trait 1 0.1 0 0 0 0 0 0 0 
trait 2 0.2 0 0 0 0 0 0 0 
trait 3 0.797085 0 0 0.047853 0 0 0.222724 0.622272 
node 1 1 1 3
node 2 2 1 1
node 3 3 1 1
node 4 1 0 2
node 8 3 0 0
gene 2 1 4 -4.93375 0 1 -4.93375 1
gene 1 2 4 -8 0 2 -8 1
gene 1 3 4 -2.14019 0 3 -2.14019 1
gene 1 3 8 0.45175 0 10 0.45175 1
gene 1 8 4 1.65563 0 11 1.65563 1
gene 1 1 8 -0.653554 0 159 -0.653554 1
genomeend 20

/* Organism #21 Fitness: 8.2425 Error: 1.12902 */
genomestart 21
trait 1 0.1 0 0 0 0 0 0 0 
trait 2 0.2 0 0 0 0 0 0 0 
trait 3 0.797085 0 0 0.047853 0 0 0.222724 0.622272 
node 1 1 1 3
node 2 2 1 1
node 3 3 1 1
node 4 1 0 2
node 8 2 0 0
gene 2 1 4 -5.39137 0 1 -5.39137 1
gene 1 2 4 -8 0 2 -8 1
gene 1 3 4 6.82672 0 3 6.82672 1
gene 1 3 8 4.93457 0 10 4.93457 1
gene 1 8 4 -1.04755 0 11 -1.04755 1
gene 1 1 8 -1.51517 0 159 -1.51517 1
genomeend 21

/* Organism #22 Fitness: 4.13821 Error: 1.96574 */
genomestart 22
trait 1 0.933735 0 0.906613 0 0 0 0 0 
trait 2 0.2 0 0 0 0 0 0 0 
trait 3 0.797085 0 0 0.047853 0 0 0.222724 0.622272 
node 1 1 1 3
node 2 2 1 1
node 3 1 1 1
node 4 1 0 2
node 8 3 0 0
gene 2 1 4 -5.68866 0 1 -5.68866 1
gene 2 2 4 -8 0 2 -8 1
gene 1 3 4 6.11659 0 3 6.11659 1
gene 1 3 8 4.35961 0 10 4.35961 1
gene 1 8 4 -1.10599 0 11 -1.10599 1
gene 1 1 8 1.86365 0 159 1.86365 1
genomeend 22

/* Organism #23 Fitness: 4.00031 Error: 1.99992 */
genomestart 23
trait 1 0.1 0 0 0 0 0 0 0 
trait 2 0.2 0 0 0 0 0 0 0 
trait 3 0.797085 0 0 0.047853 0 0 0.222724 0.622272 
node 1 1 1 3
node 2 2 1 1
node 3 3 1 1
node 4 1 0 2
node 8 2 0 0
gene 2 1 4 -2.72566 0 1 -2.72566 1
gene 1 2 4 0.806375 0 2 0.806375 1
gene 1 3 4 8 0 3 8 1
gene 1 3 8 -0.28222 0 10 -0.28222 1
gene 1 8 4 0.837123 0 11 0.837123 1
gene 1 1 8 -2.15026 0 159 -2.15026 1
genomeend 23

/* Species #4 : (Size 6) (AF 8.06133) (Age 26)  */


/* Organism #24 Fitness: 9 Error: 1 */
genomestart 24
trait 1 0.1 0 0 0 0 0 0 0 
trait 2 0.296873 0 0 0 0 0 0 0 
trait 3 0.3 0 0 0 0 0 0.167158 0 
node 1 2 1 3
node 2 3 1 1
node 3 3 1 1
node 4 3 0 2
node 9 1 0 0
node 16 1 0 0
gene 2 1 4 -0.0692608 0 1 -0.0692608 1
gene 1 2 4 -7.4705 0 2 -7.4705 1
gene 1 3 4 8 0 3 8 1
gene 1 2 9 8 0 12 8 1
gene 3 9 4 -8 0 13 -8 1
gene 3 3 9 -3.29493 0 33 -3.29493 1
gene 3 3 16 5.36079 0 39 5.36079 1
gene 3 16 9 -4.95487 0 40 -4.95487 1
gene 3 1 9 3.06211 0 65 3.06211 1
gene 3 2 16 1.90474 0 167 1.90474 1
genomeend 24

/* Organism #25 Fitness: 8.99843 Error: 1.00026 */
genomestart 25
trait 1 0.1 0 0 0 0 0 0 0 
trait 2 0.296873 0 0 0 0 0 0 0 
trait 3 0.3 0 0 0 0 0 0.167158 0 
node 1 2 1 3
node 2 3 1 1
node 3 3 1 1
node 4 3 0 2
node 9 1 0 0
node 16 1 0 0
gene 2 1 4 0.152151 0 1 0.152151 1
gene 1 2 4 -8 0 2 -8 1
gene 1 3 4 8 0 3 8 1
gene 1 2 9 7.94263 0 12 7.94263 1
gene 3 9 4 -1.96738 0 13 -1.96738 1
gene 3 3 9 -2.25555 0 33 -2.25555 1
gene 3 3 16 5.49477 0 39 5.49477 1
gene 3 16 9 -0.594958 0 40 -0.594958 1
gene 3 1 9 4.99133 0 65 4.99133 1
gene 3 2 16 4.27404 0 167 4.27404 1
genomeend 25

/* Organism #26 Fitness: 5.53148 Error: 1.64809 */
genomestart 26
trait 1 0.1 0 0 0 0 0 0 0 
trait 2 0.296873 0 0 0 0 0 0 0 
trait 3 0.3 0 0 0 0 0 0.167158 0 
node 1 2 1 3
node 2 3 1 1
node 3 3 1 1
node 4 3 0 2
node 9 1 0 0
node 16 1 0 0
gene 2 1 4 -1.684 0 1 -1.684 1
gene 1 2 4 -6.19185 0 2 -6.19185 1
gene 1 3 4 8 0 3 8 1
gene 1 2 9 6.23183 0 12 6.23183 1
gene 3 9 4 -5.59575 0 13 -5.59575 1
gene 3 3 9 -5.67873 0 33 -5.67873 1
gene 3 3 16 3.37762 0 39 3.37762 1
gene 3 16 9 -7.23186 0 40 -7.23186 1
gene 3 1 9 4.51654 0 65 4.51654 1
gene 3 2 16 -2.0896 0 167 -2.0896 1
genomeend 26

/* Organism #27 Fitness: 7.52239 Error: 1.2573 */
genomestart 27
trait 1 0.1 0 0 0 0 0 0 0 
trait 2 0.296873 0 0 0 0 0 0 0 
trait 3 0.3 0 0 0 0 0 0.167158 0 
node 1 2 1 3
node 2 3 1 1
node 3 3 1 1
node 4 3 0 2
node 9 1 0 0
node 16 1 0 0
gene 2 1 4 3.25539 0 1 3.25539 1
gene 1 2 4 -2.23579 0 2 -2.23579 1
gene 1 3 4 -1.99271 0 3 -1.99271 1
gene 1 2 9 8 0 12 8 1
gene 1 9 4 0.414365 0 13 0.414365 1
gene 1 3 9 -3.52489 0 33 -3.52489 1
gene 3 3 16 -0.994293 0 39 -0.994293 1
gene 3 16 9 -2.30592 0 40 -2.30592 1
gene 3 1 9 -2.27554 0 65 -2.27554 1
gene 3 2 16 2.90972 0 167 2.90972 1
gene 3 16 4 0.601535 0 257 0.601535 1
genomeend 27

/* Organism #28 Fitness: 8.99195 Error: 1.00134 */
genomestart 28
trait 1 0.1 0 0 0 0 0 0 0 
trait 2 0.296873 0 0 0 0 0 0 0 
trait 3 0.3 0 0 0 0 0 0.167158 0 
node 1 2 1 3
node 2 3 1 1
node 3 3 1 1
node 4 3 0 2
node 9 1 0 0
node 16 1 0 0
gene 2 1 4 1.94298 0 1 1.94298 1
gene 1 2 4 -5.60803 0 2 -5.60803 1
gene 1 3 4 8 0 3 8 1
gene 1 2 9 7.9176 0 12 7.9176 1
gene 3 9 4 -5.67785 0 13 -5.67785 1
gene 3 3 9 -3.65711 0 33 -3.65711 1
gene 3 3 16 7.76328 0 39 7.76328 1
gene 3 16 9 -5.05619 0 40 -5.05619 1
gene 3 1 9 3.07721 0 65 3.07721 1
gene 3 2 16 3.06993 0 167 3.06993 1
genomeend 28

/* Organism #29 Fitness: 8.32376 Error: 1.11491 */
genomestart 29
trait 1 0.1 0 0 0 0 0 0 0 
trait 2 0.296873 0 0 0 0 0 0 0 
trait 3 0.3 0 0 0 0 0 0.167158 0 
node 1 2 1 3
node 2 3 1 1
node 3 3 1 1
node 4 3 0 2
node 9 1 0 0
node 16 1 0 0
gene 3 1 4 -0.61394 0 1 -0.61394 1
gene 1 2 4 -6.23885 0 2 -6.23885 1
gene 1 3 4 7.082 0 3 7.082 1
gene 1 2 9 8 0 12 8 1
gene 3 9 4 -7.76745 0 13 -7.76745 1
gene 3 3 9 -3.97519 0 33 -3.97519 1
gene 3 3 16 4.38748 0 39 4.38748 1
gene 3 16 9 -7.26146 0 40 -7.26146 1
gene 3 1 9 2.7689 0 65 2.7689 1
gene 3 2 16 1.90474 0 167 1.90474 1
genomeend 29

/* Species #5 : (Size 7) (AF 7.95428) (Age 24)  */


/* Organism #30 Fitness: 9.76528 Error: 0.875056 */
genomestart 30
trait 1 0.1 0 0 0 0 0 0 0 
trait 2 0.2 0 0 0 0 0 0 0 
trait 3 0.3 0 0 0 0 0 0 0 
node 1 2 1 3
node 2 3 1 1
node 3 3 1 1
node 4 3 0 2
node 14 1 0 0
gene 3 1 4 -2.2309 0 1 -2.2309 1
gene 3 2 4 -2.22535 0 2 -2.22535 1
gene 2 3 4 3.65604 0 3 3.65604 1
gene 2 3 14 -6.76601 0 29 -6.76601 1
gene 2 14 4 4.09593 0 30 4.09593 1
gene 3 2 14 3.36679 0 51 3.36679 1
gene 2 1 14 -1.26053 0 76 -1.26053 1
genomeend 30

/* Organism #31 Fitness: 8.99595 Error: 1.00067 */
genomestart 31
trait 1 0.1 0 0 0 0 0 0 0 
trait 2 0.2 0 0 0 0 0 0 0 
trait 3 0.3 0 0 0 0 0 0 0 
node 1 2 1 3
node 2 3 1 1
node 3 3 1 1
node 4 3 0 2
node 14 1 0 0
gene 3 1 4 -3.45866 0 1 -3.45866 1
gene 3 2 4 -3.47657 0 2 -3.47657 1
gene 2 3 4 5.43374 0 3 5.43374 1
gene 2 3 14 -5.81412 0 29 -5.81412 1
gene 2 14 4 2.50904 0 30 2.50904 1
gene 3 2 14 5.12458 0 51 5.12458 1
gene 2 1 14 -2.1966 0 76 -2.1966 1
genomeend 31

/* Organism #32 Fitness: 14.2076 Error: 0.230699 */
/* ##------$ WINNER 32 SPECIES #5 $------## */
genomestart 32
trait 1 0.1 0 0 0 0 0 0 0 
trait 2 0.2 0 0 0 0 0 0 0 
trait 3 0.3 0 0 0 0 0 0 0 
node 1 2 1 3
node 2 1 1 1
node 3 3 1 1
node 4 3 0 2
node 14 1 0 0
gene 1 1 4 -2.27973 0 1 -2.27973 1
gene 3 2 4 -2.05742 0 2 -2.05742 1
gene 2 3 4 4.0875 0 3 4.0875 1
gene 2 3 14 -8 0 29 -8 1
gene 2 14 4 5.46812 0 30 5.46812 1
gene 3 2 14 5.14785 0 51 5.14785 1
gene 2 1 14 -0.381439 0 76 -0.381439 1
genomeend 32

/* Organism #33 Fitness: 4.00085 Error: 1.99979 */
genomestart 33
trait 1 0.1 0 0 0 0 0 0 0 
trait 2 0.2 0 0 0 0 0 0 0 
trait 3 0.3 0 0 0 0 0 0 0 
node 1 2 1 3
node 2 3 1 1
node 3 3 1 1
node 4 3 0 2
node 14 1 0 0
gene 3 1 4 -0.276265 0 1 -0.276265 1
gene 3 2 4 -0.482288 0 2 -0.482288 1
gene 2 3 4 2.50114 0 3 2.50114 1
gene 2 3 14 -7.87017 0 29 -7.87017 1
gene 2 14 4 4.09593 0 30 4.09593 1
gene 3 2 14 3.36679 0 51 3.36679 1
gene 2 1 14 0.0538308 0 76 0.0538308 1
genomeend 33

/* Organism #34 Fitness: 4.00146 Error: 1.99963 */
genomestart 34
trait 1 0.1 0 0 0 0 0 0 0 
trait 2 0.2 0 0 0 0 0 0 0 
trait 3 0.3 0 0 0 0 0 0 0 
node 1 2 1 3
node 2 1 1 1
node 3 3 1 1
node 4 3 0 2
node 14 1 0 0
gene 3 1 4 -5.3399 0 1 -5.3399 1
gene 3 2 4 -3.23727 0 2 -3.23727 1
gene 2 3 4 3.73318 0 3 3.73318 1
gene 2 3 14 -8 0 29 -8 1
gene 2 14 4 3.77197 0 30 3.77197 1
gene 3 2 14 5.54772 0 51 5.54772 1
gene 2 1 14 -2.6804 0 76 -2.6804 1
genomeend 34

/* Organism #35 Fitness: 8.26739 Error: 1.12469 */
genomestart 35
trait 1 0.1 0 0 0 0 0 0 0 
trait 2 0.2 0 0 0 0 0 0 0 
trait 3 0.3 0 0 0 0 0 0 0 
node 1 2 1 3
node 2 3 1 1
node 3 1 1 1
node 4 3 0 2
node 14 1 0 0
gene 3 1 4 -3.36047 0 1 -3.36047 1
gene 3 2 4 -2.28593 0 2 -2.28593 1
gene 2 3 4 3.7553 0 3 3.7553 1
gene 2 3 14 -8 0 29 -8 1
gene 2 14 4 4.13125 0 30 4.13125 1
gene 3 2 14 5.07057 0 51 5.07057 1
gene 2 1 14 -1.99274 0 76 -1.99274 1
genomeend 35

/* Organism #36 Fitness: 6.44136 Error: 1.46202 */
genomestart 36
trait 1 0.1 0 0 0 0 0 0 0 
trait 2 0.2 0 0 0 0 0 0 0 
trait 3 0.3 0 0 0 0 0 0 0 
node 1 2 1 3
node 2 3 1 1
node 3 3 1 1
node 4 3 0 2
node 14 1 0 0
gene 3 1 4 -3.65764 0 1 -3.65764 1
gene 3 2 4 -2.74394 0 2 -2.74394 1
gene 2 3 4 6.37066 0 3 6.37066 1
gene 2 3 14 -8 0 29 -8 1
gene 2 14 4 5.46293 0 30 5.46293 1
gene 3 2 14 2.85118 0 51 2.85118 1
gene 2 1 14 -3.64394 0 76 -3.64394 1
genomeend 36

/* Species #6 : (Size 4) (AF 5.48859) (Age 23)  */


/* Organism #37 Fitness: 1.00266 Error: 2.99867 */
genomestart 37
trait 1 0 0 0 0 0 0 0 0 
trait 2 0.393747 0 0 0 0 0 0 0 
trait 3 0.895996 0 0 0 0.0331126 0 0 0.744591 
node 1 2 1 3
node 2 3 1 1
node 3 3 1 1
node 4 3 0 2
node 9 1 0 0
node 17 1 0 0
gene 2 1 4 2.20902 0 1 2.20902 1
gene 1 2 4 -6.01321 0 2 -6.01321 1
gene 1 3 4 6.6187 0 3 6.6187 1
gene 1 2 9 -0.624004 0 12 -0.624004 0
gene 1 9 4 -1.1491 0 13 -1.1491 1
gene 1 2 17 -0.156957 0 41 -0.156957 1
gene 1 17 9 0.43939 0 42 0.43939 1
genomeend 37

/* Organism #38 Fitness: 8.99932 Error: 1.00011 */
genomestart 38
trait 1 0.1 0 0 0 0 0 0 0 
trait 2 0.393747 0 0 0 0 0 0 0 
trait 3 0.895996 0 0 0 0.0331126 0 0 0.744591 
node 1 2 1 3
node 2 3 1 1
node 3 3 1 1
node 4 3 0 2
node 9 1 0 0
node 17 1 0 0
gene 2 1 4 -1.98903 0 1 -1.98903 1
gene 1 2 4 -2.05412 0 2 -2.05412 1
gene 1 3 4 4.42236 0 3 4.42236 1
gene 1 2 9 1.01385 0 12 1.01385 0
gene 1 9 4 -5.34013 0 13 -5.34013 1
gene 1 2 17 -0.795328 0 41 -0.795328 1
gene 1 17 9 -2.35885 0 42 -2.35885 1
genomeend 38

/* Organism #39 Fitness: 7.9498 Error: 1.18046 */
genomestart 39
trait 1 0.1 0 0 0 0 0 0 0 
trait 2 0.393747 0 0 0 0 0 0 0 
trait 3 0.895996 0 0 0 0.0331126 0 0 0.744591 
node 1 2 1 3
node 2 3 1 1
node 3 3 1 1
node 4 3 0 2
node 9 1 0 0
node 17 1 0 0
gene 2 1 4 -0.272744 0 1 -0.272744 1
gene 1 2 4 -4.50507 0 2 -4.50507 1
gene 1 3 4 6.39119 0 3 6.39119 1
gene 1 2 9 -1.05729 0 12 -1.05729 0
gene 1 9 4 -1.92457 0 13 -1.92457 1
gene 1 2 17 1.06388 0 41 1.06388 1
gene 1 17 9 1.26789 0 42 1.26789 1
genomeend 39

/* Organism #40 Fitness: 4.00258 Error: 1.99935 */
genomestart 40
trait 1 0.1 0 0 0 0 0 0 0 
trait 2 0.393747 0 0 0 0 0 0 0 
trait 3 0.895996 0 0 0 0.0331126 0 0 0.744591 
node 1 2 1 3
node 2 3 1 1
node 3 3 1 1
node 4 3 0 2
node 9 1 0 0
node 17 1 0 0
gene 2 1 4 -1.25317 0 1 -1.25317 1
gene 1 2 4 0.00366222 0 2 0.00366222 1
gene 1 3 4 5.22935 0 3 5.22935 1
gene 1 2 9 -1.5996 0 12 -1.5996 0
gene 1 9 4 -0.678426 0 13 -0.678426 1
gene 1 2 17 1.44154 0 41 1.44154 1
gene 1 17 9 -0.489517 0 42 -0.489517 1
genomeend 40

/* Species #7 : (Size 6) (AF 5.66396) (Age 22)  */


/* Organism #41 Fitness: 9 Error: 1 */
genomestart 41
trait 1 0.1 0 0 0.00358592 0.115696 0 0 0 
trait 2 0.2 0 0 0 0 0 0 0 
trait 3 0.3 0 0 0 0 0 0 0 
node 1 2 1 3
node 2 2 1 1
node 3 3 1 1
node 4 2 0 2
node 18 2 0 0
gene 2 1 4 -7.40409 0 1 -7.40409 1
gene 1 2 4 4.01427 0 2 4.01427 1
gene 3 3 4 -1.49022 0 3 -1.49022 0
gene 3 3 18 -1.41945 0 43 -1.41945 1
gene 3 18 4 8 0 44 8 1
gene 2 2 18 0.547884 0 240 0.547884 1
genomeend 41

/* Organism #42 Fitness: 4 Error: 2 */
genomestart 42
trait 1 0.1 0 0 0.00358592 0.115696 0 0 0 
trait 2 0.2 0 0 0 0 0 0 0 
trait 3 0.3 0 0 0 0 0 0 0 
node 1 2 1 3
node 2 3 1 1
node 3 3 1 1
node 4 2 0 2
node 18 2 0 0
gene 2 1 4 -5.31724 0 1 -5.31724 1
gene 1 2 4 0.00244148 0 2 0.00244148 1
gene 3 3 4 -2.08106 0 3 -2.08106 0
gene 3 3 18 -1.27132 0 43 -1.27132 1
gene 3 18 4 -1.07524 0 44 -1.07524 1
gene 2 2 18 -0.415357 0 240 -0.415357 1
genomeend 42

/* Organism #43 Fitness: 3.98648 Error: 2.00338 */
genomestart 43
trait 1 0.1 0 0 0.00358592 0.115696 0 0 0 
trait 2 0.2 0 0 0 0 0 0 0 
trait 3 0.3 0 0 0 0 0 0 0 
node 1 2 1 3
node 2 3 1 1
node 3 3 1 1
node 4 2 0 2
node 18 2 0 0
gene 2 1 4 -8 0 1 -8 1
gene 1 2 4 5.12873 0 2 5.12873 1
gene 3 3 4 2.88113 0 3 2.88113 1
gene 3 3 18 1.01684 0 43 1.01684 1
gene 3 18 4 6.31531 0 44 6.31531 1
gene 2 2 18 -0.657292 0 240 -0.657292 1
genomeend 43

/* Organism #44 Fitness: 4.00039 Error: 1.9999 */
genomestart 44
trait 1 0.1 0 0 0.00358592 0.115696 0 0 0 
trait 2 0.2 0 0 0 0 0 0 0 
trait 3 0.3 0 0 0 0 0 0 0 
node 1 2 1 3
node 2 2 1 1
node 3 3 1 1
node 4 2 0 2
node 18 2 0 0
gene 2 1 4 -6.28277 0 1 -6.28277 1
gene 1 2 4 4.07607 0 2 4.07607 1
gene 3 3 4 0.485092 0 3 0.485092 0
gene 3 3 18 -2.3389 0 43 -2.3389 1
gene 3 18 4 8 0 44 8 1
gene 2 2 18 -0.603275 0 240 -0.603275 1
genomeend 44

/* Organism #45 Fitness: 4 Error: 2 */
genomestart 45
trait 1 0.1 0 0 0.00358592 0.115696 0 0 0 
trait 2 0.2 0 0 0 0 0 0 0 
trait 3 0.3 0 0 0 0 0 0 0 
node 1 2 1 3
node 2 3 1 1
node 3 3 1 1
node 4 2 0 2
node 18 2 0 0
gene 2 1 4 -8 0 1 -8 1
gene 1 2 4 4.52057 0 2 4.52057 1
gene 3 3 4 -1.94653 0 3 -1.94653 0
gene 3 3 18 -1.35083 0 43 -1.35083 1
gene 3 18 4 8 0 44 8 1
gene 2 2 18 2.11417 0 240 2.11417 1
genomeend 45

/* Organism #46 Fitness: 8.99689 Error: 1.00052 */
genomestart 46
trait 1 0.1 0 0 0.00358592 0.115696 0 0 0 
trait 2 0.2 0 0 0 0 0 0 0 
trait 3 0.3 0 0 0 0 0 0 0 
node 1 2 1 3
node 2 3 1 1
node 3 3 1 1
node 4 2 0 2
node 18 2 0 0
gene 2 1 4 -7.41309 0 1 -7.41309 1
gene 1 2 4 1.51809 0 2 1.51809 1
gene 3 3 4 1.97794 0 3 1.97794 0
gene 3 3 18 -2.78821 0 43 -2.78821 1
gene 3 18 4 7.4364 0 44 7.4364 1
gene 2 2 18 2.77757 0 240 2.77757 1
genomeend 46

/* Species #8 : (Size 5) (AF 4.93377) (Age 22)  */


/* Organism #47 Fitness: 3.93374 Error: 2.01663 */
genomestart 47
trait 1 0.1 0 0 0 0 0 0 0 
trait 2 0.2 0 0 0 0 0 0 0 
trait 3 0.3 0 0 0 0 0 0 0 
node 1 1 1 3
node 2 3 1 1
node 3 1 1 1
node 4 1 0 2
node 6 1 0 0
node 7 1 0 0
node 19 1 0 0
node 49 1 0 0
node 52 2 0 0
gene 1 1 4 2.98767 0 1 2.98767 1
gene 1 2 4 5.97179 0 2 5.97179 1
gene 1 3 4 -5.3758 0 3 -5.3758 0
gene 3 3 6 0.454787 0 6 0.454787 1
gene 1 6 4 1.16166 0 7 1.16166 0
gene 1 2 7 1.65325 0 8 1.65325 0
gene 1 7 4 3.54869 0 9 3.54869 1
gene 2 3 7 -3.18168 0 38 -3.18168 1
gene 1 7 19 2.20861 0 45 2.20861 1
gene 1 19 4 -4.31288 0 46 -4.31288 1
gene 1 2 49 1.58307 0 140 1.58307 1
gene 1 49 7 3.15201 0 141 3.15201 1
gene 1 6 52 0.144734 0 149 0.144734 1
gene 1 52 4 -0.189978 0 150 -0.189978 0
gene 3 2 19 -0.649968 0 211 -0.649968 1
genomeend 47

/* Organism #48 Fitness: 4 Error: 2 */
genomestart 48
trait 1 0.1 0 0 0 0 0 0 0 
trait 2 0.2 0 0 0 0 0 0 0 
trait 3 0.3 0 0 0 0 0 0 0 
node 1 1 1 3
node 2 3 1 1
node 3 1 1 1
node 4 1 0 2
node 6 1 0 0
node 7 1 0 0
node 19 1 0 0
node 49 1 0 0
node 52 2 0 0
gene 1 1 4 -0.749153 0 1 -0.749153 1
gene 1 2 4 7.72706 0 2 7.72706 1
gene 1 3 4 -3.03747 0 3 -3.03747 0
gene 1 3 6 2.536 0 6 2.536 1
gene 1 6 4 1.29053 0 7 1.29053 1
gene 1 2 7 -3.24772 0 8 -3.24772 1
gene 1 7 4 1.98424 0 9 1.98424 1
gene 2 3 7 -0.360729 0 38 -0.360729 1
gene 1 7 19 6.48807 0 45 6.48807 1
gene 1 19 4 0.888623 0 46 0.888623 1
gene 1 2 49 0.648442 0 140 0.648442 1
gene 1 49 7 2.80578 0 141 2.80578 1
gene 1 6 52 2.16353 0 149 2.16353 1
gene 1 52 4 -2.74949 0 150 -2.74949 0
gene 3 2 19 0.915326 0 211 0.915326 1
genomeend 48

/* Organism #49 Fitness: 5.0702 Error: 1.74829 */
genomestart 49
trait 1 0.1 0 0 0 0 0 0 0 
trait 2 0.2 0 0 0 0 0 0 0 
trait 3 0.3 0 0 0 0 0 0 0 
node 1 1 1 3
node 2 3 1 1
node 3 1 1 1
node 4 1 0 2
node 6 1 0 0
node 7 1 0 0
node 19 1 0 0
node 49 1 0 0
node 52 2 0 0
gene 1 1 4 -0.0675222 0 1 -0.0675222 1
gene 1 2 4 3.40251 0 2 3.40251 1
gene 1 3 4 -0.221259 0 3 -0.221259 0
gene 1 3 6 4.58852 0 6 4.58852 1
gene 1 6 4 -1.3301 0 7 -1.3301 0
gene 1 2 7 -3.34454 0 8 -3.34454 0
gene 1 7 4 4.0096 0 9 4.0096 1
gene 2 3 7 -2.41742 0 38 -2.41742 1
gene 1 7 19 8 0 45 8 1
gene 1 19 4 -7.53708 0 46 -7.53708 1
gene 1 2 49 1.64663 0 140 1.64663 1
gene 1 49 7 1.00154 0 141 1.00154 1
gene 1 6 52 3.52702 0 149 3.52702 1
gene 1 52 4 -1.48328 0 150 -1.48328 0
gene 3 2 19 2.62444 0 211 2.62444 1
genomeend 49

/* Organism #50 Fitness: 3.91195 Error: 2.02214 */
genomestart 50
trait 1 0.1 0 0 0 0 0 0 0 
trait 2 0.2 0 0 0 0 0 0 0 
trait 3 0.3 0 0 0 0 0 0 0 
node 1 1 1 3
node 2 3 1 1
node 3 1 1 1
node 4 1 0 2
node 6 1 0 0
node 7 1 0 0
node 19 1 0 0
node 49 1 0 0
node 52 2 0 0
gene 1 1 4 -0.978584 0 1 -0.978584 1
gene 1 2 4 6.34949 0 2 6.34949 1
gene 1 3 4 -2.27256 0 3 -2.27256 0
gene 1 3 6 1.5125 0 6 1.5125 1
gene 1 6 4 -1.10462 0 7 -1.10462 0
gene 1 2 7 0.449217 0 8 0.449217 0
gene 1 7 4 2.31048 0 9 2.31048 1
gene 2 3 7 -1.26573 0 38 -1.26573 1
gene 1 7 19 0.944853 0 45 0.944853 1
gene 1 19 4 -6.85102 0 46 -6.85102 1
gene 1 2 49 -0.549677 0 140 -0.549677 1
gene 1 49 7 3.17948 0 141 3.17948 1
gene 1 6 52 -0.0390637 0 149 -0.0390637 1
gene 1 52 4 -1.91988 0 150 -1.91988 0
gene 3 2 19 -0.199477 0 211 -0.199477 1
genomeend 50

/* Organism #51 Fitness: 7.75297 Error: 1.21558 */
genomestart 51
trait 1 0.1 0 0 0 0 0 0 0 
trait 2 0.2 0 0 0 0 0 0 0 
trait 3 0.3 0 0 0 0 0 0 0 
node 1 1 1 3
node 2 3 1 1
node 3 1 1 1
node 4 1 0 2
node 6 1 0 0
node 7 1 0 0
node 19 1 0 0
node 49 1 0 0
node 52 2 0 0
gene 1 1 4 0.941115 0 1 0.941115 1
gene 1 2 4 5.25407 0 2 5.25407 1
gene 1 3 4 -3.48746 0 3 -3.48746 0
gene 1 3 6 2.62107 0 6 2.62107 1
gene 1 6 4 0.207503 0 7 0.207503 0
gene 1 2 7 -0.892529 0 8 -0.892529 0
gene 1 7 4 1.92579 0 9 1.92579 1
gene 2 3 7 -0.960242 0 38 -0.960242 1
gene 1 7 19 7.65906 0 45 7.65906 1
gene 1 19 4 -7.10463 0 46 -7.10463 1
gene 1 2 49 -0.180517 0 140 -0.180517 1
gene 1 49 7 2.80578 0 141 2.80578 1
gene 1 6 52 1.47588 0 149 1.47588 1
gene 1 52 4 -0.994293 0 150 -0.994293 0
gene 3 2 19 0.426344 0 211 0.426344 1
genomeend 51

/* Species #9 : (Size 6) (AF 6.04409) (Age 20)  */


/* Organism #52 Fitness: 8.99957 Error: 1.00007 */
genomestart 52
trait 1 0.1 0 0 0 0.8099 0 0.684072 0 
trait 2 0 0 0 0 0 0 0 0 
trait 3 0.3 0 0 0 0 0 0 0 
node 1 2 1 3
node 2 3 1 1
node 3 3 1 1
node 4 3 0 2
node 9 1 0 0
node 16 1 0 0
node 28 1 0 0
node 39 1 0 0
gene 2 1 4 -1.73498 0 1 -1.73498 1
gene 1 2 4 -4.30428 0 2 -4.30428 1
gene 1 3 4 8 0 3 8 1
gene 1 2 9 4.73461 0 12 4.73461 1
gene 1 9 4 -3.899 0 13 -3.899 1
gene 3 3 9 -1.64396 0 33 -1.64396 1
gene 3 3 16 1.33493 0 39 1.33493 1
gene 3 16 9 -1.15711 0 40 -1.15711 1
gene 3 1 9 3.28006 0 65 3.28006 1
gene 2 9 28 -2.5087 0 79 -2.5087 1
gene 1 28 4 0.446713 0 80 0.446713 1
gene 1 2 28 -0.0723446 0 86 -0.0723446 1
gene 1 3 39 0.333781 0 115 0.333781 1
gene 3 39 16 -1.18015 0 116 -1.18015 1
gene 1 39 9 -1.29413 0 163 -1.29413 1
genomeend 52

/* Organism #53 Fitness: 4.03245 Error: 1.9919 */
genomestart 53
trait 1 0.1 0 0 0 0 0 0 0 
trait 2 0 0 0 0 0 0 0 0 
trait 3 0.3 0 0 0 0 0 0 0 
node 1 2 1 3
node 2 3 1 1
node 3 3 1 1
node 4 3 0 2
node 9 1 0 0
node 16 1 0 0
node 28 1 0 0
node 39 1 0 0
gene 2 1 4 -0.251893 0 1 -0.251893 1
gene 1 2 4 -1.47914 0 2 -1.47914 1
gene 1 3 4 7.23944 0 3 7.23944 1
gene 1 2 9 5.20448 0 12 5.20448 1
gene 1 9 4 -1.49814 0 13 -1.49814 1
gene 3 3 9 0.371026 0 33 0.371026 1
gene 3 3 16 1.57713 0 39 1.57713 1
gene 3 16 9 -1.22536 0 40 -1.22536 1
gene 3 1 9 1.72408 0 65 1.72408 1
gene 1 9 28 0.0860994 0 79 0.0860994 1
gene 1 28 4 -3.05319 0 80 -3.05319 1
gene 1 2 28 0.940336 0 86 0.940336 1
gene 1 3 39 3.1968 0 115 3.1968 1
gene 3 39 16 -0.943113 0 116 -0.943113 1
gene 1 39 9 0.747795 0 163 0.747795 1
genomeend 53

/* Organism #54 Fitness: 7.50201 Error: 1.26102 */
genomestart 54
trait 1 0.1 0 0 0 0 0 0 0 
trait 2 0 0 0.460555 0 0 0 0.676901 0 
trait 3 0.3 0 0 0 0 0 0 0 
node 1 2 1 3
node 2 3 1 1
node 3 3 1 1
node 4 3 0 2
node 9 1 0 0
node 16 1 0 0
node 28 1 0 0
node 39 1 0 0
gene 2 1 4 -1.28182 0 1 -1.28182 1
gene 1 2 4 -1.69804 0 2 -1.69804 1
gene 1 3 4 3.15194 0 3 3.15194 1
gene 1 2 9 5.00573 0 12 5.00573 1
gene 1 9 4 -0.370333 0 13 -0.370333 1
gene 3 3 9 0.675525 0 33 0.675525 1
gene 3 3 16 1.7681 0 39 1.7681 1
gene 3 16 9 -0.679459 0 40 -0.679459 1
gene 3 1 9 1.20313 0 65 1.20313 1
gene 1 9 28 -0.819919 0 79 -0.819919 1
gene 1 28 4 -2.46494 0 80 -2.46494 1
gene 1 2 28 -0.226845 0 86 -0.226845 1
gene 1 3 39 2.1803 0 115 2.1803 1
gene 3 39 16 -1.86728 0 116 -1.86728 1
gene 1 39 9 1.59606 0 163 1.59606 1
genomeend 54

/* Organism #55 Fitness: 4.45305 Error: 1.88978 */
genomestart 55
trait 1 0.1 0 0 0 0.40495 0 0.342036 0 
trait 2 0 0 0 0 0 0 0 0 
trait 3 0.3 0 0 0 0 0 0 0 
node 1 2 1 3
node 2 3 1 1
node 3 3 1 1
node 4 3 0 2
node 9 1 0 0
node 16 1 0 0
node 28 1 0 0
node 39 1 0 0
gene 2 1 4 -3.38708 0 1 -3.38708 1
gene 1 2 4 -2.29438 0 2 -2.29438 1
gene 1 3 4 4.77021 0 3 4.77021 1
gene 1 2 9 1.64318 0 12 1.64318 1
gene 1 9 4 -2.2094 0 13 -2.2094 1
gene 3 3 9 0.819 0 33 0.819 1
gene 3 3 16 -1.84782 0 39 -1.84782 1
gene 3 16 9 -3.13671 0 40 -3.13671 1
gene 3 1 9 4.04848 0 65 4.04848 1
gene 2 9 28 1.70942 0 79 1.70942 1
gene 1 28 4 0.399391 0 80 0.399391 1
gene 1 2 28 -1.86229 0 86 -1.86229 1
gene 1 3 39 1.72253 0 115 1.72253 1
gene 3 39 16 1.97752 0 116 1.97752 1
gene 1 39 9 -1.46583 0 163 -1.46583 1
genomeend 55

/* Organism #56 Fitness: 7.27744 Error: 1.30233 */
genomestart 56
trait 1 0.1 0 0 0 0 0 0 0 
trait 2 0 0 0 0 0 0 0 0 
trait 3 0.3 0 0 0 0 0 0 0 
node 1 2 1 3
node 2 3 1 1
node 3 3 1 1
node 4 3 0 2
node 9 1 0 0
node 16 1 0 0
node 28 1 0 0
node 39 1 0 0
gene 2 1 4 0.0313187 0 1 0.0313187 1
gene 1 2 4 -3.27111 0 2 -3.27111 1
gene 1 3 4 4.38993 0 3 4.38993 1
gene 1 2 9 3.32401 0 12 3.32401 1
gene 1 9 4 -1.44779 0 13 -1.44779 1
gene 3 3 9 -2.70493 0 33 -2.70493 1
gene 3 3 16 1.50472 0 39 1.50472 1
gene 3 16 9 -1.43159 0 40 -1.43159 1
gene 3 1 9 1.31841 0 65 1.31841 1
gene 1 9 28 0.960912 0 79 0.960912 1
gene 1 28 4 0.206418 0 80 0.206418 1
gene 1 2 28 -0.908323 0 86 -0.908323 1
gene 1 3 39 1.99033 0 115 1.99033 1
gene 3 39 16 1.67438 0 116 1.67438 1
gene 1 39 9 0.779443 0 163 0.779443 1
genomeend 56

/* Organism #57 Fitness: 4.00004 Error: 1.99999 */
genomestart 57
trait 1 0.1 0 0 0 0 0 0 0 
trait 2 0 0 0 0 0 0 0 0 
trait 3 0.3 0 0 0 0 0 0 0 
node 1 2 1 3
node 2 3 1 1
node 3 3 1 1
node 4 3 0 2
node 9 1 0 0
node 16 1 0 0
node 28 1 0 0
node 39 1 0 0
gene 2 1 4 -1.2748 0 1 -1.2748 1
gene 1 2 4 -1.0335 0 2 -1.0335 1
gene 1 3 4 4.74959 0 3 4.74959 1
gene 1 2 9 3.38665 0 12 3.38665 1
gene 1 9 4 -0.570381 0 13 -0.570381 1
gene 3 3 9 -0.933411 0 33 -0.933411 1
gene 3 3 16 -0.529115 0 39 -0.529115 1
gene 3 16 9 -0.39144 0 40 -0.39144 1
gene 3 1 9 0.435053 0 65 0.435053 1
gene 1 9 28 -1.20804 0 79 -1.20804 1
gene 1 28 4 -1.43006 0 80 -1.43006 1
gene 1 2 28 0.307245 0 86 0.307245 1
gene 1 3 39 2.32595 0 115 2.32595 1
gene 3 39 16 1.47923 0 116 1.47923 1
gene 1 39 9 -1.12925 0 163 -1.12925 1
genomeend 57

/* Species #10 : (Size 9) (AF 8.38652) (Age 19)  */


/* Organism #58 Fitness: 9 Error: 1 */
genomestart 58
trait 1 0.564156 0 0 0.250069 0 0 0 0 
trait 2 0.248437 0 0 0 0 0 0 0 
trait 3 0.726563 0.364687 0 0.171665 0 0 0.146837 0.353621 
node 1 2 1 3
node 2 3 1 1
node 3 3 1 1
node 4 3 0 2
node 9 1 0 0
gene 2 1 4 -3.25671 0 1 -3.25671 1
gene 1 2 4 -8 0 2 -8 1
gene 1 3 4 8 0 3 8 1
gene 1 2 9 2.84687 0 12 2.84687 1
gene 2 9 4 -3.04002 0 13 -3.04002 1
gene 3 3 9 -1.85652 0 33 -1.85652 1
genomeend 58

/* Organism #59 Fitness: 9 Error: 1 */
genomestart 59
trait 1 0.564156 0 0 0.898526 0 0 0 0 
trait 2 0.248437 0 0 0 0 0 0 0 
trait 3 0.726563 0.364687 0 0.171665 0 0 0.146837 0.353621 
node 1 2 1 3
node 2 3 1 1
node 3 3 1 1
node 4 3 0 2
node 9 1 0 0
gene 2 1 4 -3.25671 0 1 -3.25671 1
gene 1 2 4 -5.79557 0 2 -5.79557 1
gene 1 3 4 7.01693 0 3 7.01693 1
gene 1 2 9 4.10914 0 12 4.10914 1
gene 2 9 4 -3.71792 0 13 -3.71792 1
gene 3 3 9 -1.71655 0 33 -1.71655 1
genomeend 59

/* Organism #60 Fitness: 8.46015 Error: 1.09137 */
genomestart 60
trait 1 0.856066 0 0 0.250069 0 0 0 0.0650655 
trait 2 0.248437 0 0 0 0 0 0 0 
trait 3 0.726563 0.364687 0 0.171665 0 0 0.146837 0.353621 
node 1 2 1 3
node 2 3 1 1
node 3 3 1 1
node 4 3 0 2
node 9 1 0 0
gene 2 1 4 1.92976 0 1 1.92976 1
gene 1 2 4 -8 0 2 -8 1
gene 1 3 4 -1.01779 0 3 -1.01779 1
gene 1 2 9 4.00047 0 12 4.00047 1
gene 2 9 4 -4.88463 0 13 -4.88463 1
gene 3 3 9 -0.807138 0 33 -0.807138 1
genomeend 60

/* Organism #61 Fitness: 9 Error: 1 */
genomestart 61
trait 1 0.564156 0 0 0.250069 0 0 0 0 
trait 2 0.248437 0 0 0 0 0 0 0 
trait 3 0.726563 0.364687 0 0.171665 0 0 0.146837 0.353621 
node 1 2 1 3
node 2 3 1 1
node 3 3 1 1
node 4 3 0 2
node 9 1 0 0
gene 2 1 4 -3.70602 0 1 -3.70602 1
gene 1 2 4 -7.20133 0 2 -7.20133 1
gene 1 3 4 7.14595 0 3 7.14595 1
gene 1 2 9 2.69348 0 12 2.69348 1
gene 2 9 4 -4.10002 0 13 -4.10002 1
gene 3 3 9 -3.62255 0 33 -3.62255 1
genomeend 61

/* Organism #62 Fitness: 4.01857 Error: 1.99536 */
genomestart 62
trait 1 0.564156 0 0 0.250069 0 0 0 0 
trait 2 0.248437 0 0 0 0 0 0 0 
trait 3 0.726563 0.364687 0 0.171665 0 0 0.146837 0.353621 
node 1 2 1 3
node 2 3 1 1
node 3 3 1 1
node 4 3 0 2
node 9 1 0 0
gene 2 1 4 -4.45983 0 1 -4.45983 1
gene 1 2 4 -6.40068 0 2 -6.40068 1
gene 1 3 4 6.08542 0 3 6.08542 1
gene 1 2 9 2.56091 0 12 2.56091 1
gene 2 9 4 -5.51156 0 13 -5.51156 1
gene 3 3 9 -0.00587481 0 33 -0.00587481 1
genomeend 62

/* Organism #63 Fitness: 9 Error: 1 */
genomestart 63
trait 1 0.564156 0 0 0.250069 0 0 0 0 
trait 2 0.248437 0 0 0 0 0 0 0 
trait 3 0.726563 0.364687 0 0.171665 0 0 0.146837 0.353621 
node 1 2 1 3
node 2 3 1 1
node 3 3 1 1
node 4 3 0 2
node 9 1 0 0
gene 2 1 4 -3.25671 0 1 -3.25671 1
gene 1 2 4 -8 0 2 -8 1
gene 1 3 4 8 0 3 8 1
gene 1 2 9 2.84687 0 12 2.84687 1
gene 2 9 4 -3.04002 0 13 -3.04002 1
gene 3 3 9 -1.85652 0 33 -1.85652 1
genomeend 63

/* Organism #64 Fitness: 9 Error: 1 */
genomestart 64
trait 1 0.564156 0 0 0.250069 0 0 0 0 
trait 2 0.248437 0 0 0 0 0 0 0 
trait 3 0.726563 0.364687 0 0.171665 0 0 0.146837 0.353621 
node 1 3 1 3
node 2 3 1 1
node 3 3 1 1
node 4 3 0 2
node 9 1 0 0
gene 2 1 4 -3.25671 0 1 -3.25671 1
gene 1 2 4 -8 0 2 -8 1
gene 1 3 4 7.96445 0 3 7.96445 1
gene 1 2 9 3.06472 0 12 3.06472 1
gene 2 9 4 -3.07176 0 13 -3.07176 1
gene 3 3 9 -2.16113 0 33 -2.16113 1
genomeend 64

/* Organism #65 Fitness: 9 Error: 1 */
genomestart 65
trait 1 0.564156 0 0 0.250069 0 0 0 0 
trait 2 0.248437 0 0 0 0 0 0 0 
trait 3 0.726563 0.364687 0 0.171665 0 0 0.146837 0.353621 
node 1 2 1 3
node 2 3 1 1
node 3 3 1 1
node 4 3 0 2
node 9 1 0 0
gene 2 1 4 -3.25671 0 1 -3.25671 1
gene 1 2 4 -8 0 2 -8 1
gene 1 3 4 8 0 3 8 1
gene 1 2 9 2.84687 0 12 2.84687 1
gene 2 9 4 -3.04002 0 13 -3.04002 1
gene 3 3 9 -1.85652 0 33 -1.85652 1
gene 2 1 9 0.394665 0 283 0.394665 1
genomeend 65

/* Organism #66 Fitness: 9 Error: 1 */
genomestart 66
trait 1 0.564156 0 0 0.250069 0 0 0 0 
trait 2 0.248437 0 0 0 0 0 0 0 
trait 3 0.726563 0.364687 0 0.171665 0 0 0.146837 0.353621 
node 1 2 1 3
node 2 3 1 1
node 3 3 1 1
node 4 3 0 2
node 9 1 0 0
gene 2 1 4 -3.25671 0 1 -3.25671 1
gene 1 2 4 -8 0 2 -8 1
gene 1 3 4 8 0 3 8 1
gene 1 2 9 2.84687 0 12 2.84687 1
gene 2 9 4 -3.04002 0 13 -3.04002 1
gene 3 3 9 -1.85652 0 33 -1.85652 1
genomeend 66

/* Species #12 : (Size 6) (AF 6.85575) (Age 16)  */


/* Organism #67 Fitness: 8.99888 Error: 1.00019 */
genomestart 67
trait 1 0.1 0 0 0 0 0 0 0 
trait 2 0.393747 0 0 0 0 0 0 0 
trait 3 0.3 0 0 0 0 0 0 0 
node 1 2 1 3
node 2 3 1 1
node 3 3 1 1
node 4 3 0 2
node 9 1 0 0
node 17 1 0 0
node 36 1 0 0
gene 2 1 4 1.76025 0 1 1.76025 1
gene 1 2 4 -0.605182 0 2 -0.605182 0
gene 1 3 4 2.1456 0 3 2.1456 1
gene 1 2 9 -6.43656 0 12 -6.43656 1
gene 1 9 4 -3.42391 0 13 -3.42391 1
gene 1 2 17 -1.71825 0 41 -1.71825 1
gene 1 17 9 3.20168 0 42 3.20168 1
gene 3 3 9 -2.66909 0 84 -2.66909 1
gene 3 3 36 -0.725364 0 106 -0.725364 1
gene 3 36 9 -1.67959 0 107 -1.67959 1
gene 2 2 36 -1.42724 0 121 -1.42724 1
gene 3 17 4 -1.20365 0 153 -1.20365 1
gene 2 17 36 -1.61734 0 177 -1.61734 1
genomeend 67

/* Organism #68 Fitness: 8.93462 Error: 1.01092 */
genomestart 68
trait 1 0.1 0 0 0 0 0 0 0 
trait 2 0.393747 0 0 0 0 0 0 0 
trait 3 0.3 0 0 0 0 0 0 0 
node 1 2 1 3
node 2 3 1 1
node 3 3 1 1
node 4 3 0 2
node 9 1 0 0
node 17 1 0 0
node 36 1 0 0
gene 2 1 4 1.76025 0 1 1.76025 1
gene 1 2 4 -1.03839 0 2 -1.03839 0
gene 1 3 4 0.454108 0 3 0.454108 1
gene 1 2 9 -5.80849 0 12 -5.80849 1
gene 1 9 4 -4.70691 0 13 -4.70691 1
gene 1 2 17 -1.88917 0 41 -1.88917 1
gene 1 17 9 4.70128 0 42 4.70128 1
gene 3 3 9 -0.940825 0 84 -0.940825 1
gene 3 3 36 2.42454 0 106 2.42454 1
gene 3 36 9 -4.13381 0 107 -4.13381 1
gene 2 2 36 -2.49837 0 121 -2.49837 1
gene 3 17 4 -2.59255 0 153 -2.59255 1
gene 2 17 36 -2.02347 0 177 -2.02347 1
genomeend 68

/* Organism #69 Fitness: 4.00158 Error: 1.99961 */
genomestart 69
trait 1 0.1 0 0 0 0 0 0 0 
trait 2 0.393747 0 0 0 0 0 0 0 
trait 3 0.3 0 0 0 0 0 0 0 
node 1 2 1 3
node 2 3 1 1
node 3 3 1 1
node 4 3 0 2
node 9 1 0 0
node 17 1 0 0
node 36 1 0 0
gene 2 1 4 1.02437 0 1 1.02437 1
gene 1 2 4 -1.9911 0 2 -1.9911 0
gene 1 3 4 0.0630131 0 3 0.0630131 1
gene 1 2 9 -6.35012 0 12 -6.35012 1
gene 1 9 4 -1.31386 0 13 -1.31386 1
gene 1 2 17 -0.881123 0 41 -0.881123 1
gene 1 17 9 5.00166 0 42 5.00166 1
gene 3 3 9 -1.04146 0 84 -1.04146 1
gene 3 3 36 1.70688 0 106 1.70688 1
gene 3 36 9 -0.831019 0 107 -0.831019 1
gene 2 2 36 0.0656453 0 121 0.0656453 1
gene 3 17 4 -1.79678 0 153 -1.79678 1
gene 2 17 36 -0.402173 0 177 -0.402173 1
genomeend 69

/* Organism #70 Fitness: 6.77573 Error: 1.39698 */
genomestart 70
trait 1 0.1 0 0 0 0 0 0 0 
trait 2 0.393747 0 0 0 0 0 0 0 
trait 3 0.3 0 0 0 0 0 0 0 
node 1 2 1 3
node 2 3 1 1
node 3 3 1 1
node 4 3 0 2
node 9 1 0 0
node 17 1 0 0
node 36 1 0 0
gene 2 1 4 2.42151 0 1 2.42151 1
gene 1 2 4 -2.82502 0 2 -2.82502 0
gene 1 3 4 1.99468 0 3 1.99468 1
gene 1 2 9 -7.94082 0 12 -7.94082 1
gene 1 9 4 -3.25446 0 13 -3.25446 1
gene 1 2 17 -0.0514008 0 41 -0.0514008 1
gene 1 17 9 0.786828 0 42 0.786828 1
gene 3 3 9 -4.34806 0 84 -4.34806 1
gene 3 3 36 -1.37945 0 106 -1.37945 1
gene 3 36 9 0.203864 0 107 0.203864 1
gene 2 2 36 -0.45912 0 121 -0.45912 1
gene 3 17 4 0.683538 0 153 0.683538 1
gene 2 17 36 -1.86302 0 177 -1.86302 1
genomeend 70

/* Organism #71 Fitness: 3.42939 Error: 2.14814 */
genomestart 71
trait 1 0.1 0 0 0 0 0 0 0 
trait 2 0.393747 0 0 0 0 0 0 0 
trait 3 0.3 0 0 0 0 0 0 0 
node 1 2 1 3
node 2 3 1 1
node 3 3 1 1
node 4 3 0 2
node 9 1 0 0
node 17 1 0 0
node 36 1 0 0
gene 2 1 4 -0.696341 0 1 -0.696341 1
gene 1 2 4 0.938139 0 2 0.938139 0
gene 1 3 4 2.77641 0 3 2.77641 1
gene 1 2 9 -7.92335 0 12 -7.92335 1
gene 1 9 4 -2.05737 0 13 -2.05737 1
gene 1 2 17 -1.10582 0 41 -1.10582 1
gene 1 17 9 3.20168 0 42 3.20168 1
gene 3 3 9 -4.12246 0 84 -4.12246 1
gene 3 3 36 2.44247 0 106 2.44247 1
gene 3 36 9 -3.47621 0 107 -3.47621 1
gene 2 2 36 0.900327 0 121 0.900327 1
gene 3 17 4 -3.53702 0 153 -3.53702 1
gene 2 17 36 0.453413 0 177 0.453413 1
genomeend 71

/* Organism #72 Fitness: 8.99432 Error: 1.00095 */
genomestart 72
trait 1 0.1 0 0 0 0 0 0 0 
trait 2 0.393747 0 0 0 0 0 0 0 
trait 3 0.3 0 0 0 0 0 0 0 
node 1 2 1 3
node 2 3 1 1
node 3 3 1 1
node 4 3 0 2
node 9 1 0 0
node 17 1 0 0
node 36 1 0 0
gene 2 1 4 1.54303 0 1 1.54303 1
gene 1 2 4 -2.59384 0 2 -2.59384 0
gene 1 3 4 1.75099 0 3 1.75099 1
gene 1 2 9 -8 0 12 -8 1
gene 1 9 4 -5.80359 0 13 -5.80359 1
gene 1 2 17 -3.84767 0 41 -3.84767 1
gene 1 17 9 3.27371 0 42 3.27371 1
gene 3 3 9 -1.91581 0 84 -1.91581 1
gene 3 3 36 -0.379818 0 106 -0.379818 1
gene 3 36 9 0.512482 0 107 0.512482 1
gene 2 2 36 -3.5083 0 121 -3.5083 1
gene 3 17 4 -1.09561 0 153 -1.09561 1
gene 2 17 36 -1.61734 0 177 -1.61734 1
genomeend 72

/* Species #13 : (Size 4) (AF 4.96347) (Age 16)  */


/* Organism #73 Fitness: 8.35177 Error: 1.11006 */
genomestart 73
trait 1 0.1 0 0 0 0 0 0 0 
trait 2 0.393747 0 0 0 0 0 0 0 
trait 3 0.3 0 0 0 0 0 0 0 
node 1 2 1 3
node 2 3 1 1
node 3 3 1 1
node 4 3 0 2
node 9 1 0 0
node 17 1 0 0
node 33 1 0 0
gene 2 1 4 3.63015 0 1 3.63015 1
gene 1 2 4 -1.04968 0 2 -1.04968 0
gene 1 3 4 8 0 3 8 1
gene 1 2 9 -1.76153 0 12 -1.76153 0
gene 3 9 4 -6.51883 0 13 -6.51883 1
gene 1 2 17 -0.212714 0 41 -0.212714 1
gene 1 17 9 0.914014 0 42 0.914014 1
gene 3 3 9 -0.300684 0 84 -0.300684 1
gene 1 3 33 -1.42935 0 99 -1.42935 1
gene 1 33 4 -2.99432 0 100 -2.99432 1
gene 1 33 9 -0.791375 0 247 -0.791375 1
gene 1 17 4 1.40623 0 269 1.40623 1
genomeend 73

/* Organism #74 Fitness: 3.09517 Error: 2.24069 */
genomestart 74
trait 1 0.1 0 0 0 0 0 0 0 
trait 2 0.393747 0 0 0 0 0 0 0 
trait 3 0.3 0 0 0 0 0 0 0 
node 1 2 1 3
node 2 3 1 1
node 3 3 1 1
node 4 3 0 2
node 9 1 0 0
node 17 1 0 0
node 33 1 0 0
gene 1 1 4 3.33016 0 1 3.33016 1
gene 1 2 4 0.544069 0 2 0.544069 0
gene 1 3 4 8 0 3 8 1
gene 1 2 9 -0.880078 0 12 -0.880078 0
gene 3 9 4 -2.92261 0 13 -2.92261 1
gene 1 2 17 1.12987 0 41 1.12987 1
gene 1 17 9 0.695196 0 42 0.695196 1
gene 3 3 9 -2.20077 0 84 -2.20077 1
gene 1 3 33 -3.7837 0 99 -3.7837 1
gene 1 33 4 -0.857494 0 100 -0.857494 1
gene 1 33 9 -0.849742 0 247 -0.849742 1
gene 1 17 4 -0.364544 0 269 -0.364544 1
genomeend 74

/* Organism #75 Fitness: 4.38486 Error: 1.906 */
genomestart 75
trait 1 0.1 0 0 0 0 0 0 0 
trait 2 0.393747 0 0 0 0 0 0 0 
trait 3 0.3 0 0 0 0 0 0 0 
node 1 2 1 3
node 2 3 1 1
node 3 3 1 1
node 4 3 0 2
node 9 1 0 0
node 17 1 0 0
node 33 1 0 0
gene 2 1 4 1.64424 0 1 1.64424 1
gene 1 2 4 0.471282 0 2 0.471282 0
gene 1 3 4 7.21037 0 3 7.21037 1
gene 1 2 9 -1.09592 0 12 -1.09592 0
gene 3 9 4 -0.708945 0 13 -0.708945 1
gene 1 2 17 1.41552 0 41 1.41552 1
gene 1 17 9 0.863353 0 42 0.863353 1
gene 3 3 9 -1.27758 0 84 -1.27758 1
gene 1 3 33 -3.91905 0 99 -3.91905 1
gene 1 33 4 -2.95633 0 100 -2.95633 1
gene 1 33 9 2.54773 0 247 2.54773 1
gene 1 17 4 0.280175 0 269 0.280175 1
genomeend 75

/* Organism #76 Fitness: 4.02209 Error: 1.99448 */
genomestart 76
trait 1 0.1 0 0 0 0 0 0 0 
trait 2 0.393747 0 0 0 0 0 0 0 
trait 3 0.3 0 0 0 0 0 0 0 
node 1 2 1 3
node 2 3 1 1
node 3 3 1 1
node 4 3 0 2
node 9 1 0 0
node 17 1 0 0
node 33 1 0 0
node 96 1 0 0
gene 2 1 4 3.63015 0 1 3.63015 1
gene 1 2 4 0.427641 0 2 0.427641 0
gene 1 3 4 7.21037 0 3 7.21037 1
gene 1 2 9 -2.2911 0 12 -2.2911 0
gene 3 9 4 -5.40132 0 13 -5.40132 1
gene 1 2 17 1.28002 0 41 1.28002 1
gene 1 17 9 -0.619846 0 42 -0.619846 1
gene 3 3 9 -1.27758 0 84 -1.27758 0
gene 1 3 33 -3.4203 0 99 -3.4203 1
gene 1 33 4 -3.18819 0 100 -3.18819 1
gene 1 33 9 1.48943 0 247 1.48943 1
gene 1 17 4 0.933042 0 269 0.933042 1
gene 3 3 96 1 0 284 0 1
gene 3 96 9 -1.27758 0 285 0 1
genomeend 76

/* Species #14 : (Size 7) (AF 6.11811) (Age 16)  */


/* Organism #77 Fitness: 9 Error: 1 */
genomestart 77
trait 1 0.564156 0 0 0.250069 0 0 0 0 
trait 2 0.248437 0 0 0 0 0 0 0 
trait 3 0.3 0 0 0 0 0 0 0 
node 1 2 1 3
node 2 3 1 1
node 3 3 1 1
node 4 3 0 2
node 9 1 0 0
node 38 1 0 0
gene 2 1 4 4.89419 0 1 4.89419 1
gene 1 2 4 -1.6442 0 2 -1.6442 1
gene 2 3 4 -6.452 0 3 -6.452 1
gene 1 2 9 2.00415 0 12 2.00415 0
gene 2 9 4 5.10865 0 13 5.10865 1
gene 3 3 9 -1.99255 0 33 -1.99255 1
gene 1 2 38 -1.84912 0 112 -1.84912 1
gene 1 38 9 6.25265 0 113 6.25265 1
genomeend 77

/* Organism #78 Fitness: 8.99924 Error: 1.00013 */
genomestart 78
trait 1 0.564156 0 0 0.250069 0 0 0 0 
trait 2 0.248437 0 0 0 0 0 0 0 
trait 3 0.3 0 0 0 0 0 0 0 
node 1 2 1 3
node 2 3 1 1
node 3 3 1 1
node 4 3 0 2
node 9 1 0 0
node 38 1 0 0
node 90 1 0 0
gene 2 1 4 4.01625 0 1 4.01625 1
gene 1 2 4 1.08722 0 2 1.08722 1
gene 2 3 4 -6.95884 0 3 -6.95884 1
gene 1 2 9 1.88652 0 12 1.88652 0
gene 2 9 4 5.64531 0 13 5.64531 1
gene 3 3 9 -0.0984222 0 33 -0.0984222 0
gene 1 2 38 -0.572222 0 112 -0.572222 1
gene 1 38 9 3.87632 0 113 3.87632 1
gene 3 3 90 3.18909 0 270 3.18909 1
gene 3 90 9 -1.34075 0 271 -1.34075 1
genomeend 78

/* Organism #79 Fitness: 8.78778 Error: 1.03558 */
genomestart 79
trait 1 0.564156 0 0 0.250069 0 0 0 0 
trait 2 0.248437 0 0 0 0 0 0 0 
trait 3 0.3 0 0 0 0 0 0 0 
node 1 2 1 3
node 2 3 1 1
node 3 3 1 1
node 4 3 0 2
node 9 1 0 0
node 38 1 0 0
gene 2 1 4 -0.651036 0 1 -0.651036 1
gene 1 2 4 -3.0833 0 2 -3.0833 1
gene 2 3 4 -2.33421 0 3 -2.33421 1
gene 1 2 9 2.42814 0 12 2.42814 1
gene 2 9 4 4.41153 0 13 4.41153 1
gene 3 3 9 0.622425 0 33 0.622425 0
gene 1 2 38 -2.04947 0 112 -2.04947 1
gene 1 38 9 4.29305 0 113 4.29305 1
genomeend 79

/* Organism #80 Fitness: 3.99992 Error: 2.00002 */
genomestart 80
trait 1 0.564156 0 0 0.250069 0 0 0 0 
trait 2 0.248437 0 0 0 0 0 0 0 
trait 3 0.3 0 0 0 0 0 0 0 
node 1 2 1 3
node 2 3 1 1
node 3 3 1 1
node 4 3 0 2
node 9 1 0 0
node 38 1 0 0
gene 2 1 4 2.0858 0 1 2.0858 1
gene 1 2 4 0.30662 0 2 0.30662 1
gene 2 3 4 -4.31143 0 3 -4.31143 1
gene 1 2 9 1.45054 0 12 1.45054 0
gene 2 9 4 4.37544 0 13 4.37544 1
gene 3 3 9 -0.936308 0 33 -0.936308 0
gene 3 2 38 -0.199744 0 112 -0.199744 1
gene 1 38 9 4.52354 0 113 4.52354 1
genomeend 80

/* Organism #81 Fitness: 4.03921 Error: 1.99022 */
genomestart 81
trait 1 0.564156 0 0 0.250069 0 0 0 0 
trait 2 0.248437 0 0 0 0 0 0 0 
trait 3 0.3 0 0 0 0 0 0 0 
node 1 2 1 3
node 2 3 1 1
node 3 3 1 1
node 4 3 0 2
node 9 1 0 0
node 38 1 0 0
node 90 1 0 0
gene 2 1 4 4.53469 0 1 4.53469 1
gene 1 2 4 -1.63169 0 2 -1.63169 1
gene 2 3 4 -4.73114 0 3 -4.73114 1
gene 1 2 9 -0.254435 0 12 -0.254435 0
gene 2 9 4 3.58539 0 13 3.58539 1
gene 3 3 9 -3.31294 0 33 -3.31294 0
gene 1 2 38 -2.66739 0 112 -2.66739 1
gene 1 38 9 6.19733 0 113 6.19733 1
gene 3 3 90 1.46266 0 270 1.46266 1
gene 3 90 9 0.2472 0 271 0.2472 1
genomeend 81

/* Organism #82 Fitness: 4.00062 Error: 1.99984 */
genomestart 82
trait 1 0.564156 0 0 0.250069 0 0 0 0 
trait 2 0.248437 0 0 0 0 0 0 0 
trait 3 0.3 0 0 0 0 0 0 0 
node 1 2 1 3
node 2 3 1 1
node 3 3 1 1
node 4 3 0 2
node 9 1 0 0
node 38 1 0 0
node 90 1 0 0
gene 2 1 4 4.01625 0 1 4.01625 1
gene 1 2 4 -3.63629 0 2 -3.63629 1
gene 2 3 4 -4.86199 0 3 -4.86199 1
gene 1 2 9 1.25211 0 12 1.25211 0
gene 2 9 4 6.26186 0 13 6.26186 1
gene 3 3 9 1.8936 0 33 1.8936 0
gene 1 2 38 0.274895 0 112 0.274895 1
gene 1 38 9 6.04588 0 113 6.04588 1
gene 3 3 90 -1.68317 0 270 -1.68317 1
gene 3 90 9 -2.46178 0 271 -2.46178 1
genomeend 82

/* Organism #83 Fitness: 4 Error: 2 */
genomestart 83
trait 1 0.564156 0 0 0.250069 0 0 0 0 
trait 2 0.248437 0 0 0 0 0 0 0 
trait 3 0.3 0 0 0 0 0 0 0 
node 1 2 1 3
node 2 3 1 1
node 3 3 1 1
node 4 3 0 2
node 9 1 0 0
node 38 1 0 0
gene 2 1 4 2.96535 0 1 2.96535 1
gene 1 2 4 0.478683 0 2 0.478683 1
gene 2 3 4 -8 0 3 -8 1
gene 1 2 9 2.34802 0 12 2.34802 0
gene 2 9 4 2.91414 0 13 2.91414 1
gene 3 3 9 -3.85304 0 33 -3.85304 1
gene 1 2 38 -1.77427 0 112 -1.77427 1
gene 1 38 9 0.506226 0 113 0.506226 1
genomeend 83

/* Species #15 : (Size 8) (AF 6.66056) (Age 14)  */


/* Organism #84 Fitness: 8.99999 Error: 1 */
genomestart 84
trait 1 0 0.345927 0.508805 0 0.221107 0.236549 0.273415 0.159337 
trait 2 0.0520085 0.457228 0.00845363 0 0 0.266037 0 0 
trait 3 0.3 0 0 0 0 0 0 0 
node 1 1 1 3
node 2 2 1 1
node 3 3 1 1
node 4 1 0 2
node 8 3 0 0
gene 2 1 4 -8 0 1 -8 1
gene 1 2 4 -5.62002 0 2 -5.62002 1
gene 1 3 4 7.52411 0 3 7.52411 1
gene 1 3 8 4.18916 0 10 4.18916 1
gene 1 8 4 3.22024 0 11 3.22024 1
gene 2 2 8 -2.44758 0 114 -2.44758 1
gene 3 1 8 1.31523 0 135 1.31523 1
genomeend 84

/* Organism #85 Fitness: 5.41628 Error: 1.67271 */
genomestart 85
trait 1 0 0.345927 0.508805 0 0.221107 0.236549 0.273415 0.159337 
trait 2 0.0520085 0.457228 0.00845363 0 0 0.266037 0 0 
trait 3 0.3 0 0 0 0 0 0 0 
node 1 1 1 3
node 2 2 1 1
node 3 3 1 1
node 4 3 0 2
node 8 3 0 0
gene 2 1 4 -8 0 1 -8 1
gene 1 2 4 -3.62297 0 2 -3.62297 1
gene 1 3 4 5.0412 0 3 5.0412 1
gene 1 3 8 1.8841 0 10 1.8841 1
gene 1 8 4 2.81259 0 11 2.81259 1
gene 2 2 8 -2.31117 0 114 -2.31117 1
gene 3 1 8 0.198103 0 135 0.198103 1
genomeend 85

/* Organism #86 Fitness: 3.99999 Error: 2 */
genomestart 86
trait 1 0 0.345927 0.508805 0 0.221107 0.236549 0.273415 0.159337 
trait 2 0.0520085 0.457228 0.00845363 0 0 0.266037 0 0 
trait 3 0.3 0 0 0 0 0 0 0 
node 1 1 1 3
node 2 2 1 1
node 3 3 1 1
node 4 1 0 2
node 8 3 0 0
gene 2 1 4 -0.878933 0 1 -0.878933 1
gene 1 2 4 -7.01167 0 2 -7.01167 1
gene 1 3 4 0.359203 0 3 0.359203 1
gene 1 3 8 2.97842 0 10 2.97842 1
gene 1 8 4 4.87564 0 11 4.87564 1
gene 2 2 8 -3.65802 0 114 -3.65802 1
gene 3 1 8 2.31876 0 135 2.31876 1
genomeend 86

/* Organism #87 Fitness: 4.00001 Error: 2 */
genomestart 87
trait 1 0 0.345927 0.508805 0 0.221107 0.236549 0.273415 0.159337 
trait 2 0.0520085 0.457228 0.00845363 0 0 0.266037 0 0 
trait 3 0.3 0 0 0 0 0 0 0 
node 1 1 1 3
node 2 2 1 1
node 3 3 1 1
node 4 1 0 2
node 8 3 0 0
gene 2 1 4 -6.26968 0 1 -6.26968 1
gene 1 2 4 -0.893963 0 2 -0.893963 1
gene 1 3 4 8 0 3 8 1
gene 1 3 8 1.24317 0 10 1.24317 1
gene 1 8 4 1.91901 0 11 1.91901 1
gene 2 2 8 1.67493 0 114 1.67493 1
gene 3 1 8 2.57481 0 135 2.57481 1
genomeend 87

/* Organism #88 Fitness: 4 Error: 2 */
genomestart 88
trait 1 0 0.172964 0.254402 0 0.110553 0.118274 0.410123 0.289727 
trait 2 0.0520085 0.457228 0.00845363 0 0 0.266037 0 0 
trait 3 0.3 0 0 0 0 0 0 0 
node 1 1 1 3
node 2 2 1 1
node 3 3 1 1
node 4 1 0 2
node 8 3 0 0
gene 2 1 4 -8 0 1 -8 1
gene 1 2 4 -6.2186 0 2 -6.2186 1
gene 1 3 4 -2.09922 0 3 -2.09922 1
gene 1 3 8 1.8086 0 10 1.8086 1
gene 1 8 4 -2.39784 0 11 -2.39784 1
gene 2 2 8 -4.05942 0 114 -4.05942 1
gene 3 1 8 3.26495 0 135 3.26495 1
genomeend 88

/* Organism #89 Fitness: 8.99998 Error: 1 */
genomestart 89
trait 1 0 0 0 0 0 0 0.546831 0.420118 
trait 2 0.0520085 0.457228 0.00845363 0 0 0.266037 0 0 
trait 3 0.3 0 0 0 0 0 0 0 
node 1 1 1 3
node 2 2 1 1
node 3 3 1 1
node 4 1 0 2
node 8 3 0 0
gene 2 1 4 -6.3005 0 1 -6.3005 1
gene 1 2 4 -8 0 2 -8 1
gene 1 3 4 5.46449 0 3 5.46449 1
gene 1 3 8 6.12064 0 10 6.12064 1
gene 1 8 4 3.61828 0 11 3.61828 1
gene 2 2 8 -1.80685 0 114 -1.80685 1
gene 3 1 8 2.84547 0 135 2.84547 1
genomeend 89

/* Organism #90 Fitness: 8.99999 Error: 1 */
genomestart 90
trait 1 0 0.172964 0.254402 0 0.110553 0.118274 0.410123 0.289727 
trait 2 0.0520085 0.457228 0.00845363 0 0 0.266037 0 0 
trait 3 0.3 0 0 0 0 0 0 0 
node 1 1 1 3
node 2 2 1 1
node 3 3 1 1
node 4 1 0 2
node 8 3 0 0
gene 2 1 4 -8 0 1 -8 1
gene 1 2 4 -5.91931 0 2 -5.91931 1
gene 1 3 4 7.06259 0 3 7.06259 1
gene 1 3 8 4.29451 0 10 4.29451 1
gene 1 8 4 3.61321 0 11 3.61321 1
gene 2 2 8 -1.78941 0 114 -1.78941 1
gene 3 1 8 1.90209 0 135 1.90209 1
genomeend 90

/* Organism #91 Fitness: 8.86827 Error: 1.02204 */
genomestart 91
trait 1 0 0 0 0 0 0 0.546831 0.420118 
trait 2 0.0520085 0.457228 0.00845363 0 0 0.266037 0 0 
trait 3 0.3 0 0 0 0 0 0 0 
node 1 1 1 3
node 2 2 1 1
node 3 3 1 1
node 4 1 0 2
node 8 3 0 0
gene 2 1 4 -8 0 1 -8 1
gene 1 2 4 -2.05336 0 2 -2.05336 1
gene 1 3 4 5.25742 0 3 5.25742 1
gene 1 3 8 3.49788 0 10 3.49788 1
gene 1 8 4 4.00617 0 11 4.00617 1
gene 2 2 8 -0.519501 0 114 -0.519501 1
gene 3 1 8 2.48894 0 135 2.48894 1
genomeend 91

/* Species #17 : (Size 7) (AF 8.33609) (Age 11)  */


/* Organism #92 Fitness: 9 Error: 1 */
genomestart 92
trait 1 0.1 0 0 0 0 0 0 0 
trait 2 0.2 0 0.278294 0.246445 0 0 0 0.120464 
trait 3 0.610678 0 0 0.0299081 0 0 0.139203 0.38892 
node 1 1 1 3
node 2 1 1 1
node 3 3 1 1
node 4 1 0 2
node 8 3 0 0
node 55 1 0 0
gene 2 1 4 -6.52422 0 1 -6.52422 1
gene 1 2 4 -8 0 2 -8 1
gene 3 3 4 8 0 3 8 1
gene 1 3 8 4.94535 0 10 4.94535 0
gene 1 8 4 2.63604 0 11 2.63604 1
gene 3 1 8 -0.654469 0 135 -0.654469 1
gene 1 3 55 3.58675 0 160 3.58675 1
gene 1 55 8 1.42868 0 161 1.42868 1
genomeend 92

/* Organism #93 Fitness: 9 Error: 1 */
genomestart 93
trait 1 0.1 0 0 0 0 0 0 0 
trait 2 0.2 0 0.278294 0.246445 0 0 0 0.120464 
trait 3 0.610678 0 0 0.0299081 0 0 0.139203 0.38892 
node 1 1 1 3
node 2 1 1 1
node 3 3 1 1
node 4 1 0 2
node 8 3 0 0
node 55 1 0 0
gene 2 1 4 -6.61493 0 1 -6.61493 1
gene 1 2 4 -8 0 2 -8 1
gene 3 3 4 8 0 3 8 1
gene 1 3 8 6.49966 0 10 6.49966 0
gene 1 8 4 2.57218 0 11 2.57218 1
gene 3 1 8 1.58689 0 135 1.58689 1
gene 1 3 55 2.42331 0 160 2.42331 1
gene 1 55 8 -0.774752 0 161 -0.774752 1
genomeend 93

/* Organism #94 Fitness: 4.45954 Error: 1.88824 */
genomestart 94
trait 1 0.1 0 0 0 0 0 0 0 
trait 2 0.2 0 0.278294 0.246445 0 0 0 0.120464 
trait 3 0.610678 0 0 0.0299081 0 0 0.139203 0.38892 
node 1 1 1 3
node 2 1 1 1
node 3 3 1 1
node 4 1 0 2
node 8 3 0 0
node 55 1 0 0
gene 2 1 4 -6.51781 0 1 -6.51781 1
gene 1 2 4 -7.00731 0 2 -7.00731 1
gene 3 3 4 5.81945 0 3 5.81945 1
gene 1 3 8 4.06535 0 10 4.06535 0
gene 1 8 4 2.3281 0 11 2.3281 1
gene 3 1 8 -0.640278 0 135 -0.640278 1
gene 1 3 55 5.25108 0 160 5.25108 1
gene 1 55 8 0.234037 0 161 0.234037 1
genomeend 94

/* Organism #95 Fitness: 8.89394 Error: 1.01773 */
genomestart 95
trait 1 0.1 0 0 0 0 0 0 0 
trait 2 0.2 0 0.278294 0.246445 0 0 0 0.120464 
trait 3 0.610678 0 0 0.0299081 0 0 0.139203 0.38892 
node 1 1 1 3
node 2 1 1 1
node 3 3 1 1
node 4 1 0 2
node 8 3 0 0
node 55 1 0 0
gene 2 1 4 -5.18522 0 1 -5.18522 1
gene 1 2 4 -7.2233 0 2 -7.2233 1
gene 3 3 4 6.3066 0 3 6.3066 1
gene 1 3 8 8 0 10 8 0
gene 1 8 4 4.36766 0 11 4.36766 1
gene 3 1 8 3.89996 0 135 3.89996 1
gene 1 3 55 4.97244 0 160 4.97244 1
gene 1 55 8 -0.0521504 0 161 -0.0521504 1
genomeend 95

/* Organism #96 Fitness: 8.99917 Error: 1.00014 */
genomestart 96
trait 1 0.1 0 0 0 0 0 0 0 
trait 2 0.2 0 0.278294 0.246445 0 0 0 0.120464 
trait 3 0.610678 0 0 0.0299081 0 0 0.139203 0.38892 
node 1 1 1 3
node 2 1 1 1
node 3 3 1 1
node 4 1 0 2
node 8 3 0 0
node 55 1 0 0
gene 2 1 4 -6.77287 0 1 -6.77287 1
gene 1 2 4 -5.53075 0 2 -5.53075 1
gene 3 3 4 8 0 3 8 1
gene 1 3 8 6.93058 0 10 6.93058 0
gene 1 8 4 2.49855 0 11 2.49855 1
gene 3 1 8 3.74882 0 135 3.74882 1
gene 1 3 55 1.95401 0 160 1.95401 1
gene 1 55 8 -0.89881 0 161 -0.89881 1
genomeend 96

/* Organism #97 Fitness: 9 Error: 1 */
genomestart 97
trait 1 0.1 0 0 0 0 0 0 0 
trait 2 0.2 0 0.278294 0.246445 0 0 0 0.120464 
trait 3 0.610678 0 0 0.0299081 0 0 0.139203 0.38892 
node 1 1 1 3
node 2 1 1 1
node 3 3 1 1
node 4 1 0 2
node 8 3 0 0
node 55 1 0 0
gene 2 1 4 -4.93535 0 1 -4.93535 1
gene 1 2 4 -8 0 2 -8 1
gene 3 3 4 8 0 3 8 1
gene 1 3 8 4.78375 0 10 4.78375 0
gene 1 8 4 -1.1256 0 11 -1.1256 1
gene 3 1 8 -2.08525 0 135 -2.08525 1
gene 1 3 55 0.701392 0 160 0.701392 1
gene 1 55 8 1.79529 0 161 1.79529 1
genomeend 97

/* Organism #98 Fitness: 9 Error: 1 */
genomestart 98
trait 1 0.1 0 0 0 0 0 0 0 
trait 2 0.2 0 0.278294 0.246445 0 0 0 0.120464 
trait 3 0.610678 0 0 0.0299081 0 0 0.139203 0.38892 
node 1 1 1 3
node 2 1 1 1
node 3 3 1 1
node 4 1 0 2
node 8 3 0 0
node 55 1 0 0
gene 2 1 4 -6.52422 0 1 -6.52422 1
gene 1 2 4 -8 0 2 -8 1
gene 3 3 4 8 0 3 8 1
gene 1 3 8 4.94535 0 10 4.94535 0
gene 1 8 4 2.63604 0 11 2.63604 1
gene 3 1 8 -0.654469 0 135 -0.654469 1
gene 1 3 55 3.58675 0 160 3.58675 1
gene 1 55 8 1.42868 0 161 1.42868 1
genomeend 98

/* Species #18 : (Size 5) (AF 8.97238) (Age 11)  */


/* Organism #99 Fitness: 9 Error: 1 */
genomestart 99
trait 1 0.1 0 0 0 0 0 0 0 
trait 2 0.2 0 0 0 0 0 0 0 
trait 3 0.3 0.127964 0 0 0.202597 0 0.381542 0 
node 1 1 1 3
node 2 3 1 1
node 3 1 1 1
node 4 1 0 2
node 6 1 0 0
node 7 1 0 0
node 19 1 0 0
gene 1 1 4 2.0073 0 1 2.0073 1
gene 1 2 4 4.88589 0 2 4.88589 1
gene 1 3 4 4.08911 0 3 4.08911 0
gene 1 3 6 7.12796 0 6 7.12796 1
gene 1 6 4 2.9095 0 7 2.9095 1
gene 1 2 7 -1.29821 0 8 -1.29821 1
gene 1 7 4 -0.382473 0 9 -0.382473 0
gene 2 3 7 -3.35854 0 38 -3.35854 1
gene 1 7 19 3.6949 0 45 3.6949 1
gene 1 19 4 -7.0114 0 46 -7.0114 1
gene 2 3 19 -3.21603 0 162 -3.21603 1
genomeend 99

/* Organism #100 Fitness: 8.99971 Error: 1.00005 */
genomestart 100
trait 1 0.1 0 0 0 0 0 0 0 
trait 2 0.2 0 0 0 0 0 0 0 
trait 3 0.3 0 0 0 0 0 0 0 
node 1 1 1 3
node 2 3 1 1
node 3 2 1 1
node 4 1 0 2
node 6 1 0 0
node 7 1 0 0
node 19 1 0 0
gene 1 1 4 0.699316 0 1 0.699316 1
gene 1 2 4 4.79933 0 2 4.79933 1
gene 1 3 4 3.77809 0 3 3.77809 1
gene 1 3 6 3.2536 0 6 3.2536 1
gene 1 6 4 2.81153 0 7 2.81153 1
gene 1 2 7 -3.55899 0 8 -3.55899 1
gene 1 7 4 0.764336 0 9 0.764336 1
gene 2 3 7 -4.21069 0 38 -4.21069 1
gene 1 7 19 1.49387 0 45 1.49387 1
gene 1 19 4 -5.29504 0 46 -5.29504 1
gene 2 3 19 1.05345 0 162 1.05345 1
genomeend 100

/* Organism #101 Fitness: 8.86221 Error: 1.02305 */
genomestart 101
trait 1 0.1 0 0 0 0 0 0 0 
trait 2 0.2 0 0 0 0 0 0 0 
trait 3 0.3 0.127964 0 0 0.202597 0 0.381542 0 
node 1 1 1 3
node 2 3 1 1
node 3 1 1 1
node 4 1 0 2
node 6 1 0 0
node 7 1 0 0
node 19 1 0 0
gene 1 1 4 2.65674 0 1 2.65674 1
gene 1 2 4 6.38176 0 2 6.38176 1
gene 1 3 4 3.43197 0 3 3.43197 0
gene 1 3 6 3.42683 0 6 3.42683 1
gene 1 6 4 2.57334 0 7 2.57334 1
gene 1 2 7 1.12817 0 8 1.12817 1
gene 1 7 4 -0.200812 0 9 -0.200812 0
gene 2 3 7 -0.404729 0 38 -0.404729 1
gene 1 7 19 1.55624 0 45 1.55624 1
gene 1 19 4 -4.80621 0 46 -4.80621 1
gene 2 3 19 -1.16549 0 162 -1.16549 1
genomeend 101

/* Organism #102 Fitness: 9 Error: 1 */
genomestart 102
trait 1 0.1 0 0 0 0 0 0 0 
trait 2 0.2 0 0 0 0 0 0 0 
trait 3 0.3 0 0 0 0 0 0 0 
node 1 1 1 3
node 2 3 1 1
node 3 2 1 1
node 4 1 0 2
node 6 1 0 0
node 7 1 0 0
node 19 1 0 0
gene 1 1 4 1.22996 0 1 1.22996 1
gene 1 2 4 6.3657 0 2 6.3657 1
gene 1 3 4 2.57093 0 3 2.57093 1
gene 1 3 6 5.5138 0 6 5.5138 1
gene 1 6 4 2.77583 0 7 2.77583 1
gene 1 2 7 -1.18793 0 8 -1.18793 1
gene 1 7 4 0.481277 0 9 0.481277 1
gene 2 3 7 -2.06761 0 38 -2.06761 1
gene 1 7 19 2.0049 0 45 2.0049 1
gene 1 19 4 -5.79363 0 46 -5.79363 1
gene 2 3 19 -0.654592 0 162 -0.654592 1
genomeend 102

/* Organism #103 Fitness: 9 Error: 1 */
genomestart 103
trait 1 0.1 0 0 0 0 0 0 0 
trait 2 0.2 0 0 0 0 0 0 0 
trait 3 0.3 0 0 0 0 0 0 0 
node 1 1 1 3
node 2 3 1 1
node 3 2 1 1
node 4 1 0 2
node 6 1 0 0
node 7 1 0 0
node 19 1 0 0
gene 1 1 4 0.254051 0 1 0.254051 1
gene 1 2 4 5.86695 0 2 5.86695 1
gene 1 3 4 4.05047 0 3 4.05047 1
gene 1 3 6 3.60243 0 6 3.60243 1
gene 1 6 4 0.378063 0 7 0.378063 1
gene 1 2 7 -3.11472 0 8 -3.11472 1
gene 1 7 4 2.31498 0 9 2.31498 1
gene 2 3 7 -2.59771 0 38 -2.59771 1
gene 1 7 19 2.33335 0 45 2.33335 1
gene 1 19 4 -4.94949 0 46 -4.94949 1
gene 2 3 19 -0.654592 0 162 -0.654592 1
genomeend 103

/* Species #19 : (Size 6) (AF 5.82054) (Age 10)  */


/* Organism #104 Fitness: 9 Error: 1 */
genomestart 104
trait 1 0 0 0 0 0 0.451155 0 0 
trait 2 0.2 0 0 0 0 0 0 0 
trait 3 0.797085 0 0 0.624287 0 0 0.222724 0.622272 
node 1 3 1 3
node 2 2 1 1
node 3 3 1 1
node 4 1 0 2
node 8 3 0 0
gene 2 1 4 -5.26894 0 1 -5.26894 1
gene 1 2 4 4.52322 0 2 4.52322 1
gene 1 3 4 6.72834 0 3 6.72834 1
gene 1 3 8 0.776467 0 10 0.776467 1
gene 1 8 4 4.27114 0 11 4.27114 1
gene 3 2 8 1.41783 0 252 1.41783 1
genomeend 104

/* Organism #105 Fitness: 1.00042 Error: 2.99979 */
genomestart 105
trait 1 0 0 0 0 0 0.451155 0 0 
trait 2 0.2 0 0 0 0 0 0 0 
trait 3 0.797085 0 0 0.624287 0 0 0.222724 0.622272 
node 1 3 1 3
node 2 2 1 1
node 3 3 1 1
node 4 1 0 2
node 8 3 0 0
gene 2 1 4 -6.17641 0 1 -6.17641 1
gene 1 2 4 3.83656 0 2 3.83656 1
gene 1 3 4 4.35202 0 3 4.35202 1
gene 1 3 8 -0.809046 0 10 -0.809046 1
gene 1 8 4 2.16353 0 11 2.16353 1
gene 3 2 8 -1.78533 0 252 -1.78533 1
genomeend 105

/* Organism #106 Fitness: 4.57801 Error: 1.86037 */
genomestart 106
trait 1 0 0 0 0 0 0.451155 0 0 
trait 2 0.2 0 0 0 0 0 0 0 
trait 3 0.797085 0 0 0.624287 0 0 0.222724 0.622272 
node 1 3 1 3
node 2 2 1 1
node 3 3 1 1
node 4 1 0 2
node 8 3 0 0
gene 2 1 4 -5.28901 0 1 -5.28901 1
gene 1 2 4 2.0851 0 2 2.0851 1
gene 1 3 4 -1.08066 0 3 -1.08066 1
gene 1 3 8 7.55703 0 10 7.55703 1
gene 1 8 4 4.65285 0 11 4.65285 1
gene 3 2 8 4.62172 0 252 4.62172 1
genomeend 106

/* Organism #107 Fitness: 5.5316 Error: 1.64806 */
genomestart 107
trait 1 0 0 0 0 0 0.451155 0 0 
trait 2 0.2 0 0 0 0 0 0 0 
trait 3 0.797085 0 0 0.624287 0 0 0.222724 0.622272 
node 1 3 1 3
node 2 2 1 1
node 3 3 1 1
node 4 1 0 2
node 8 3 0 0
gene 2 1 4 -2.24593 0 1 -2.24593 1
gene 1 2 4 4.1995 0 2 4.1995 1
gene 1 3 4 -1.16604 0 3 -1.16604 1
gene 1 3 8 8 0 10 8 1
gene 1 8 4 4.73724 0 11 4.73724 1
gene 3 2 8 1.27857 0 252 1.27857 1
genomeend 107

/* Organism #108 Fitness: 5.82006 Error: 1.58752 */
genomestart 108
trait 1 0 0 0 0 0 0.451155 0 0 
trait 2 0.2 0 0 0 0 0 0 0 
trait 3 0.797085 0 0 0.624287 0 0 0.222724 0.622272 
node 1 3 1 3
node 2 2 1 1
node 3 3 1 1
node 4 1 0 2
node 8 3 0 0
gene 2 1 4 -3.83946 0 1 -3.83946 1
gene 1 2 4 1.69202 0 2 1.69202 1
gene 1 3 4 1.46908 0 3 1.46908 1
gene 1 3 8 7.48485 0 10 7.48485 1
gene 1 8 4 7.82258 0 11 7.82258 1
gene 3 2 8 4.89891 0 252 4.89891 1
genomeend 108

/* Organism #109 Fitness: 8.99311 Error: 1.00115 */
genomestart 109
trait 1 0 0 0 0 0 0.451155 0 0 
trait 2 0.2 0 0 0 0 0 0 0 
trait 3 0.797085 0 0 0.624287 0 0 0.222724 0.622272 
node 1 3 1 3
node 2 2 1 1
node 3 3 1 1
node 4 1 0 2
node 8 3 0 0
gene 2 1 4 -6.09325 0 1 -6.09325 1
gene 1 2 4 6.61954 0 2 6.61954 1
gene 1 3 4 5.9125 0 3 5.9125 1
gene 1 3 8 0.288171 0 10 0.288171 1
gene 1 8 4 1.93281 0 11 1.93281 1
gene 3 2 8 2.46744 0 252 2.46744 1
genomeend 109

/* Species #20 : (Size 3) (AF 4) (Age 9)  */


/* Organism #110 Fitness: 4 Error: 2 */
genomestart 110
trait 1 0.1 0 0 0 0 0 0 0 
trait 2 1 0.0621433 0 0 0 0 0.748497 0 
trait 3 0.3 0 0 0 0 0 0 0 
node 1 2 1 3
node 2 3 1 1
node 3 3 1 1
node 4 3 0 2
node 9 1 0 0
node 17 1 0 0
node 33 1 0 0
node 57 1 0 0
node 59 1 0 0
gene 2 1 4 0.711364 0 1 0.711364 1
gene 1 2 4 -1.46764 0 2 -1.46764 0
gene 1 3 4 -1.08531 0 3 -1.08531 0
gene 1 2 9 8 0 12 8 0
gene 3 9 4 -8 0 13 -8 0
gene 1 2 17 -7.84524 0 41 -7.84524 0
gene 1 17 9 -2.00058 0 42 -2.00058 1
gene 3 3 9 1.3084 0 84 1.3084 1
gene 3 3 33 1.44932 0 99 1.44932 1
gene 1 33 4 -7.05916 0 100 -7.05916 1
gene 3 9 57 2.30201 0 168 2.30201 1
gene 3 57 4 -8 0 169 -8 1
gene 1 2 59 2.25126 0 178 2.25126 0
gene 3 59 17 1.28262 0 179 1.28262 1
gene 1 1 9 -3.15302 0 214 -3.15302 1
genomeend 110

/* Organism #111 Fitness: 4 Error: 2 */
genomestart 111
trait 1 0.1 0 0 0 0 0 0 0 
trait 2 1 0.0621433 0 0 0 0 0.748497 0 
trait 3 0.3 0 0 0 0 0 0 0 
node 1 2 1 3
node 2 3 1 1
node 3 3 1 1
node 4 3 0 2
node 9 1 0 0
node 17 1 0 0
node 33 1 0 0
node 57 3 0 0
node 59 1 0 0
gene 2 1 4 -2.13805 0 1 -2.13805 1
gene 1 2 4 0.778222 0 2 0.778222 0
gene 1 3 4 1.00543 0 3 1.00543 0
gene 1 2 9 8 0 12 8 0
gene 3 9 4 -1.15177 0 13 -1.15177 0
gene 1 2 17 -5.75732 0 41 -5.75732 0
gene 1 17 9 -0.885876 0 42 -0.885876 1
gene 3 3 9 -2.1608 0 84 -2.1608 1
gene 3 3 33 -0.585665 0 99 -0.585665 1
gene 1 33 4 -8 0 100 -8 1
gene 3 9 57 -5.86659 0 168 -5.86659 1
gene 3 57 4 -8 0 169 -8 1
gene 1 2 59 3.80267 0 178 3.80267 0
gene 1 59 17 0.292291 0 179 0.292291 1
gene 1 1 9 -4.13312 0 214 -4.13312 1
genomeend 111

/* Organism #112 Fitness: 4 Error: 2 */
genomestart 112
trait 1 0.1 0 0 0 0 0 0 0 
trait 2 1 0.0621433 0 0 0 0 0.748497 0 
trait 3 0.3 0 0 0 0 0 0 0 
node 1 2 1 3
node 2 3 1 1
node 3 3 1 1
node 4 3 0 2
node 9 1 0 0
node 17 1 0 0
node 33 1 0 0
node 57 1 0 0
node 59 1 0 0
gene 2 1 4 -1.16667 0 1 -1.16667 1
gene 1 2 4 -0.943175 0 2 -0.943175 0
gene 1 3 4 8 0 3 8 0
gene 1 2 9 8 0 12 8 0
gene 3 9 4 -5.73888 0 13 -5.73888 0
gene 1 2 17 -7.09815 0 41 -7.09815 0
gene 1 17 9 -0.989425 0 42 -0.989425 1
gene 3 3 9 1.66034 0 84 1.66034 1
gene 3 3 33 1.44565 0 99 1.44565 1
gene 1 33 4 -6.57735 0 100 -6.57735 1
gene 3 9 57 -2.93246 0 168 -2.93246 1
gene 3 57 4 -8 0 169 -8 1
gene 1 2 59 4.64681 0 178 4.64681 0
gene 1 59 17 4.01799 0 179 4.01799 1
gene 1 1 9 -1.1021 0 214 -1.1021 1
genomeend 112

/* Species #21 : (Size 5) (AF 6.74387) (Age 9)  */


/* Organism #113 Fitness: 7.97973 Error: 1.17516 */
genomestart 113
trait 1 0 0.902921 0 0.402509 0 0.883969 0 0.5862 
trait 2 0.2 0 0 0 0 0 0 0 
trait 3 0.797085 0 0 0.047853 0 0 0.222724 0.622272 
node 1 1 1 3
node 2 2 1 1
node 3 1 1 1
node 4 1 0 2
node 8 3 0 0
node 55 1 0 0
node 61 1 0 0
gene 2 1 4 0.481582 0 1 0.481582 1
gene 1 2 4 -3.55985 0 2 -3.55985 0
gene 1 3 4 5.28562 0 3 5.28562 1
gene 1 3 8 5.35657 0 10 5.35657 1
gene 1 8 4 -2.54532 0 11 -2.54532 1
gene 1 3 55 5.74328 0 160 5.74328 1
gene 1 55 8 2.23968 0 161 2.23968 1
gene 1 2 61 1.57418 0 185 1.57418 1
gene 1 61 4 -5.81442 0 186 -5.81442 1
genomeend 113

/* Organism #114 Fitness: 6.4836 Error: 1.45371 */
genomestart 114
trait 1 0 0.902921 0 0.402509 0 0.883969 0 0.5862 
trait 2 0.2 0 0 0 0 0 0 0 
trait 3 0.797085 0 0 0.047853 0 0 0.222724 0.622272 
node 1 1 1 3
node 2 2 1 1
node 3 1 1 1
node 4 1 0 2
node 8 3 0 0
node 55 1 0 0
node 61 1 0 0
gene 2 1 4 1.64822 0 1 1.64822 1
gene 1 2 4 -3.55985 0 2 -3.55985 0
gene 1 3 4 6.1026 0 3 6.1026 1
gene 1 3 8 5.03132 0 10 5.03132 1
gene 3 8 4 -0.953551 0 11 -0.953551 1
gene 1 3 55 6.35784 0 160 6.35784 1
gene 1 55 8 -0.530717 0 161 -0.530717 1
gene 1 2 61 2.75845 0 185 2.75845 1
gene 1 61 4 -6.83503 0 186 -6.83503 1
genomeend 114

/* Organism #115 Fitness: 7.62802 Error: 1.23811 */
genomestart 115
trait 1 0 0.902921 0 0.402509 0 0.883969 0 0.5862 
trait 2 0.2 0 0 0 0 0 0 0 
trait 3 0.797085 0 0 0.047853 0 0 0.222724 0.622272 
node 1 1 1 3
node 2 2 1 1
node 3 1 1 1
node 4 1 0 2
node 8 3 0 0
node 55 1 0 0
node 61 1 0 0
gene 2 1 4 0.0535504 0 1 0.0535504 1
gene 1 2 4 -3.55985 0 2 -3.55985 0
gene 1 3 4 4.25966 0 3 4.25966 1
gene 1 3 8 2.92134 0 10 2.92134 1
gene 1 8 4 -0.752739 0 11 -0.752739 1
gene 1 3 55 3.92758 0 160 3.92758 1
gene 1 55 8 1.97813 0 161 1.97813 1
gene 1 2 61 0.605365 0 185 0.605365 1
gene 1 61 4 -6.64856 0 186 -6.64856 1
gene 2 2 55 -0.687033 0 286 -0.687033 1
genomeend 115

/* Organism #116 Fitness: 7.62802 Error: 1.23811 */
genomestart 116
trait 1 0 0.902921 0 0.402509 0 0.883969 0 0.5862 
trait 2 0.2 0 0 0 0 0 0 0 
trait 3 0.797085 0 0 0.047853 0 0 0.222724 0.622272 
node 1 1 1 3
node 2 2 1 1
node 3 1 1 1
node 4 1 0 2
node 8 3 0 0
node 55 1 0 0
node 61 1 0 0
gene 2 1 4 0.0535504 0 1 0.0535504 1
gene 1 2 4 -3.55985 0 2 -3.55985 0
gene 1 3 4 4.25966 0 3 4.25966 1
gene 1 3 8 2.92134 0 10 2.92134 1
gene 1 8 4 -0.752739 0 11 -0.752739 1
gene 1 3 55 3.92758 0 160 3.92758 1
gene 1 55 8 1.97813 0 161 1.97813 1
gene 1 2 61 0.605365 0 185 0.605365 1
gene 1 61 4 -6.64856 0 186 -6.64856 1
genomeend 116

/* Organism #117 Fitness: 4 Error: 2 */
genomestart 117
trait 1 0 0.902921 0 0.402509 0 0.883969 0 0.5862 
trait 2 0.2 0 0 0 0 0 0 0 
trait 3 0.797085 0 0 0.047853 0 0 0.222724 0.622272 
node 1 1 1 3
node 2 2 1 1
node 3 1 1 1
node 4 1 0 2
node 8 3 0 0
node 55 1 0 0
node 61 1 0 0
gene 2 1 4 -0.985605 0 1 -0.985605 1
gene 1 2 4 -5.1948 0 2 -5.1948 0
gene 1 3 4 2.70764 0 3 2.70764 1
gene 1 3 8 3.67424 0 10 3.67424 1
gene 1 8 4 -1.35716 0 11 -1.35716 1
gene 1 3 55 4.59502 0 160 4.59502 1
gene 1 55 8 -0.447098 0 161 -0.447098 1
gene 1 2 61 0.577212 0 185 0.577212 1
gene 1 61 4 -8 0 186 -8 1
genomeend 117

/* Species #23 : (Size 5) (AF 8.33272) (Age 6)  */


/* Organism #118 Fitness: 8.98912 Error: 1.00181 */
genomestart 118
trait 1 0.1 0 0 0 0 0 0 0 
trait 2 0.2 0 0 0 0 0 0 0 
trait 3 0.3 0 0 0 0 0 0 0 
node 1 2 1 3
node 2 3 1 1
node 3 3 1 1
node 4 1 0 2
node 14 1 0 0
node 66 1 0 0
node 70 1 0 0
gene 3 1 4 -0.36058 0 1 -0.36058 1
gene 3 2 4 -4.43955 0 2 -4.43955 0
gene 2 3 4 3.3084 0 3 3.3084 0
gene 2 3 14 -5.89256 0 29 -5.89256 1
gene 2 14 4 5.81191 0 30 5.81191 1
gene 3 2 14 3.91754 0 51 3.91754 1
gene 2 1 14 -3.46558 0 76 -3.46558 1
gene 3 2 66 0.473479 0 198 0.473479 1
gene 3 66 4 -1.01049 0 199 -1.01049 1
gene 3 2 70 0.852306 0 208 0.852306 1
gene 3 70 14 0.788095 0 209 0.788095 1
genomeend 118

/* Organism #119 Fitness: 5.70295 Error: 1.61192 */
genomestart 119
trait 1 0.1 0 0 0 0 0 0 0 
trait 2 0.2 0 0 0 0 0 0 0 
trait 3 0.3 0 0 0 0 0 0 0 
node 1 2 1 3
node 2 3 1 1
node 3 3 1 1
node 4 1 0 2
node 14 1 0 0
node 66 1 0 0
node 70 1 0 0
gene 3 1 4 -0.921586 0 1 -0.921586 1
gene 3 2 4 -3.01777 0 2 -3.01777 0
gene 2 3 4 4.69783 0 3 4.69783 0
gene 2 3 14 -8 0 29 -8 1
gene 2 14 4 3.37699 0 30 3.37699 1
gene 3 2 14 0.615207 0 51 0.615207 1
gene 2 1 14 -1.31631 0 76 -1.31631 1
gene 3 2 66 -2.48384 0 198 -2.48384 1
gene 3 66 4 -2.62812 0 199 -2.62812 1
gene 3 2 70 1.25233 0 208 1.25233 1
gene 3 70 14 0.477035 0 209 0.477035 1
genomeend 119

/* Organism #120 Fitness: 8.99933 Error: 1.00011 */
genomestart 120
trait 1 0.1 0 0 0 0 0 0 0 
trait 2 0.2 0 0 0 0 0 0 0 
trait 3 0.3 0 0 0 0 0 0 0 
node 1 2 1 3
node 2 3 1 1
node 3 3 1 1
node 4 1 0 2
node 14 1 0 0
node 66 1 0 0
node 70 1 0 0
gene 3 1 4 -1.8437 0 1 -1.8437 1
gene 3 2 4 -3.42702 0 2 -3.42702 0
gene 2 3 4 5.17438 0 3 5.17438 0
gene 2 3 14 -7.383 0 29 -7.383 1
gene 2 14 4 4.56988 0 30 4.56988 1
gene 3 2 14 2.85107 0 51 2.85107 1
gene 2 1 14 -1.09772 0 76 -1.09772 1
gene 3 2 66 -1.17101 0 198 -1.17101 1
gene 3 66 4 -2.22947 0 199 -2.22947 1
gene 3 2 70 -0.44557 0 208 -0.44557 1
gene 3 70 14 0.788095 0 209 0.788095 1
gene 1 66 70 -0.736412 0 287 -0.736412 1
genomeend 120

/* Organism #121 Fitness: 8.99999 Error: 1 */
genomestart 121
trait 1 0.1 0 0 0 0 0 0 0 
trait 2 0.2 0 0 0 0 0 0 0 
trait 3 0.3 0 0 0 0 0 0 0 
node 1 2 1 3
node 2 3 1 1
node 3 3 1 1
node 4 1 0 2
node 14 1 0 0
node 66 1 0 0
node 70 1 0 0
gene 3 1 4 -2.38266 0 1 -2.38266 1
gene 3 2 4 -4.79379 0 2 -4.79379 0
gene 2 3 4 3.45405 0 3 3.45405 0
gene 2 3 14 -6.29967 0 29 -6.29967 1
gene 2 14 4 6.9327 0 30 6.9327 1
gene 3 2 14 4.62198 0 51 4.62198 1
gene 2 1 14 -1.60639 0 76 -1.60639 1
gene 3 2 66 1.22126 0 198 1.22126 1
gene 3 66 4 -1.91803 0 199 -1.91803 1
gene 3 2 70 -0.44557 0 208 -0.44557 1
gene 3 70 14 -0.681326 0 209 -0.681326 1
genomeend 121

/* Organism #122 Fitness: 8.97224 Error: 1.00463 */
genomestart 122
trait 1 0.1 0 0 0 0 0 0 0 
trait 2 0.2 0 0 0 0 0 0 0 
trait 3 0.3 0 0 0 0 0 0 0 
node 1 2 1 3
node 2 3 1 1
node 3 3 1 1
node 4 1 0 2
node 14 1 0 0
node 66 1 0 0
node 70 1 0 0
gene 3 1 4 -2.45911 0 1 -2.45911 1
gene 3 2 4 -3.60662 0 2 -3.60662 0
gene 2 3 4 4.01406 0 3 4.01406 0
gene 2 3 14 -5.88828 0 29 -5.88828 1
gene 2 14 4 4.26798 0 30 4.26798 1
gene 3 2 14 3.47571 0 51 3.47571 1
gene 2 1 14 -0.815808 0 76 -0.815808 1
gene 3 2 66 0.988479 0 198 0.988479 1
gene 3 66 4 -0.712016 0 199 -0.712016 1
gene 3 2 70 0.913343 0 208 0.913343 1
gene 3 70 14 -1.47836 0 209 -1.47836 1
genomeend 122

/* Species #24 : (Size 5) (AF 3.91955) (Age 5)  */


/* Organism #123 Fitness: 3.69381 Error: 2.07807 */
genomestart 123
trait 1 0.1 0 0 0 0 0 0 0 
trait 2 0.2 0 0 0 0 0 0 0 
trait 3 0.3 0 0 0 0 0 0 0 
node 1 1 1 3
node 2 3 1 1
node 3 1 1 1
node 4 1 0 2
node 6 1 0 0
node 7 2 0 0
node 19 1 0 0
node 49 1 0 0
node 52 1 0 0
node 68 1 0 0
gene 1 1 4 5.86801 0 1 5.86801 1
gene 1 2 4 0.815607 0 2 0.815607 1
gene 1 3 4 -6.99553 0 3 -6.99553 0
gene 1 3 6 -1.75604 0 6 -1.75604 1
gene 1 6 4 3.78645 0 7 3.78645 0
gene 1 2 7 -1.56713 0 8 -1.56713 0
gene 1 7 4 -2.08014 0 9 -2.08014 1
gene 2 3 7 -2.26422 0 38 -2.26422 1
gene 1 7 19 7.24195 0 45 7.24195 1
gene 1 19 4 -1.6126 0 46 -1.6126 1
gene 1 2 49 -2.35855 0 140 -2.35855 1
gene 1 49 7 -1.40452 0 141 -1.40452 1
gene 1 6 52 -2.43164 0 149 -2.43164 1
gene 1 52 4 -2.78253 0 150 -2.78253 0
gene 1 52 68 3.56279 0 204 3.56279 1
gene 1 68 4 -6.90031 0 205 -6.90031 1
genomeend 123

/* Organism #124 Fitness: 4.00001 Error: 2 */
genomestart 124
trait 1 0.1 0 0 0 0 0 0 0 
trait 2 0.2 0 0 0 0 0 0 0 
trait 3 0.3 0 0 0 0 0 0 0 
node 1 1 1 3
node 2 3 1 1
node 3 1 1 1
node 4 1 0 2
node 6 1 0 0
node 7 1 0 0
node 19 1 0 0
node 49 1 0 0
node 52 1 0 0
node 68 1 0 0
gene 1 1 4 4.64841 0 1 4.64841 1
gene 1 2 4 2.47211 0 2 2.47211 1
gene 1 3 4 -4.23914 0 3 -4.23914 0
gene 1 3 6 0.569308 0 6 0.569308 1
gene 1 6 4 5.48968 0 7 5.48968 1
gene 1 2 7 3.96072 0 8 3.96072 0
gene 1 7 4 -1.64525 0 9 -1.64525 1
gene 2 3 7 -4.04139 0 38 -4.04139 1
gene 1 7 19 7.86281 0 45 7.86281 1
gene 1 19 4 -5.59511 0 46 -5.59511 1
gene 1 2 49 -2.34554 0 140 -2.34554 1
gene 1 49 7 -1.35054 0 141 -1.35054 1
gene 1 6 52 4.48138 0 149 4.48138 1
gene 1 52 4 -2.14507 0 150 -2.14507 0
gene 1 52 68 -0.65231 0 204 -0.65231 1
gene 1 68 4 -4.6337 0 205 -4.6337 1
genomeend 124

/* Organism #125 Fitness: 3.99976 Error: 2.00006 */
genomestart 125
trait 1 0.1 0 0 0 0 0 0 0 
trait 2 0.2 0 0 0 0 0 0 0 
trait 3 0.3 0 0 0 0 0 0 0 
node 1 1 1 3
node 2 3 1 1
node 3 1 1 1
node 4 1 0 2
node 6 1 0 0
node 7 1 0 0
node 19 1 0 0
node 49 1 0 0
node 52 1 0 0
node 68 1 0 0
gene 1 1 4 5.56847 0 1 5.56847 1
gene 1 2 4 7.76917 0 2 7.76917 1
gene 1 3 4 -6.94761 0 3 -6.94761 0
gene 1 3 6 3.54803 0 6 3.54803 1
gene 1 6 4 4.60312 0 7 4.60312 0
gene 1 2 7 1.25143 0 8 1.25143 0
gene 1 7 4 1.98401 0 9 1.98401 1
gene 2 3 7 -0.37833 0 38 -0.37833 1
gene 1 7 19 4.61454 0 45 4.61454 1
gene 1 19 4 -4.12008 0 46 -4.12008 1
gene 1 2 49 -1.1008 0 140 -1.1008 1
gene 1 49 7 0.342746 0 141 0.342746 1
gene 1 6 52 5.60884 0 149 5.60884 1
gene 1 52 4 -1.53775 0 150 -1.53775 0
gene 1 52 68 -0.909543 0 204 -0.909543 1
gene 1 68 4 -1.28979 0 205 -1.28979 1
genomeend 125

/* Organism #126 Fitness: 3.99999 Error: 2 */
genomestart 126
trait 1 0.1 0 0 0 0 0 0 0 
trait 2 0.2 0 0 0 0 0 0 0 
trait 3 0.3 0 0 0 0 0 0 0 
node 1 1 1 3
node 2 3 1 1
node 3 1 1 1
node 4 1 0 2
node 6 1 0 0
node 7 1 0 0
node 19 1 0 0
node 49 1 0 0
node 52 1 0 0
node 68 1 0 0
gene 1 1 4 5.56488 0 1 5.56488 1
gene 1 2 4 4.84321 0 2 4.84321 1
gene 1 3 4 -5.88183 0 3 -5.88183 0
gene 1 3 6 -0.473014 0 6 -0.473014 1
gene 1 6 4 4.73145 0 7 4.73145 0
gene 1 2 7 2.45295 0 8 2.45295 0
gene 1 7 4 -0.721763 0 9 -0.721763 1
gene 2 3 7 -0.501091 0 38 -0.501091 1
gene 1 7 19 6.94867 0 45 6.94867 1
gene 1 19 4 -8 0 46 -8 1
gene 1 2 49 0.231101 0 140 0.231101 1
gene 1 49 7 -1.81941 0 141 -1.81941 1
gene 1 6 52 4.7837 0 149 4.7837 1
gene 1 52 4 -1.53775 0 150 -1.53775 0
gene 1 52 68 3.23075 0 204 3.23075 1
gene 1 68 4 -4.09925 0 205 -4.09925 1
genomeend 126

/* Organism #127 Fitness: 3.90417 Error: 2.0241 */
genomestart 127
trait 1 0.1 0 0 0 0 0 0 0 
trait 2 0.2 0 0 0 0 0 0 0 
trait 3 0.3 0 0 0 0 0 0 0 
node 1 1 1 3
node 2 3 1 1
node 3 1 1 1
node 4 1 0 2
node 6 1 0 0
node 7 2 0 0
node 19 1 0 0
node 49 1 0 0
node 52 1 0 0
node 68 1 0 0
gene 1 1 4 6.56749 0 1 6.56749 1
gene 1 2 4 3.41075 0 2 3.41075 1
gene 1 3 4 -6.01146 0 3 -6.01146 0
gene 1 3 6 1.79497 0 6 1.79497 1
gene 1 6 4 3.1242 0 7 3.1242 0
gene 1 2 7 2.22131 0 8 2.22131 0
gene 1 7 4 0.760826 0 9 0.760826 1
gene 2 3 7 -4.54128 0 38 -4.54128 1
gene 1 7 19 5.92553 0 45 5.92553 1
gene 1 19 4 -3.91041 0 46 -3.91041 1
gene 1 2 49 -1.38363 0 140 -1.38363 1
gene 1 49 7 -0.366352 0 141 -0.366352 1
gene 1 6 52 3.73798 0 149 3.73798 1
gene 1 52 4 -1.53775 0 150 -1.53775 0
gene 1 52 68 2.28048 0 204 2.28048 1
gene 1 68 4 -5.72901 0 205 -5.72901 1
genomeend 127

/* Species #25 : (Size 6) (AF 7.33302) (Age 5)  */


/* Organism #128 Fitness: 9 Error: 1 */
genomestart 128
trait 1 0.1 0 0 0 0 0 0 0 
trait 2 0.2 0 0.255103 0.225908 0 0 0 0.110426 
trait 3 0.626212 0 0 0.0314035 0 0 0.146163 0.408366 
node 1 1 1 3
node 2 1 1 1
node 3 3 1 1
node 4 1 0 2
node 8 3 0 0
node 55 1 0 0
node 73 1 0 0
gene 2 1 4 -4.44625 0 1 -4.44625 1
gene 1 2 4 -8 0 2 -8 1
gene 3 3 4 8 0 3 8 1
gene 1 3 8 1.53897 0 10 1.53897 0
gene 1 8 4 2.46765 0 11 2.46765 0
gene 3 1 8 -0.654469 0 135 -0.654469 1
gene 1 3 55 -0.246742 0 160 -0.246742 1
gene 1 55 8 1.97207 0 161 1.97207 1
gene 1 8 73 -1.39119 0 218 -1.39119 1
gene 1 73 4 3.7373 0 219 3.7373 1
gene 3 2 8 2.06119 0 233 2.06119 1
genomeend 128

/* Organism #129 Fitness: 8.99486 Error: 1.00086 */
genomestart 129
trait 1 0.1 0 0 0 0 0 0 0 
trait 2 0.2 0 0.255103 0.225908 0 0 0 0.110426 
trait 3 0.626212 0 0 0.0314035 0 0 0.146163 0.408366 
node 1 1 1 3
node 2 1 1 1
node 3 3 1 1
node 4 1 0 2
node 8 3 0 0
node 55 1 0 0
node 73 1 0 0
gene 2 1 4 -6.65282 0 1 -6.65282 1
gene 1 2 4 -5.75353 0 2 -5.75353 1
gene 3 3 4 8 0 3 8 1
gene 1 3 8 3.9181 0 10 3.9181 1
gene 1 8 4 5.06355 0 11 5.06355 0
gene 3 1 8 -1.39683 0 135 -1.39683 1
gene 1 3 55 1.17403 0 160 1.17403 1
gene 1 55 8 2.27683 0 161 2.27683 1
gene 1 8 73 2.57399 0 218 2.57399 1
gene 1 73 4 0.0869015 0 219 0.0869015 1
gene 3 2 8 0.503372 0 233 0.503372 1
genomeend 129

/* Organism #130 Fitness: 4.007 Error: 1.99825 */
genomestart 130
trait 1 0.1 0 0 0 0 0 0 0 
trait 2 0.2 0 0.255103 0.225908 0 0 0 0.110426 
trait 3 0.219187 0 0 0 0.622578 0 0.146163 0.408366 
node 1 1 1 3
node 2 1 1 1
node 3 3 1 1
node 4 1 0 2
node 8 1 0 0
node 55 1 0 0
node 73 1 0 0
gene 2 1 4 -4.44625 0 1 -4.44625 1
gene 1 2 4 -1.63755 0 2 -1.63755 1
gene 3 3 4 7.36956 0 3 7.36956 1
gene 1 3 8 6.9788 0 10 6.9788 0
gene 1 8 4 2.17734 0 11 2.17734 0
gene 3 1 8 -0.0403607 0 135 -0.0403607 1
gene 1 3 55 -0.288553 0 160 -0.288553 1
gene 1 55 8 2.98757 0 161 2.98757 1
gene 1 8 73 -1.54767 0 218 -1.54767 1
gene 1 73 4 6.20647 0 219 6.20647 1
gene 3 2 8 2.87008 0 233 2.87008 1
genomeend 130

/* Organism #131 Fitness: 4 Error: 2 */
genomestart 131
trait 1 0.473943 0 0.096469 0 0.252785 0 0 0 
trait 2 0.2 0 0.255103 0.225908 0 0 0 0.110426 
trait 3 0.626212 0 0 0.0314035 0 0 0.146163 0.408366 
node 1 1 1 3
node 2 1 1 1
node 3 3 1 1
node 4 1 0 2
node 8 3 0 0
node 55 1 0 0
node 73 1 0 0
gene 2 1 4 -7.76712 0 1 -7.76712 1
gene 1 2 4 0.185553 0 2 0.185553 1
gene 3 3 4 0.449919 0 3 0.449919 1
gene 1 3 8 4.68663 0 10 4.68663 1
gene 1 8 4 5.10567 0 11 5.10567 0
gene 3 1 8 -2.78687 0 135 -2.78687 1
gene 1 3 55 2.67188 0 160 2.67188 1
gene 1 55 8 -1.65387 0 161 -1.65387 1
gene 1 8 73 -0.152379 0 218 -0.152379 1
gene 1 73 4 3.16225 0 219 3.16225 1
gene 3 2 8 0.893628 0 233 0.893628 1
genomeend 131

/* Organism #132 Fitness: 8.99998 Error: 1 */
genomestart 132
trait 1 0.1 0 0 0 0 0 0 0 
trait 2 0.2 0 0.255103 0.225908 0 0 0 0.110426 
trait 3 0.626212 0 0 0.0314035 0 0 0.146163 0.408366 
node 1 1 1 3
node 2 1 1 1
node 3 3 1 1
node 4 1 0 2
node 8 3 0 0
node 55 1 0 0
node 73 1 0 0
gene 2 1 4 -4.88137 0 1 -4.88137 1
gene 1 2 4 -8 0 2 -8 1
gene 3 3 4 6.91926 0 3 6.91926 1
gene 1 3 8 1.76618 0 10 1.76618 0
gene 1 8 4 3.82206 0 11 3.82206 0
gene 3 1 8 -1.79823 0 135 -1.79823 1
gene 1 3 55 -0.421461 0 160 -0.421461 1
gene 1 55 8 1.81413 0 161 1.81413 1
gene 1 8 73 -2.44667 0 218 -2.44667 1
gene 1 73 4 5.03243 0 219 5.03243 1
gene 3 2 8 -1.7201 0 233 -1.7201 1
genomeend 132

/* Organism #133 Fitness: 8.9963 Error: 1.00062 */
genomestart 133
trait 1 0.1 0 0 0 0 0 0 0 
trait 2 0.2 0 0.255103 0.225908 0 0 0 0.110426 
trait 3 0.626212 0 0 0.0314035 0 0 0.146163 0.408366 
node 1 1 1 3
node 2 1 1 1
node 3 3 1 1
node 4 1 0 2
node 8 3 0 0
node 55 1 0 0
node 73 1 0 0
gene 2 1 4 -6.07548 0 1 -6.07548 1
gene 1 2 4 -5.8811 0 2 -5.8811 1
gene 3 3 4 6.94108 0 3 6.94108 1
gene 1 3 8 0.16831 0 10 0.16831 1
gene 1 8 4 3.10785 0 11 3.10785 0
gene 3 1 8 0.270165 0 135 0.270165 1
gene 1 3 55 0.0463729 0 160 0.0463729 1
gene 1 55 8 -2.69387 0 161 -2.69387 1
gene 1 8 73 2.64975 0 218 2.64975 1
gene 1 73 4 3.51421 0 219 3.51421 1
gene 3 2 8 5.03621 0 233 5.03621 1
genomeend 133

/* Species #26 : (Size 4) (AF 6.67285) (Age 4)  */


/* Organism #134 Fitness: 2.37024 Error: 2.46044 */
genomestart 134
trait 1 0.1 0 0 0 0 0 0 0 
trait 2 0.296873 0 0 0 0 0 0 0 
trait 3 0.829893 0 0 0 0.760338 0 0 0.563341 
node 1 2 1 3
node 2 3 1 1
node 3 3 1 1
node 4 3 0 2
node 9 1 0 0
node 16 1 0 0
node 28 1 0 0
node 39 1 0 0
node 80 1 0 0
node 93 1 0 0
gene 2 1 4 0.83697 0 1 0.83697 1
gene 1 2 4 -1.75679 0 2 -1.75679 1
gene 1 3 4 2.81868 0 3 2.81868 1
gene 1 2 9 0.64684 0 12 0.64684 1
gene 1 9 4 0.951796 0 13 0.951796 1
gene 3 3 9 1.67089 0 33 1.67089 1
gene 3 3 16 1.34579 0 39 1.34579 1
gene 3 16 9 -1.70736 0 40 -1.70736 0
gene 3 1 9 1.54005 0 65 1.54005 1
gene 1 9 28 -2.0386 0 79 -2.0386 1
gene 1 28 4 2.29484 0 80 2.29484 1
gene 1 2 28 -0.160314 0 86 -0.160314 0
gene 1 3 39 1.7851 0 115 1.7851 1
gene 3 39 16 2.74917 0 116 2.74917 1
gene 1 39 9 1.43461 0 163 1.43461 1
gene 2 1 16 2.27567 0 232 2.27567 1
gene 3 16 80 1 0 241 1 0
gene 3 80 9 -0.38816 0 242 -0.38816 1
gene 3 16 93 -1.14827 0 277 -1.14827 1
gene 3 93 80 0.968566 0 278 0.968566 1
genomeend 134

/* Organism #135 Fitness: 8.96079 Error: 1.00654 */
genomestart 135
trait 1 0.1 0 0 0 0 0 0 0 
trait 2 0.296873 0 0 0 0 0 0 0 
trait 3 0.3 0 0 0 0 0 0 0 
node 1 2 1 3
node 2 3 1 1
node 3 3 1 1
node 4 3 0 2
node 9 1 0 0
node 16 1 0 0
node 28 1 0 0
node 39 1 0 0
node 80 1 0 0
node 93 1 0 0
gene 2 1 4 -3.11926 0 1 -3.11926 1
gene 1 2 4 -2.56156 0 2 -2.56156 1
gene 1 3 4 3.98312 0 3 3.98312 1
gene 1 2 9 -0.438163 0 12 -0.438163 1
gene 1 9 4 -3.34924 0 13 -3.34924 1
gene 3 3 9 -0.43039 0 33 -0.43039 1
gene 3 3 16 2.60896 0 39 2.60896 1
gene 3 16 9 0.0912861 0 40 0.0912861 0
gene 3 1 9 1.20175 0 65 1.20175 1
gene 1 9 28 0.886676 0 79 0.886676 1
gene 1 28 4 0.362673 0 80 0.362673 1
gene 1 2 28 -2.23473 0 86 -2.23473 0
gene 1 3 39 -1.45575 0 115 -1.45575 1
gene 3 39 16 2.78709 0 116 2.78709 1
gene 1 39 9 0.51059 0 163 0.51059 1
gene 2 1 16 2.75771 0 232 2.75771 1
gene 3 16 80 -0.234703 0 241 -0.234703 0
gene 3 80 9 -2.02624 0 242 -2.02624 1
gene 3 16 93 3.2013 0 277 3.2013 1
gene 3 93 80 1 0 278 1 1
genomeend 135

/* Organism #136 Fitness: 7.4144 Error: 1.27706 */
genomestart 136
trait 1 0.1 0 0 0 0 0 0 0 
trait 2 0.296873 0 0 0 0 0 0 0 
trait 3 0.3 0 0 0 0 0 0 0 
node 1 2 1 3
node 2 3 1 1
node 3 3 1 1
node 4 3 0 2
node 9 1 0 0
node 16 1 0 0
node 28 1 0 0
node 39 1 0 0
node 80 1 0 0
node 93 1 0 0
gene 2 1 4 -1.78476 0 1 -1.78476 1
gene 1 2 4 -3.91177 0 2 -3.91177 1
gene 1 3 4 4.08451 0 3 4.08451 1
gene 1 2 9 2.0069 0 12 2.0069 1
gene 1 9 4 -2.07662 0 13 -2.07662 1
gene 3 3 9 -0.519504 0 33 -0.519504 1
gene 3 3 16 1.21892 0 39 1.21892 1
gene 3 16 9 0.340012 0 40 0.340012 0
gene 3 1 9 0.767323 0 65 0.767323 1
gene 1 9 28 2.14389 0 79 2.14389 1
gene 1 28 4 -0.0289556 0 80 -0.0289556 1
gene 1 2 28 1.79348 0 86 1.79348 0
gene 1 3 39 -2.75973 0 115 -2.75973 1
gene 3 39 16 2.45543 0 116 2.45543 1
gene 1 39 9 1.24006 0 163 1.24006 1
gene 2 1 16 -0.967071 0 232 -0.967071 1
gene 3 16 80 -1.3075 0 241 -1.3075 0
gene 3 80 9 1.40927 0 242 1.40927 1
gene 3 16 93 1 0 277 1 1
gene 3 93 80 2.27325 0 278 2.27325 1
genomeend 136

/* Organism #137 Fitness: 7.94597 Error: 1.18114 */
genomestart 137
trait 1 0.1 0 0 0 0 0 0 0 
trait 2 0.296873 0 0 0 0 0 0 0 
trait 3 0.3 0 0 0 0 0 0 0 
node 1 2 1 3
node 2 3 1 1
node 3 3 1 1
node 4 3 0 2
node 9 1 0 0
node 16 1 0 0
node 28 1 0 0
node 39 1 0 0
node 80 1 0 0
node 93 1 0 0
node 97 1 0 0
gene 2 1 4 -1.16104 0 1 -1.16104 1
gene 1 2 4 -2.92084 0 2 -2.92084 1
gene 1 3 4 3.37839 0 3 3.37839 0
gene 1 2 9 0.98522 0 12 0.98522 1
gene 1 9 4 -2.47954 0 13 -2.47954 1
gene 3 3 9 -0.141837 0 33 -0.141837 1
gene 3 3 16 1.84851 0 39 1.84851 1
gene 3 16 9 0.052375 0 40 0.052375 0
gene 3 1 9 -0.34706 0 65 -0.34706 1
gene 1 9 28 0.0959416 0 79 0.0959416 1
gene 1 28 4 -0.827244 0 80 -0.827244 1
gene 1 2 28 -0.160314 0 86 -0.160314 0
gene 1 3 39 -0.461531 0 115 -0.461531 1
gene 3 39 16 2.74917 0 116 0 1
gene 1 39 9 0.807917 0 163 0.807917 1
gene 2 1 16 0.939268 0 232 0.939268 1
gene 3 16 80 1 0 241 0 0
gene 3 80 9 -0.39144 0 242 0 1
gene 3 16 93 1 0 277 0 1
gene 3 93 80 1 0 278 0 1
gene 1 3 97 1 0 288 0 1
gene 1 97 4 3.37839 0 289 0 1
genomeend 137

/* Species #27 : (Size 5) (AF 3.81052) (Age 3)  */


/* Organism #138 Fitness: 2.8428 Error: 2.31394 */
genomestart 138
trait 1 0.1 0 0 0.00358592 0.115696 0 0 0 
trait 2 0.2 0 0 0 0 0 0 0 
trait 3 0.3 0 0 0 0 0 0 0 
node 1 2 1 3
node 2 3 1 1
node 3 3 1 1
node 4 2 0 2
node 18 2 0 0
node 87 1 0 0
gene 2 1 4 -6.09439 0 1 -6.09439 1
gene 1 2 4 4.94211 0 2 4.94211 0
gene 3 3 4 3.58985 0 3 3.58985 0
gene 3 3 18 -2.85413 0 43 -2.85413 1
gene 3 18 4 7.94934 0 44 7.94934 1
gene 1 2 87 1.3872 0 260 1.3872 1
gene 1 87 4 5.95548 0 261 5.95548 1
genomeend 138

/* Organism #139 Fitness: 4.00002 Error: 1.99999 */
genomestart 139
trait 1 0.1 0 0 0.00358592 0.115696 0 0 0 
trait 2 0.2 0 0 0 0 0 0 0 
trait 3 0.3 0 0 0 0 0 0 0 
node 1 2 1 3
node 2 3 1 1
node 3 3 1 1
node 4 2 0 2
node 18 2 0 0
node 87 1 0 0
gene 1 1 4 -6.36845 0 1 -6.36845 1
gene 1 2 4 1.36242 0 2 1.36242 0
gene 3 3 4 5.63909 0 3 5.63909 0
gene 3 3 18 -2.91311 0 43 -2.91311 1
gene 3 18 4 8 0 44 8 1
gene 1 2 87 -0.642415 0 260 -0.642415 1
gene 1 87 4 -1.54408 0 261 -1.54408 1
genomeend 139

/* Organism #140 Fitness: 4.02773 Error: 1.99308 */
genomestart 140
trait 1 0.986593 0 0 0.934156 0 0 0 0 
trait 2 0.2 0 0 0 0 0 0 0 
trait 3 0.3 0 0 0 0 0 0 0 
node 1 2 1 3
node 2 3 1 1
node 3 3 1 1
node 4 2 0 2
node 18 2 0 0
node 87 1 0 0
gene 2 1 4 -6.6924 0 1 -6.6924 1
gene 1 2 4 2.193 0 2 2.193 0
gene 3 3 4 4.72041 0 3 4.72041 0
gene 3 3 18 0.290574 0 43 0.290574 1
gene 3 18 4 6.87082 0 44 6.87082 1
gene 1 2 87 0.170812 0 260 0.170812 1
gene 1 87 4 3.71206 0 261 3.71206 1
genomeend 140

/* Organism #141 Fitness: 4.18202 Error: 1.955 */
genomestart 141
trait 1 0.1 0 0 0.00358592 0.115696 0 0 0 
trait 2 0.2 0 0 0 0 0 0 0 
trait 3 0.3 0 0 0 0 0 0 0 
node 1 2 1 3
node 2 3 1 1
node 3 3 1 1
node 4 2 0 2
node 18 1 0 0
node 87 1 0 0
gene 2 1 4 -5.30221 0 1 -5.30221 1
gene 1 2 4 -2.54135 0 2 -2.54135 0
gene 3 3 4 1.81734 0 3 1.81734 0
gene 3 3 18 0.692579 0 43 0.692579 1
gene 3 18 4 8 0 44 8 1
gene 1 2 87 1.44801 0 260 1.44801 1
gene 1 87 4 3.8452 0 261 3.8452 1
genomeend 141

/* Organism #142 Fitness: 4.00004 Error: 1.99999 */
genomestart 142
trait 1 0.1 0 0 0.00358592 0.115696 0 0 0 
trait 2 0.2 0 0 0 0 0 0 0 
trait 3 0.3 0 0 0 0 0 0 0 
node 1 2 1 3
node 2 3 1 1
node 3 3 1 1
node 4 2 0 2
node 18 2 0 0
node 87 1 0 0
gene 2 1 4 2.18818 0 1 2.18818 1
gene 1 2 4 2.23504 0 2 2.23504 0
gene 3 3 4 2.99398 0 3 2.99398 0
gene 3 3 18 -2.78188 0 43 -2.78188 1
gene 3 18 4 7.52002 0 44 7.52002 1
gene 1 2 87 -0.692694 0 260 -0.692694 1
gene 1 87 4 5.31604 0 261 5.31604 1
genomeend 142

/* Species #28 : (Size 6) (AF 6.27612) (Age 3)  */


/* Organism #143 Fitness: 8.91552 Error: 1.01411 */
genomestart 143
trait 1 0.1 0 0 0 0 0 0 0 
trait 2 0.393747 0 0 0 0 0 0 0 
trait 3 0.3 0 0 0 0 0 0 0 
node 1 2 1 3
node 2 3 1 1
node 3 3 1 1
node 4 3 0 2
node 9 1 0 0
node 17 1 0 0
node 36 1 0 0
node 82 1 0 0
node 88 1 0 0
gene 2 1 4 0.232788 0 1 0.232788 1
gene 1 2 4 1.37297 0 2 1.37297 1
gene 1 3 4 2.03874 0 3 2.03874 1
gene 1 2 9 -4.14748 0 12 -4.14748 1
gene 1 9 4 0.650597 0 13 0.650597 1
gene 1 2 17 -1.12405 0 41 -1.12405 1
gene 3 17 9 4.21368 0 42 4.21368 1
gene 3 3 9 0.551996 0 84 0.551996 0
gene 3 3 36 1.71085 0 106 1.71085 1
gene 3 36 9 -2.67182 0 107 -2.67182 0
gene 2 2 36 -0.983619 0 121 -0.983619 1
gene 3 17 4 -2.62795 0 153 -2.62795 1
gene 2 17 36 -0.708457 0 177 -0.708457 1
gene 3 3 82 -0.404614 0 245 -0.404614 1
gene 3 82 9 -1.54684 0 246 -1.54684 1
gene 3 36 88 2.66578 0 264 2.66578 1
gene 3 88 9 -4.01479 0 265 -4.01479 1
genomeend 143

/* Organism #144 Fitness: 8.2319 Error: 1.13087 */
genomestart 144
trait 1 0.1 0 0 0 0 0 0 0 
trait 2 0.393747 0 0 0 0 0 0 0 
trait 3 0.3 0 0 0 0 0 0 0 
node 1 2 1 3
node 2 3 1 1
node 3 3 1 1
node 4 3 0 2
node 9 1 0 0
node 17 1 0 0
node 36 1 0 0
node 82 1 0 0
node 88 1 0 0
gene 2 1 4 0.232788 0 1 0.232788 1
gene 1 2 4 0.169397 0 2 0.169397 1
gene 1 3 4 2.03874 0 3 2.03874 1
gene 1 2 9 -4.14748 0 12 -4.14748 1
gene 1 9 4 0.650597 0 13 0.650597 1
gene 1 2 17 -2.59954 0 41 -2.59954 1
gene 1 17 9 2.8247 0 42 2.8247 1
gene 3 3 9 -1.54684 0 84 -1.54684 0
gene 3 3 36 1.71085 0 106 1.71085 0
gene 3 36 9 -2.67182 0 107 -2.67182 0
gene 2 2 36 -0.709181 0 121 -0.709181 1
gene 3 17 4 -2.62795 0 153 -2.62795 1
gene 2 17 36 -1.29632 0 177 -1.29632 1
gene 3 3 82 -0.404614 0 245 -0.404614 1
gene 3 82 9 -1.54684 0 246 0 1
gene 3 36 88 1 0 264 0 1
gene 3 88 9 -1.6966 0 265 0 1
genomeend 144

/* Organism #145 Fitness: 4.73252 Error: 1.82457 */
genomestart 145
trait 1 0 0.359233 0 0 0.68218 0.467879 0 0 
trait 2 0.393747 0 0 0 0 0 0 0 
trait 3 0.3 0 0 0 0 0 0 0 
node 1 2 1 3
node 2 3 1 1
node 3 3 1 1
node 4 3 0 2
node 9 1 0 0
node 17 1 0 0
node 36 1 0 0
node 82 1 0 0
node 88 1 0 0
gene 2 1 4 1.6718 0 1 1.6718 1
gene 1 2 4 0.677969 0 2 0.677969 1
gene 1 3 4 3.89167 0 3 3.89167 1
gene 1 2 9 0.753044 0 12 0.753044 1
gene 1 9 4 0.650597 0 13 0.650597 1
gene 1 2 17 -2.59954 0 41 -2.59954 1
gene 3 17 9 -0.92906 0 42 -0.92906 1
gene 3 3 9 -1.05816 0 84 -1.05816 0
gene 3 3 36 -0.290628 0 106 -0.290628 0
gene 3 36 9 -1.08631 0 107 -1.08631 0
gene 2 2 36 -0.709181 0 121 -0.709181 1
gene 3 17 4 -2.71508 0 153 -2.71508 1
gene 2 17 36 0.982803 0 177 0.982803 1
gene 3 3 82 2.86277 0 245 2.86277 1
gene 3 82 9 -3.04186 0 246 -3.04186 1
gene 3 36 88 0.399487 0 264 0.399487 1
gene 3 88 9 -3.78574 0 265 -3.78574 1
genomeend 145

/* Organism #146 Fitness: 3.82204 Error: 2.045 */
genomestart 146
trait 1 0.1 0 0 0 0 0 0 0 
trait 2 0.393747 0 0 0 0 0 0 0 
trait 3 0.3 0 0 0 0 0 0 0 
node 1 2 1 3
node 2 3 1 1
node 3 3 1 1
node 4 3 0 2
node 9 1 0 0
node 17 1 0 0
node 36 1 0 0
node 82 1 0 0
node 88 1 0 0
node 94 1 0 0
gene 2 1 4 -1.19693 0 1 -1.19693 1
gene 1 2 4 1.77841 0 2 1.77841 1
gene 1 3 4 0.377468 0 3 0.377468 1
gene 1 2 9 -3.81368 0 12 -3.81368 1
gene 1 9 4 1.02338 0 13 1.02338 1
gene 1 2 17 -2.35356 0 41 -2.35356 1
gene 1 17 9 -2.31956 0 42 -2.31956 1
gene 3 3 9 -1.43804 0 84 -1.43804 0
gene 3 3 36 1.05165 0 106 1.05165 0
gene 3 36 9 -0.131001 0 107 -0.131001 0
gene 2 2 36 1.44443 0 121 1.44443 1
gene 3 17 4 -1.88849 0 153 -1.88849 1
gene 2 17 36 -0.138829 0 177 -0.138829 1
gene 3 3 82 -1.14904 0 245 -1.14904 1
gene 3 82 9 -1.42866 0 246 -1.42866 1
gene 3 36 88 0.62981 0 264 0.62981 1
gene 3 88 9 1.0342 0 265 1.0342 1
gene 3 3 94 0.92027 0 279 0.92027 1
gene 3 94 36 -0.712012 0 280 -0.712012 1
genomeend 146

/* Organism #147 Fitness: 4.03856 Error: 1.99038 */
genomestart 147
trait 1 0.1 0 0 0 0 0 0 0 
trait 2 0.393747 0 0 0 0 0 0 0 
trait 3 0.3 0 0 0 0 0 0 0 
node 1 2 1 3
node 2 3 1 1
node 3 3 1 1
node 4 3 0 2
node 9 1 0 0
node 17 1 0 0
node 36 1 0 0
node 82 1 0 0
node 88 1 0 0
gene 2 1 4 2.65573 0 1 2.65573 1
gene 1 2 4 -1.00068 0 2 -1.00068 1
gene 1 3 4 4.3422 0 3 4.3422 1
gene 1 2 9 -5.98279 0 12 -5.98279 1
gene 1 9 4 0.434984 0 13 0.434984 1
gene 1 2 17 -3.02223 0 41 -3.02223 1
gene 3 17 9 4.29539 0 42 4.29539 1
gene 3 3 9 2.58285 0 84 2.58285 0
gene 3 3 36 0.455397 0 106 0.455397 1
gene 3 36 9 -2.29133 0 107 -2.29133 0
gene 2 2 36 -3.26488 0 121 -3.26488 1
gene 3 17 4 -3.44142 0 153 -3.44142 1
gene 2 17 36 0.508393 0 177 0.508393 1
gene 3 3 82 -1.9236 0 245 -1.9236 1
gene 3 82 9 -1.54684 0 246 -1.54684 1
gene 3 36 88 0.113224 0 264 0.113224 1
gene 3 88 9 -5.15999 0 265 -5.15999 1
genomeend 147

/* Organism #148 Fitness: 7.91618 Error: 1.18643 */
genomestart 148
trait 1 0.1 0 0 0 0 0 0 0 
trait 2 0.393747 0 0 0 0 0 0 0 
trait 3 0.3 0 0 0 0 0 0 0 
node 1 2 1 3
node 2 3 1 1
node 3 3 1 1
node 4 3 0 2
node 9 1 0 0
node 17 1 0 0
node 36 1 0 0
node 82 1 0 0
node 88 1 0 0
gene 2 1 4 0.141003 0 1 0.141003 1
gene 1 2 4 0.169397 0 2 0.169397 1
gene 1 3 4 2.19156 0 3 2.19156 1
gene 1 2 9 -3.74532 0 12 -3.74532 1
gene 1 9 4 -1.20081 0 13 -1.20081 1
gene 1 2 17 -1.54765 0 41 -1.54765 1
gene 1 17 9 3.85577 0 42 3.85577 1
gene 3 3 9 0.618381 0 84 0.618381 0
gene 3 3 36 -2.67267 0 106 -2.67267 0
gene 3 36 9 -2.21099 0 107 -2.21099 0
gene 2 2 36 -0.983619 0 121 -0.983619 1
gene 3 17 4 -2.62795 0 153 -2.62795 1
gene 2 17 36 -1.99908 0 177 -1.99908 1
gene 3 3 82 1.69842 0 245 1.69842 1
gene 3 82 9 -2.88202 0 246 -2.88202 1
gene 3 36 88 -1.68851 0 264 -1.68851 1
gene 3 88 9 0.266655 0 265 0.266655 1
genomeend 148

/* Species #29 : (Size 1) (AF 4) (Age 1)  */


/* Organism #149 Fitness: 4 Error: 2 */
genomestart 149
trait 1 0.1 0 0 0 0 0 0 0 
trait 2 0.296873 0 0 0 0 0 0 0 
trait 3 0.3 0 0 0 0 0 0 0 
node 1 2 1 3
node 2 3 1 1
node 3 3 1 1
node 4 3 0 2
node 9 1 0 0
node 16 1 0 0
node 28 1 0 0
node 39 1 0 0
node 80 1 0 0
node 89 1 0 0
gene 2 1 4 -3.33632 0 1 -3.33632 1
gene 1 2 4 -2.75795 0 2 -2.75795 1
gene 1 3 4 1.79524 0 3 1.79524 1
gene 1 2 9 3.85671 0 12 3.85671 1
gene 1 9 4 -2.48115 0 13 -2.48115 1
gene 3 3 9 -1.38379 0 33 -1.38379 1
gene 3 3 16 5.12796 0 39 5.12796 1
gene 3 16 9 3.72482 0 40 3.72482 0
gene 3 1 9 4.13344 0 65 4.13344 1
gene 1 9 28 -2.96392 0 79 -2.96392 1
gene 1 28 4 1.78423 0 80 1.78423 1
gene 1 2 28 2.57216 0 86 2.57216 1
gene 1 3 39 2.47526 0 115 2.47526 1
gene 3 39 16 0.367046 0 116 0.367046 1
gene 1 39 9 0.951811 0 163 0.951811 1
gene 2 1 16 -2.03705 0 232 -2.03705 1
gene 3 16 80 -2.32682 0 241 -2.32682 1
gene 3 80 9 0.614719 0 242 0.614719 1
gene 1 2 89 0.206153 0 267 0.206153 1
gene 1 89 28 -0.160314 0 268 -0.160314 1
genomeend 149
