
/* Species #1 : (Size 13) (AF 8.74893) (Age 24)  */


/* Organism #0 Fitness: 9 Error: 1 */
genomestart 0
trait 1 0.1 0 0 0.00264796 0.00463357 0 0.0198704 0 
trait 2 0.2 0 0.0236719 0 0 0 0 0 
trait 3 0.429199 0.0031843 0.00147204 0 0.000600714 0 0 0 
node 1 3 1 3
node 2 3 1 1
node 3 3 1 1
node 4 1 0 2
gene 3 1 4 -3.86481 0 1 -3.86481 1
gene 3 2 4 8 0 2 8 1
gene 2 3 4 7.90211 0 3 7.90211 1
genomeend 0

/* Organism #1 Fitness: 9 Error: 1 */
genomestart 1
trait 1 0.1 0 0 0.00264796 0.00463357 0 0.0198704 0 
trait 2 0.2 0 0.0236719 0 0 0 0 0 
trait 3 0.429199 0.0031843 0.00147204 0 0.000600714 0 0 0 
node 1 3 1 3
node 2 3 1 1
node 3 3 1 1
node 4 1 0 2
gene 3 1 4 -3.02822 0 1 -3.02822 1
gene 3 2 4 6.41121 0 2 6.41121 1
gene 2 3 4 7.90211 0 3 7.90211 1
genomeend 1

/* Organism #2 Fitness: 9 Error: 1 */
genomestart 2
trait 1 0.1 0 0 0.00264796 0.00463357 0 0.0198704 0 
trait 2 0.2 0 0.0236719 0 0 0 0 0 
trait 3 0.429199 0.0031843 0.00147204 0 0.000600714 0 0 0 
node 1 3 1 3
node 2 3 1 1
node 3 3 1 1
node 4 1 0 2
gene 3 1 4 -4.14028 0 1 -4.14028 1
gene 3 2 4 8 0 2 8 1
gene 2 3 4 8 0 3 8 1
genomeend 2

/* Organism #3 Fitness: 9 Error: 1 */
genomestart 3
trait 1 0.1 0 0 0.00264796 0.00463357 0 0.0198704 0 
trait 2 0.2 0 0.0236719 0 0 0 0 0 
trait 3 0.429199 0.0031843 0.00147204 0 0.000600714 0 0 0 
node 1 3 1 3
node 2 3 1 1
node 3 3 1 1
node 4 1 0 2
gene 2 1 4 -4.3702 0 1 -4.3702 1
gene 3 2 4 8 0 2 8 1
gene 2 3 4 7.50858 0 3 7.50858 1
genomeend 3

/* Organism #4 Fitness: 9 Error: 1 */
genomestart 4
trait 1 0.1 0 0 0.00264796 0.00463357 0 0.0198704 0 
trait 2 0.2 0 0.0236719 0 0 0 0 0 
trait 3 0.429199 0.0031843 0.00147204 0 0.000600714 0 0 0 
node 1 3 1 3
node 2 3 1 1
node 3 3 1 1
node 4 1 0 2
gene 3 1 4 -3.55032 0 1 -3.55032 1
gene 3 2 4 6.69152 0 2 6.69152 1
gene 2 3 4 8 0 3 8 1
genomeend 4

/* Organism #5 Fitness: 8.99986 Error: 1.00002 */
genomestart 5
trait 1 0.1 0 0 0.00264796 0.00463357 0 0.0198704 0 
trait 2 0.2 0 0.0236719 0 0 0 0 0 
trait 3 0.429199 0.0031843 0.00147204 0 0.000600714 0 0 0 
node 1 3 1 3
node 2 3 1 1
node 3 3 1 1
node 4 1 0 2
gene 3 1 4 -3.8246 0 1 -3.8246 1
gene 3 2 4 6.75347 0 2 6.75347 1
gene 2 3 4 6.00073 0 3 6.00073 1
genomeend 5

/* Organism #6 Fitness: 8.99863 Error: 1.00023 */
genomestart 6
trait 1 0.1 0 0 0.00264796 0.00463357 0 0.0198704 0 
trait 2 0.2 0 0.0236719 0 0 0 0 0 
trait 3 0.429199 0.0031843 0.00147204 0 0.000600714 0 0 0 
node 1 3 1 3
node 2 3 1 1
node 3 3 1 1
node 4 1 0 2
gene 3 1 4 -3.02822 0 1 -3.02822 1
gene 3 2 4 4.73193 0 2 4.73193 1
gene 2 3 4 8 0 3 8 1
genomeend 6

/* Organism #7 Fitness: 5.73791 Error: 1.60461 */
genomestart 7
trait 1 0.1 0 0 0.00264796 0.00463357 0 0.0198704 0 
trait 2 0.2 0 0.0236719 0 0 0 0 0 
trait 3 0.429199 0.0031843 0.00147204 0 0.000600714 0 0 0 
node 1 3 1 3
node 2 3 1 1
node 3 3 1 1
node 4 1 0 2
node 64 1 0 0
gene 3 1 4 -3.86481 0 1 -3.86481 1
gene 3 2 4 8 0 2 8 1
gene 2 3 4 7.90211 0 3 7.90211 0
gene 2 3 64 1 0 186 0 1
gene 2 64 4 7.90211 0 187 0 1
genomeend 7

/* Organism #8 Fitness: 8.99999 Error: 1 */
genomestart 8
trait 1 0.1 0 0 0.00264796 0.00463357 0 0.0198704 0 
trait 2 0.2 0 0.0236719 0 0 0 0 0 
trait 3 0.429199 0.0031843 0.00147204 0 0.000600714 0 0 0 
node 1 3 1 3
node 2 3 1 1
node 3 3 1 1
node 4 1 0 2
gene 3 1 4 -4.17785 0 1 -4.17785 1
gene 3 2 4 8 0 2 8 1
gene 2 3 4 6.95772 0 3 6.95772 1
genomeend 8

/* Organism #9 Fitness: 8.99976 Error: 1.00004 */
genomestart 9
trait 1 0.1 0 0 0.00264796 0.00463357 0 0.0198704 0 
trait 2 0.2 0 0.0236719 0 0 0 0 0 
trait 3 0.429199 0.0031843 0.00147204 0 0.000600714 0 0 0 
node 1 3 1 3
node 2 3 1 1
node 3 3 1 1
node 4 1 0 2
gene 3 1 4 -2.05873 0 1 -2.05873 1
gene 3 2 4 7.45357 0 2 7.45357 1
gene 2 3 4 8 0 3 8 1
genomeend 9

/* Organism #10 Fitness: 8.99997 Error: 1.00001 */
genomestart 10
trait 1 0.1 0 0 0.00264796 0.00463357 0 0.0198704 0 
trait 2 0.2 0 0.0236719 0 0 0 0 0 
trait 3 0.429199 0.0031843 0.00147204 0 0.000600714 0 0 0 
node 1 3 1 3
node 2 3 1 1
node 3 3 1 1
node 4 1 0 2
gene 3 1 4 -5.39669 0 1 -5.39669 1
gene 3 2 4 8 0 2 8 1
gene 2 3 4 8 0 3 8 1
genomeend 10

/* Organism #11 Fitness: 8.99999 Error: 1 */
genomestart 11
trait 1 0.1 0 0 0.00264796 0.00463357 0 0.0198704 0 
trait 2 0.2 0 0.0236719 0 0 0 0 0 
trait 3 0.429199 0.0031843 0.00147204 0 0.000600714 0 0 0 
node 1 3 1 3
node 2 3 1 1
node 3 3 1 1
node 4 1 0 2
gene 3 1 4 -2.73135 0 1 -2.73135 1
gene 3 2 4 6.45805 0 2 6.45805 1
gene 2 3 4 7.78225 0 3 7.78225 1
genomeend 11

/* Organism #12 Fitness: 9 Error: 1 */
genomestart 12
trait 1 0.1 0 0 0.00264796 0.00463357 0 0.0198704 0 
trait 2 0.2 0 0.0236719 0 0 0 0 0 
trait 3 0.429199 0.0031843 0.00147204 0 0.000600714 0 0 0 
node 1 3 1 3
node 2 3 1 1
node 3 3 1 1
node 4 1 0 2
gene 3 1 4 -3.02822 0 1 -3.02822 1
gene 3 2 4 6.41121 0 2 6.41121 1
gene 2 3 4 8 0 3 8 1
genomeend 12

/* Species #2 : (Size 10) (AF 7.97949) (Age 21)  */


/* Organism #13 Fitness: 9 Error: 1 */
genomestart 13
trait 1 0.1 0 0 0 0 0 0 0 
trait 2 0.339033 0 0 0.614873 0 0.571512 0 0.121422 
trait 3 0.3 0.283816 0 0 0 0.0260204 0 0.390331 
node 1 3 1 3
node 2 2 1 1
node 3 3 1 1
node 4 1 0 2
node 10 1 0 0
gene 1 1 4 -2.25675 0 1 -2.25675 1
gene 3 2 4 8 0 2 8 1
gene 2 3 4 -6.17334 0 3 -6.17334 1
gene 2 3 10 5.96254 0 14 5.96254 1
gene 2 10 4 -6.96793 0 15 -6.96793 1
gene 1 2 10 -2.46021 0 25 -2.46021 1
gene 1 1 10 0.703879 0 160 0.703879 1
genomeend 13

/* Organism #14 Fitness: 4 Error: 2 */
genomestart 14
trait 1 0.1 0 0 0 0 0 0 0 
trait 2 0.339033 0 0 0.614873 0 0.571512 0 0.121422 
trait 3 0.3 0.283816 0 0 0 0.0260204 0 0.390331 
node 1 3 1 3
node 2 2 1 1
node 3 3 1 1
node 4 1 0 2
node 10 1 0 0
gene 1 1 4 -3.84341 0 1 -3.84341 1
gene 3 2 4 7.06491 0 2 7.06491 1
gene 2 3 4 -8 0 3 -8 1
gene 2 3 10 -1.24409 0 14 -1.24409 1
gene 2 10 4 -6.8744 0 15 -6.8744 1
gene 1 2 10 1.94922 0 25 1.94922 1
gene 1 1 10 0.206275 0 160 0.206275 1
genomeend 14

/* Organism #15 Fitness: 8.99999 Error: 1 */
genomestart 15
trait 1 0.1 0 0 0 0 0 0 0 
trait 2 0.339033 0 0 0.614873 0 0.571512 0 0.121422 
trait 3 0.3 0.283816 0 0 0 0.0260204 0 0.390331 
node 1 3 1 3
node 2 2 1 1
node 3 3 1 1
node 4 1 0 2
node 10 1 0 0
gene 1 1 4 -3.11219 0 1 -3.11219 1
gene 3 2 4 5.73736 0 2 5.73736 1
gene 2 3 4 -7.30954 0 3 -7.30954 1
gene 2 3 10 4.60057 0 14 4.60057 1
gene 2 10 4 -6.72737 0 15 -6.72737 1
gene 1 2 10 -2.27428 0 25 -2.27428 1
gene 1 1 10 0.66657 0 160 0.66657 1
genomeend 15

/* Organism #16 Fitness: 9 Error: 1 */
genomestart 16
trait 1 0.1 0 0 0 0 0 0 0 
trait 2 0.339033 0 0 0.614873 0 0.571512 0 0.121422 
trait 3 0.3 0.283816 0 0 0 0.0260204 0 0.390331 
node 1 3 1 3
node 2 2 1 1
node 3 3 1 1
node 4 1 0 2
node 10 1 0 0
gene 1 1 4 -2.25675 0 1 -2.25675 1
gene 3 2 4 8 0 2 8 1
gene 2 3 4 -5.92207 0 3 -5.92207 1
gene 2 3 10 5.96254 0 14 5.96254 1
gene 2 10 4 -6.96793 0 15 -6.96793 1
gene 1 2 10 -2.46021 0 25 -2.46021 1
gene 1 1 10 0.703879 0 160 0.703879 1
genomeend 16

/* Organism #17 Fitness: 9 Error: 1 */
genomestart 17
trait 1 0.1 0 0 0 0 0 0 0 
trait 2 0.339033 0 0 0.614873 0 0.571512 0 0.121422 
trait 3 0.3 0.283816 0 0 0 0.0260204 0 0.390331 
node 1 3 1 3
node 2 2 1 1
node 3 3 1 1
node 4 1 0 2
node 10 3 0 0
gene 1 1 4 -2.25675 0 1 -2.25675 1
gene 3 2 4 8 0 2 8 1
gene 2 3 4 -5.92207 0 3 -5.92207 1
gene 2 3 10 5.96254 0 14 5.96254 1
gene 2 10 4 -6.96793 0 15 -6.96793 1
gene 1 2 10 -2.46021 0 25 -2.46021 1
gene 3 1 10 0.703879 0 160 0.703879 1
genomeend 17

/* Organism #18 Fitness: 9 Error: 1 */
genomestart 18
trait 1 0.1 0 0 0 0 0 0 0 
trait 2 0.339033 0 0 0.614873 0 0.571512 0 0.121422 
trait 3 0.3 0.283816 0 0 0 0.0260204 0 0.390331 
node 1 3 1 3
node 2 2 1 1
node 3 3 1 1
node 4 1 0 2
node 10 1 0 0
gene 1 1 4 -2.25675 0 1 -2.25675 1
gene 3 2 4 8 0 2 8 1
gene 2 3 4 -5.92207 0 3 -5.92207 1
gene 2 3 10 5.96254 0 14 5.96254 1
gene 2 10 4 -6.96793 0 15 -6.96793 1
gene 1 2 10 -2.46021 0 25 -2.46021 1
gene 1 1 10 0.703879 0 160 0.703879 1
genomeend 18

/* Organism #19 Fitness: 9 Error: 1 */
genomestart 19
trait 1 0.1 0 0 0 0 0 0 0 
trait 2 0.339033 0 0 0.614873 0 0.571512 0 0.121422 
trait 3 0.3 0.283816 0 0 0 0.0260204 0 0.390331 
node 1 3 1 3
node 2 2 1 1
node 3 3 1 1
node 4 1 0 2
node 10 1 0 0
gene 1 1 4 -2.25675 0 1 -2.25675 1
gene 3 2 4 8 0 2 8 1
gene 2 3 4 -5.92207 0 3 -5.92207 1
gene 2 3 10 5.96254 0 14 5.96254 1
gene 2 10 4 -6.96793 0 15 -6.96793 1
gene 1 2 10 -2.46021 0 25 -2.46021 1
gene 1 1 10 0.703879 0 160 0.703879 1
genomeend 19

/* Organism #20 Fitness: 8.98656 Error: 1.00224 */
genomestart 20
trait 1 0.1 0 0 0 0 0 0 0 
trait 2 0.339033 0 0 0.614873 0 0.571512 0 0.121422 
trait 3 0.3 0.283816 0 0 0 0.0260204 0 0.390331 
node 1 3 1 3
node 2 2 1 1
node 3 3 1 1
node 4 1 0 2
node 10 1 0 0
gene 1 1 4 -2.25675 0 1 -2.25675 1
gene 3 2 4 8 0 2 8 1
gene 2 3 4 -6.20184 0 3 -6.20184 1
gene 2 3 10 6.22995 0 14 6.22995 1
gene 2 10 4 -0.781198 0 15 -0.781198 1
gene 1 2 10 -2.72404 0 25 -2.72404 1
gene 1 1 10 -1.13292 0 160 -1.13292 1
genomeend 20

/* Organism #21 Fitness: 4 Error: 2 */
genomestart 21
trait 1 0.1 0 0 0 0 0 0 0 
trait 2 0.339033 0 0 0.614873 0 0.571512 0 0.121422 
trait 3 0.3 0.747209 0 0.0620136 0 0.170953 0 0.390331 
node 1 3 1 3
node 2 2 1 1
node 3 3 1 1
node 4 1 0 2
node 10 1 0 0
gene 1 1 4 -2.83882 0 1 -2.83882 1
gene 3 2 4 2.24265 0 2 2.24265 1
gene 2 3 4 -5.46398 0 3 -5.46398 1
gene 2 3 10 -1.13987 0 14 -1.13987 1
gene 2 10 4 -6.96793 0 15 -6.96793 1
gene 1 2 10 -2.21561 0 25 -2.21561 1
gene 1 1 10 2.47723 0 160 2.47723 1
genomeend 21

/* Organism #22 Fitness: 8.80834 Error: 1.03212 */
genomestart 22
trait 1 0.1 0 0 0 0 0 0 0 
trait 2 0.339033 0 0.623829 0.0548885 0 0.571512 0.138066 1 
trait 3 0.3 0.283816 0 0 0 0.0260204 0 0.390331 
node 1 3 1 3
node 2 2 1 1
node 3 3 1 1
node 4 1 0 2
node 10 1 0 0
gene 1 1 4 -0.159748 0 1 -0.159748 1
gene 3 2 4 8 0 2 8 1
gene 2 3 4 -7.03698 0 3 -7.03698 1
gene 2 3 10 3.95907 0 14 3.95907 1
gene 2 10 4 -7.96261 0 15 -7.96261 1
gene 2 2 10 -1.18103 0 25 -1.18103 1
gene 1 1 10 1.62226 0 160 1.62226 1
genomeend 22

/* Species #3 : (Size 8) (AF 5.20136) (Age 19)  */


/* Organism #23 Fitness: 8.9993 Error: 1.00012 */
genomestart 23
trait 1 0.1 0 0 0 0 0 0 0 
trait 2 0.2 0 0 0 0 0 0 0 
trait 3 0.3875 0.18244 0 0.109905 0 0 0 0 
node 1 2 1 3
node 2 1 1 1
node 3 1 1 1
node 4 2 0 2
node 12 1 0 0
gene 3 1 4 -3.27883 0 1 -3.27883 1
gene 1 2 4 -1.62774 0 2 -1.62774 1
gene 2 3 4 5.51428 0 3 5.51428 0
gene 2 3 12 0.910203 0 20 0.910203 1
gene 2 12 4 5.44666 0 21 5.44666 1
gene 1 2 12 -2.3757 0 28 -2.3757 1
gene 1 1 12 -0.235878 0 143 -0.235878 1
genomeend 23

/* Organism #24 Fitness: 3.68226 Error: 2.08108 */
genomestart 24
trait 1 0.1 0 0 0 0 0 0 0 
trait 2 0.2 0 0 0 0 0 0 0 
trait 3 0.3875 0.18244 0 0.109905 0 0 0 0 
node 1 2 1 3
node 2 1 1 1
node 3 1 1 1
node 4 2 0 2
node 12 1 0 0
gene 3 1 4 1.65582 0 1 1.65582 1
gene 1 2 4 -1.16543 0 2 -1.16543 1
gene 2 3 4 4.17635 0 3 4.17635 0
gene 2 3 12 2.75749 0 20 2.75749 1
gene 2 12 4 1.49236 0 21 1.49236 1
gene 1 2 12 -0.605869 0 28 -0.605869 1
gene 1 1 12 -2.01381 0 143 -2.01381 1
genomeend 24

/* Organism #25 Fitness: 5.70224 Error: 1.61206 */
genomestart 25
trait 1 0.1 0 0 0 0 0 0 0 
trait 2 0.2 0 0 0 0 0 0 0 
trait 3 0.3875 0.18244 0 0.109905 0 0 0 0 
node 1 2 1 3
node 2 1 1 1
node 3 1 1 1
node 4 2 0 2
node 12 1 0 0
gene 3 1 4 -0.580576 0 1 -0.580576 1
gene 1 2 4 1.02039 0 2 1.02039 1
gene 2 3 4 5.61499 0 3 5.61499 0
gene 2 3 12 1.4825 0 20 1.4825 1
gene 2 12 4 1.1906 0 21 1.1906 1
gene 1 2 12 -1.26461 0 28 -1.26461 1
gene 1 1 12 -0.0298776 0 143 -0.0298776 1
genomeend 25

/* Organism #26 Fitness: 4 Error: 2 */
genomestart 26
trait 1 0.1 0 0 0 0 0 0 0 
trait 2 0.2 0 0 0 0 0 0 0 
trait 3 0.3875 0.18244 0 0.109905 0 0 0 0 
node 1 2 1 3
node 2 1 1 1
node 3 1 1 1
node 4 2 0 2
node 12 1 0 0
gene 3 1 4 0.773835 0 1 0.773835 1
gene 1 2 4 1.38043 0 2 1.38043 1
gene 2 3 4 4.60994 0 3 4.60994 0
gene 2 3 12 1.60458 0 20 1.60458 1
gene 2 12 4 3.10823 0 21 3.10823 1
gene 1 2 12 0.447935 0 28 0.447935 1
gene 1 1 12 0.146062 0 143 0.146062 1
genomeend 26

/* Organism #27 Fitness: 3.97845 Error: 2.0054 */
genomestart 27
trait 1 0.1 0 0 0 0 0 0 0 
trait 2 0.2 0 0 0 0 0 0 0 
trait 3 0.3875 0.18244 0 0.109905 0 0 0 0 
node 1 2 1 3
node 2 1 1 1
node 3 1 1 1
node 4 2 0 2
node 12 1 0 0
gene 3 1 4 -5.03662 0 1 -5.03662 1
gene 1 2 4 3.54457 0 2 3.54457 1
gene 2 3 4 3.07966 0 3 3.07966 0
gene 2 3 12 1.89961 0 20 1.89961 1
gene 2 12 4 6.05215 0 21 6.05215 1
gene 1 2 12 -0.477996 0 28 -0.477996 1
gene 1 1 12 -0.26574 0 143 -0.26574 1
genomeend 27

/* Organism #28 Fitness: 4 Error: 2 */
genomestart 28
trait 1 0.1 0 0 0 0 0 0 0 
trait 2 0.2 0 0 0 0 0 0 0 
trait 3 0.3875 0.18244 0 0.109905 0 0 0 0 
node 1 2 1 3
node 2 1 1 1
node 3 1 1 1
node 4 2 0 2
node 12 1 0 0
gene 3 1 4 -1.30718 0 1 -1.30718 1
gene 1 2 4 -3.16252 0 2 -3.16252 1
gene 2 3 4 3.80837 0 3 3.80837 0
gene 2 3 12 -0.498989 0 20 -0.498989 1
gene 2 12 4 4.81546 0 21 4.81546 1
gene 1 2 12 -4.399 0 28 -4.399 1
gene 1 1 12 -2.2382 0 143 -2.2382 1
genomeend 28

/* Organism #29 Fitness: 3.4261 Error: 2.14903 */
genomestart 29
trait 1 0.1 0 0 0 0 0 0 0 
trait 2 0.2 0 0 0 0 0 0 0 
trait 3 0.3875 0.18244 0 0.109905 0 0 0 0 
node 1 2 1 3
node 2 1 1 1
node 3 1 1 1
node 4 2 0 2
node 12 1 0 0
gene 1 1 4 -3.72351 0 1 -3.72351 1
gene 1 2 4 1.35449 0 2 1.35449 1
gene 2 3 4 4.6387 0 3 4.6387 0
gene 2 3 12 -0.762581 0 20 -0.762581 1
gene 2 12 4 3.42495 0 21 3.42495 1
gene 1 2 12 -1.15985 0 28 -1.15985 1
gene 1 1 12 1.10036 0 143 1.10036 1
genomeend 29

/* Organism #30 Fitness: 7.82251 Error: 1.20312 */
genomestart 30
trait 1 0.1 0 0 0 0 0 0 0 
trait 2 0.2 0 0 0 0 0 0 0 
trait 3 0.3875 0.18244 0 0.109905 0 0 0 0 
node 1 2 1 3
node 2 1 1 1
node 3 1 1 1
node 4 2 0 2
node 12 1 0 0
gene 1 1 4 -0.279569 0 1 -0.279569 1
gene 1 2 4 4.19012 0 2 4.19012 1
gene 2 3 4 5.73241 0 3 5.73241 0
gene 2 3 12 3.3777 0 20 3.3777 1
gene 2 12 4 1.60361 0 21 1.60361 1
gene 1 2 12 0.756025 0 28 0.756025 1
gene 1 1 12 -2.40797 0 143 -2.40797 1
genomeend 30

/* Species #4 : (Size 8) (AF 6.12304) (Age 19)  */


/* Organism #31 Fitness: 8.99972 Error: 1.00005 */
genomestart 31
trait 1 0.1 0 0 0 0 0 0 0 
trait 2 0.2 0.970397 0 0.558 0 0 0.374432 0 
trait 3 0.3 0 0 0 0 0 0 0 
node 1 3 1 3
node 2 2 1 1
node 3 3 1 1
node 4 1 0 2
node 10 1 0 0
node 13 1 0 0
gene 1 1 4 1.59119 0 1 1.59119 1
gene 3 2 4 4.33208 0 2 4.33208 1
gene 2 3 4 -2.5184 0 3 -2.5184 1
gene 2 3 10 3.29007 0 14 3.29007 1
gene 2 10 4 -5.45151 0 15 -5.45151 1
gene 2 10 13 6.88263 0 22 6.88263 1
gene 2 13 4 -2.54091 0 23 -2.54091 1
gene 2 1 10 -0.246895 0 26 -0.246895 1
genomeend 31

/* Organism #32 Fitness: 8.96729 Error: 1.00546 */
genomestart 32
trait 1 0.1 0 0 0 0 0 0 0 
trait 2 0.2 0.970397 0 0.558 0 0 0.374432 0 
trait 3 0.3 0.101627 0 0 0 0.107322 0 0.042169 
node 1 3 1 3
node 2 2 1 1
node 3 3 1 1
node 4 1 0 2
node 10 1 0 0
node 13 1 0 0
gene 1 1 4 1.59119 0 1 1.59119 1
gene 3 2 4 5.38108 0 2 5.38108 1
gene 2 3 4 -3.15933 0 3 -3.15933 1
gene 2 3 10 2.17599 0 14 2.17599 1
gene 2 10 4 -5.45151 0 15 -5.45151 1
gene 2 10 13 6.10231 0 22 6.10231 1
gene 2 13 4 -1.4031 0 23 -1.4031 1
gene 2 1 10 -0.246895 0 26 -0.246895 1
genomeend 32

/* Organism #33 Fitness: 7.72316 Error: 1.22094 */
genomestart 33
trait 1 0.1 0 0 0 0 0 0 0 
trait 2 0.2 0.970397 0 0.558 0 0 0.374432 0 
trait 3 0.3 0 0 0 0 0 0 0 
node 1 3 1 3
node 2 2 1 1
node 3 3 1 1
node 4 1 0 2
node 10 1 0 0
node 13 3 0 0
gene 1 1 4 0.495041 0 1 0.495041 1
gene 3 2 4 3.33908 0 2 3.33908 1
gene 2 3 4 -1.89262 0 3 -1.89262 1
gene 2 3 10 4.53217 0 14 4.53217 1
gene 2 10 4 -3.03864 0 15 -3.03864 1
gene 2 10 13 8 0 22 8 1
gene 2 13 4 -1.50183 0 23 -1.50183 1
gene 2 1 10 -2.63421 0 26 -2.63421 1
genomeend 33

/* Organism #34 Fitness: 8.99873 Error: 1.00021 */
genomestart 34
trait 1 0.1 0 0 0 0 0 0 0 
trait 2 0.2 0.970397 0 0.558 0 0 0.374432 0 
trait 3 0.3 0.203253 0 0 0 0.214644 0 0.0843379 
node 1 3 1 3
node 2 2 1 1
node 3 2 1 1
node 4 1 0 2
node 10 1 0 0
node 13 1 0 0
node 57 1 0 0
gene 1 1 4 1.59119 0 1 1.59119 1
gene 3 2 4 6.43007 0 2 6.43007 1
gene 2 3 4 -3.80026 0 3 -3.80026 0
gene 2 3 10 1.06191 0 14 1.06191 1
gene 2 10 4 -5.45151 0 15 -5.45151 1
gene 2 10 13 5.32199 0 22 5.32199 1
gene 2 13 4 -0.265297 0 23 -0.265297 1
gene 2 1 10 -0.246895 0 26 -0.246895 1
gene 2 3 57 3.28286 0 161 3.28286 1
gene 2 57 4 -4.17441 0 162 -4.17441 1
genomeend 34

/* Organism #35 Fitness: 3.99993 Error: 2.00002 */
genomestart 35
trait 1 0.1 0 0 0 0 0 0 0 
trait 2 0.2 0.970397 0 0.558 0 0 0.374432 0 
trait 3 0.3 0.101627 0 0 0 0.107322 0 0.042169 
node 1 3 1 3
node 2 2 1 1
node 3 3 1 1
node 4 1 0 2
node 10 1 0 0
node 13 1 0 0
gene 1 1 4 1.59119 0 1 1.59119 1
gene 3 2 4 6.43007 0 2 6.43007 1
gene 2 3 4 2.24822 0 3 2.24822 0
gene 2 3 10 0.036317 0 14 0.036317 1
gene 2 10 4 -6.28779 0 15 -6.28779 1
gene 2 10 13 6.88263 0 22 6.88263 1
gene 2 13 4 -0.265297 0 23 -0.265297 1
gene 1 1 10 -1.21136 0 26 -1.21136 1
genomeend 35

/* Organism #36 Fitness: 1.00953 Error: 2.99525 */
genomestart 36
trait 1 0.1 0 0 0 0 0 0 0 
trait 2 0.2 0.970397 0 0.558 0 0 0.374432 0 
trait 3 0.3 0 0 0 0 0 0 0 
node 1 3 1 3
node 2 2 1 1
node 3 3 1 1
node 4 1 0 2
node 10 1 0 0
node 13 1 0 0
gene 1 1 4 1.80868 0 1 1.80868 1
gene 3 2 4 4.04002 0 2 4.04002 1
gene 2 3 4 -3.39337 0 3 -3.39337 1
gene 2 3 10 0.0327311 0 14 0.0327311 1
gene 2 10 4 -4.82107 0 15 -4.82107 1
gene 2 10 13 6.88263 0 22 6.88263 1
gene 2 13 4 -1.39576 0 23 -1.39576 1
gene 2 1 10 -1.40271 0 26 -1.40271 1
genomeend 36

/* Organism #37 Fitness: 1.0005 Error: 2.99975 */
genomestart 37
trait 1 0.1 0 0 0 0 0 0 0 
trait 2 0.2 0.970397 0 0.558 0 0 0.374432 0 
trait 3 0.3 0 0 0 0 0 0 0 
node 1 3 1 3
node 2 2 1 1
node 3 3 1 1
node 4 1 0 2
node 10 1 0 0
node 13 1 0 0
gene 1 1 4 2.95537 0 1 2.95537 1
gene 3 2 4 6.38292 0 2 6.38292 1
gene 2 3 4 -1.38655 0 3 -1.38655 1
gene 2 3 10 2.26976 0 14 2.26976 1
gene 2 10 4 -5.45151 0 15 -5.45151 1
gene 2 10 13 8 0 22 8 1
gene 2 13 4 -2.54091 0 23 -2.54091 1
gene 2 1 10 -2.34054 0 26 -2.34054 1
genomeend 37

/* Organism #38 Fitness: 8.28544 Error: 1.12156 */
genomestart 38
trait 1 0.1 0 0 0 0 0 0 0 
trait 2 0.2 0.970397 0 0.558 0 0 0.374432 0 
trait 3 0.3 0 0 0 0 0 0 0 
node 1 3 1 3
node 2 2 1 1
node 3 3 1 1
node 4 1 0 2
node 10 1 0 0
node 13 1 0 0
gene 1 1 4 1.361 0 1 1.361 1
gene 3 2 4 2.56964 0 2 2.56964 1
gene 2 3 4 -1.11303 0 3 -1.11303 1
gene 2 3 10 2.952 0 14 2.952 1
gene 2 10 4 -0.0762963 0 15 -0.0762963 1
gene 2 10 13 6.68571 0 22 6.68571 1
gene 2 13 4 -3.28365 0 23 -3.28365 1
gene 2 1 10 2.13294 0 26 2.13294 1
genomeend 38

/* Species #5 : (Size 11) (AF 6.85669) (Age 17)  */


/* Organism #39 Fitness: 9 Error: 1 */
genomestart 39
trait 1 0.1 0 0 0 0 0 0 0 
trait 2 0.2 0 0 0 0 0 0 0 
trait 3 0.847868 0.368694 0 0 0 0 0 0.335917 
node 1 2 1 3
node 2 2 1 1
node 3 3 1 1
node 4 1 0 2
node 10 1 0 0
node 15 1 0 0
gene 1 1 4 -3.38176 0 1 -3.38176 1
gene 3 2 4 -1.53935 0 2 -1.53935 1
gene 2 3 4 1.25439 0 3 1.25439 0
gene 2 3 10 -4.22714 0 14 -4.22714 1
gene 2 10 4 -7.55428 0 15 -7.55428 1
gene 2 2 10 -4.45191 0 25 -4.45191 1
gene 3 2 15 2.6582 0 34 2.6582 1
gene 3 15 4 7.82151 0 35 7.82151 1
gene 1 3 15 2.52058 0 50 2.52058 1
gene 1 1 10 0.579165 0 147 0.579165 1
genomeend 39

/* Organism #40 Fitness: 4 Error: 2 */
genomestart 40
trait 1 0.1 0 0 0 0 0 0 0 
trait 2 0.2 0 0 0 0 0 0 0 
trait 3 0.818731 0.276521 0 0 0 0 0 0.251938 
node 1 2 1 3
node 2 2 1 1
node 3 3 1 1
node 4 1 0 2
node 10 1 0 0
node 15 1 0 0
gene 1 1 4 -2.90275 0 1 -2.90275 1
gene 3 2 4 -1.46916 0 2 -1.46916 1
gene 2 3 4 1.17382 0 3 1.17382 0
gene 2 3 10 0.986816 0 14 0.986816 1
gene 2 10 4 -8 0 15 -8 1
gene 2 2 10 -2.11581 0 25 -2.11581 1
gene 3 2 15 0.733688 0 34 0.733688 1
gene 3 15 4 -0.781579 0 35 -0.781579 1
gene 1 3 15 3.18326 0 50 3.18326 1
gene 1 1 10 0.955767 0 147 0.955767 1
genomeend 40

/* Organism #41 Fitness: 8.99679 Error: 1.00054 */
genomestart 41
trait 1 0.1 0 0 0 0 0 0 0 
trait 2 0.2 0 0 0 0 0 0 0 
trait 3 0.847868 0.368694 0 0 0 0 0 0.335917 
node 1 2 1 3
node 2 2 1 1
node 3 3 1 1
node 4 1 0 2
node 10 1 0 0
node 15 1 0 0
gene 1 1 4 -5.50897 0 1 -5.50897 1
gene 3 2 4 -0.549104 0 2 -0.549104 1
gene 2 3 4 2.85958 0 3 2.85958 0
gene 2 3 10 -3.3389 0 14 -3.3389 1
gene 2 10 4 -5.31468 0 15 -5.31468 1
gene 2 2 10 -4.70094 0 25 -4.70094 1
gene 3 2 15 3.2997 0 34 3.2997 1
gene 3 15 4 8 0 35 8 1
gene 1 3 15 2.89344 0 50 2.89344 1
gene 1 1 10 -1.1095 0 147 -1.1095 1
genomeend 41

/* Organism #42 Fitness: 3.99935 Error: 2.00016 */
genomestart 42
trait 1 0.1 0 0 0 0 0 0 0 
trait 2 0.2 0 0 0 0 0 0 0 
trait 3 0.847868 0.368694 0 0 0 0 0 0.335917 
node 1 2 1 3
node 2 2 1 1
node 3 3 1 1
node 4 1 0 2
node 10 1 0 0
node 15 1 0 0
gene 1 1 4 -3.38176 0 1 -3.38176 1
gene 3 2 4 -2.71844 0 2 -2.71844 1
gene 2 3 4 3.67779 0 3 3.67779 0
gene 2 3 10 -4.38194 0 14 -4.38194 1
gene 2 10 4 2.22785 0 15 2.22785 1
gene 2 2 10 -4.48281 0 25 -4.48281 1
gene 3 2 15 0.861045 0 34 0.861045 1
gene 3 15 4 7.80526 0 35 7.80526 1
gene 1 3 15 4.71113 0 50 4.71113 1
gene 1 1 10 2.42721 0 147 2.42721 1
genomeend 42

/* Organism #43 Fitness: 9 Error: 1 */
genomestart 43
trait 1 0.1 0 0 0 0 0 0 0 
trait 2 0.2 0 0 0 0 0 0 0 
trait 3 0.789593 0.184347 0 0 0 0 0 0.167959 
node 1 2 1 3
node 2 2 1 1
node 3 3 1 1
node 4 1 0 2
node 10 1 0 0
node 15 1 0 0
gene 1 1 4 -1.79613 0 1 -1.79613 1
gene 3 2 4 -0.148625 0 2 -0.148625 1
gene 2 3 4 -2.29577 0 3 -2.29577 0
gene 2 3 10 -4.54262 0 14 -4.54262 1
gene 2 10 4 -8 0 15 -8 1
gene 2 2 10 -2.19205 0 25 -2.19205 1
gene 3 2 15 2.45766 0 34 2.45766 1
gene 3 15 4 5.8956 0 35 5.8956 1
gene 1 3 15 3.84593 0 50 3.84593 1
gene 1 1 10 1.09234 0 147 1.09234 1
genomeend 43

/* Organism #44 Fitness: 9 Error: 1 */
genomestart 44
trait 1 0.1 0 0 0 0 0 0 0 
trait 2 0.2 0 0 0 0 0 0 0 
trait 3 0.818731 0.276521 0 0 0 0 0 0.251938 
node 1 2 1 3
node 2 2 1 1
node 3 3 1 1
node 4 1 0 2
node 10 1 0 0
node 15 1 0 0
gene 1 1 4 -2.58894 0 1 -2.58894 1
gene 3 2 4 -0.843989 0 2 -0.843989 1
gene 2 3 4 -0.520693 0 3 -0.520693 0
gene 2 3 10 -4.38488 0 14 -4.38488 1
gene 2 10 4 -7.77714 0 15 -7.77714 1
gene 2 2 10 -3.32198 0 25 -3.32198 1
gene 3 2 15 2.55793 0 34 2.55793 1
gene 3 15 4 6.85855 0 35 6.85855 1
gene 1 3 15 3.18326 0 50 3.18326 1
gene 1 1 10 0.835753 0 147 0.835753 1
gene 1 10 15 -0.0097354 0 188 -0.0097354 1
genomeend 44

/* Organism #45 Fitness: 4.01558 Error: 1.99611 */
genomestart 45
trait 1 0.1 0 0 0 0 0 0 0 
trait 2 0.2 0 0 0 0 0 0 0 
trait 3 0.818731 0.276521 0 0 0 0 0 0.251938 
node 1 2 1 3
node 2 2 1 1
node 3 3 1 1
node 4 1 0 2
node 10 1 0 0
node 15 1 0 0
gene 1 1 4 -1.12484 0 1 -1.12484 1
gene 3 2 4 0.919523 0 2 0.919523 1
gene 2 3 4 2.28858 0 3 2.28858 0
gene 2 3 10 -2.13187 0 14 -2.13187 1
gene 2 10 4 -7.8732 0 15 -7.8732 1
gene 2 2 10 -4.05398 0 25 -4.05398 1
gene 3 2 15 4.91303 0 34 4.91303 1
gene 3 15 4 -2.22015 0 35 -2.22015 1
gene 1 3 15 -2.27821 0 50 -2.27821 1
gene 1 1 10 0.345782 0 147 0.345782 1
genomeend 45

/* Organism #46 Fitness: 5.41165 Error: 1.6737 */
genomestart 46
trait 1 0.1 0 0 0 0 0 0 0 
trait 2 0.2 0 0 0 0 0 0 0 
trait 3 0.789593 0.184347 0 0 0 0 0 0.167959 
node 1 2 1 3
node 2 2 1 1
node 3 3 1 1
node 4 1 0 2
node 10 1 0 0
node 15 1 0 0
gene 1 1 4 -1.44868 0 1 -1.44868 1
gene 3 2 4 2.23075 0 2 2.23075 1
gene 2 3 4 -2.29577 0 3 -2.29577 0
gene 2 3 10 -3.62615 0 14 -3.62615 1
gene 2 10 4 -8 0 15 -8 1
gene 2 2 10 -1.69856 0 25 -1.69856 1
gene 3 2 15 1.65876 0 34 1.65876 1
gene 3 15 4 1.30238 0 35 1.30238 1
gene 1 3 15 3.46811 0 50 3.46811 1
gene 1 1 10 -0.50882 0 147 -0.50882 1
genomeend 46

/* Organism #47 Fitness: 9 Error: 1 */
genomestart 47
trait 1 0.1 0 0 0 0 0 0 0 
trait 2 0.2 0 0 0 0 0 0 0 
trait 3 0.847868 0.368694 0 0 0 0 0 0.335917 
node 1 2 1 3
node 2 2 1 1
node 3 3 1 1
node 4 1 0 2
node 10 1 0 0
node 15 1 0 0
gene 1 1 4 -0.980255 0 1 -0.980255 1
gene 3 2 4 -1.60321 0 2 -1.60321 1
gene 2 3 4 3.08809 0 3 3.08809 0
gene 2 3 10 -4.41391 0 14 -4.41391 1
gene 2 10 4 -6.76568 0 15 -6.76568 1
gene 2 2 10 -3.62066 0 25 -3.62066 1
gene 3 2 15 3.29619 0 34 3.29619 1
gene 3 15 4 5.45899 0 35 5.45899 1
gene 1 3 15 1.66012 0 50 1.66012 1
gene 1 1 10 0.579165 0 147 0.579165 1
genomeend 47

/* Organism #48 Fitness: 9 Error: 1 */
genomestart 48
trait 1 0.1 0 0 0 0 0 0 0 
trait 2 0.2 0 0 0 0 0 0 0 
trait 3 0.847868 0.368694 0 0 0 0 0 0.335917 
node 1 2 1 3
node 2 2 1 1
node 3 3 1 1
node 4 1 0 2
node 10 1 0 0
node 15 1 0 0
gene 1 1 4 -3.38176 0 1 -3.38176 1
gene 3 2 4 -1.53935 0 2 -1.53935 1
gene 2 3 4 1.25439 0 3 1.25439 0
gene 2 3 10 -4.22714 0 14 -4.22714 1
gene 2 10 4 -7.55428 0 15 -7.55428 1
gene 2 2 10 -4.45191 0 25 -4.45191 1
gene 3 2 15 2.6582 0 34 2.6582 1
gene 3 15 4 7.82151 0 35 7.82151 1
gene 1 3 15 2.52058 0 50 2.52058 1
gene 1 1 10 0.579165 0 147 0.579165 1
gene 1 15 10 0.54268 0 189 0.54268 1
genomeend 48

/* Organism #49 Fitness: 4.00027 Error: 1.99993 */
genomestart 49
trait 1 0.1 0 0 0 0 0 0 0 
trait 2 0.2 0 0 0 0 0 0 0 
trait 3 0.847868 0.368694 0 0 0 0 0 0.335917 
node 1 2 1 3
node 2 2 1 1
node 3 3 1 1
node 4 1 0 2
node 10 1 0 0
node 15 1 0 0
gene 1 1 4 -1.50204 0 1 -1.50204 1
gene 3 2 4 -1.42376 0 2 -1.42376 1
gene 2 3 4 2.07717 0 3 2.07717 0
gene 2 3 10 -5.49869 0 14 -5.49869 1
gene 2 10 4 -8 0 15 -8 1
gene 2 2 10 -4.64501 0 25 -4.64501 1
gene 3 2 15 -2.41791 0 34 -2.41791 1
gene 3 15 4 7.82151 0 35 7.82151 1
gene 1 3 15 2.52058 0 50 2.52058 1
gene 1 1 10 1.78983 0 147 1.78983 1
genomeend 49

/* Species #6 : (Size 12) (AF 7.31092) (Age 17)  */


/* Organism #50 Fitness: 9 Error: 1 */
genomestart 50
trait 1 0.1 0 0 0 0 0 0 0 
trait 2 0.2 0 0 0 0.688131 0.579516 0.902829 0 
trait 3 0.3875 0.18244 0 0.109905 0 0 0 0 
node 1 2 1 3
node 2 1 1 1
node 3 1 1 1
node 4 2 0 2
node 12 1 0 0
node 17 1 0 0
gene 3 1 4 -6.36539 0 1 -6.36539 1
gene 1 2 4 -7.85781 0 2 -7.85781 1
gene 3 3 4 6.33332 0 3 6.33332 1
gene 2 3 12 1.23131 0 20 1.23131 0
gene 2 12 4 -2.80158 0 21 -2.80158 0
gene 2 12 17 -3.95029 0 39 -3.95029 1
gene 2 17 4 3.99211 0 40 3.99211 1
gene 3 3 17 2.42418 0 89 2.42418 1
gene 3 2 12 1.75446 0 126 1.75446 1
genomeend 50

/* Organism #51 Fitness: 8.99946 Error: 1.00009 */
genomestart 51
trait 1 0.1 0 0 0 0 0 0 0 
trait 2 0.2 0 0 0 0 0 0 0 
trait 3 0.3875 0.18244 0 0.109905 0 0 0 0 
node 1 2 1 3
node 2 1 1 1
node 3 1 1 1
node 4 2 0 2
node 12 1 0 0
node 17 1 0 0
gene 3 1 4 -2.20568 0 1 -2.20568 1
gene 1 2 4 -7.08943 0 2 -7.08943 1
gene 3 3 4 7.28872 0 3 7.28872 1
gene 2 3 12 1.9958 0 20 1.9958 1
gene 2 12 4 -0.598331 0 21 -0.598331 0
gene 2 12 17 -1.28149 0 39 -1.28149 1
gene 2 17 4 3.53067 0 40 3.53067 1
gene 3 3 17 -0.217544 0 89 -0.217544 1
gene 3 2 12 1.84232 0 126 1.84232 1
genomeend 51

/* Organism #52 Fitness: 4.00006 Error: 1.99998 */
genomestart 52
trait 1 0.1 0 0 0 0 0 0 0 
trait 2 0.2 0 0 0 0.516099 0.434637 0.677122 0 
trait 3 0.3875 0.18244 0 0.109905 0 0 0 0 
node 1 2 1 3
node 2 1 1 1
node 3 1 1 1
node 4 2 0 2
node 12 1 0 0
node 17 1 0 0
node 65 1 0 0
gene 3 1 4 -3.35651 0 1 -3.35651 1
gene 1 2 4 -7.85781 0 2 -7.85781 0
gene 3 3 4 6.33332 0 3 6.33332 1
gene 2 3 12 3.15062 0 20 3.15062 0
gene 2 12 4 -1.36669 0 21 -1.36669 0
gene 2 12 17 -3.95029 0 39 -3.95029 1
gene 2 17 4 -1.43353 0 40 -1.43353 1
gene 3 3 17 2.42418 0 89 2.42418 1
gene 3 2 12 1.75446 0 126 1.75446 1
gene 1 2 65 1 0 190 0 1
gene 1 65 4 -7.85781 0 191 0 1
genomeend 52

/* Organism #53 Fitness: 8.99999 Error: 1 */
genomestart 53
trait 1 0.1 0 0 0 0 0 0 0 
trait 2 0.2 0 0 0 0.172033 0.144879 0.225707 0 
trait 3 0.3875 0.18244 0 0.109905 0 0 0 0 
node 1 2 1 3
node 2 1 1 1
node 3 1 1 1
node 4 2 0 2
node 12 1 0 0
node 17 1 0 0
gene 3 1 4 -2.70564 0 1 -2.70564 1
gene 1 2 4 -7.08405 0 2 -7.08405 1
gene 3 3 4 6.43769 0 3 6.43769 1
gene 2 3 12 4.38189 0 20 4.38189 0
gene 2 12 4 0.719354 0 21 0.719354 0
gene 2 12 17 -5.02804 0 39 -5.02804 1
gene 2 17 4 1.04567 0 40 1.04567 1
gene 3 3 17 1.63133 0 89 1.63133 1
gene 3 2 12 1.52021 0 126 1.52021 1
genomeend 53

/* Organism #54 Fitness: 4.23041 Error: 1.94321 */
genomestart 54
trait 1 0.1 0 0 0 0 0 0 0 
trait 2 0.2 0 0 0 0.344066 0.289758 0.451415 0 
trait 3 0.3875 0.18244 0 0.109905 0 0 0 0 
node 1 2 1 3
node 2 1 1 1
node 3 1 1 1
node 4 2 0 2
node 12 1 0 0
node 17 1 0 0
gene 3 1 4 -3.04679 0 1 -3.04679 1
gene 1 2 4 2.37892 0 2 2.37892 1
gene 3 3 4 5.56098 0 3 5.56098 1
gene 2 3 12 2.53415 0 20 2.53415 0
gene 2 12 4 -0.512783 0 21 -0.512783 0
gene 2 12 17 1.30932 0 39 1.30932 1
gene 2 17 4 3.76139 0 40 3.76139 1
gene 3 3 17 -0.645699 0 89 -0.645699 1
gene 3 2 12 0.548811 0 126 0.548811 1
genomeend 54

/* Organism #55 Fitness: 8.99995 Error: 1.00001 */
genomestart 55
trait 1 0.1 0 0 0 0 0 0 0 
trait 2 0.2 0 0 0 0 0 0 0 
trait 3 0.3875 0.18244 0 0.109905 0 0 0 0 
node 1 2 1 3
node 2 1 1 1
node 3 1 1 1
node 4 2 0 2
node 12 1 0 0
node 17 1 0 0
gene 3 1 4 -2.36369 0 1 -2.36369 1
gene 1 2 4 -8 0 2 -8 1
gene 3 3 4 5.49637 0 3 5.49637 1
gene 2 3 12 2.95721 0 20 2.95721 1
gene 2 12 4 -1.37341 0 21 -1.37341 0
gene 2 12 17 -3.46677 0 39 -3.46677 1
gene 2 17 4 5.90402 0 40 5.90402 1
gene 3 3 17 0.733436 0 89 0.733436 1
gene 3 2 12 1.84232 0 126 1.84232 1
genomeend 55

/* Organism #56 Fitness: 4.01796 Error: 1.99551 */
genomestart 56
trait 1 0.1 0 0 0 0 0 0 0 
trait 2 0.2 0 0 0 0.516099 0.434637 0.677122 0 
trait 3 0.3875 0.18244 0 0.109905 0 0 0 0 
node 1 2 1 3
node 2 1 1 1
node 3 1 1 1
node 4 2 0 2
node 12 1 0 0
node 17 1 0 0
gene 3 1 4 -1.62779 0 1 -1.62779 1
gene 1 2 4 -5.87845 0 2 -5.87845 1
gene 3 3 4 4.60541 0 3 4.60541 1
gene 2 3 12 4.808 0 20 4.808 0
gene 2 12 4 -1.73839 0 21 -1.73839 0
gene 2 12 17 -1.94746 0 39 -1.94746 1
gene 2 17 4 3.99211 0 40 3.99211 1
gene 3 3 17 1.19619 0 89 1.19619 1
gene 3 2 12 -1.44261 0 126 -1.44261 1
genomeend 56

/* Organism #57 Fitness: 8.99994 Error: 1.00001 */
genomestart 57
trait 1 0.1 0 0 0 0 0 0 0 
trait 2 0.2 0 0 0 0.344066 0.289758 0.451415 0 
trait 3 0.3875 0.18244 0 0.109905 0 0 0 0 
node 1 2 1 3
node 2 1 1 1
node 3 1 1 1
node 4 2 0 2
node 12 1 0 0
node 17 1 0 0
gene 3 1 4 -3.48707 0 1 -3.48707 1
gene 1 2 4 -8 0 2 -8 1
gene 3 3 4 5.77874 0 3 5.77874 1
gene 2 3 12 1.88906 0 20 1.88906 0
gene 2 12 4 -1.46014 0 21 -1.46014 0
gene 2 12 17 -4.41494 0 39 -4.41494 1
gene 2 17 4 2.53645 0 40 2.53645 1
gene 3 3 17 1.38971 0 89 1.38971 1
gene 3 2 12 1.44337 0 126 1.44337 1
genomeend 57

/* Organism #58 Fitness: 8.86054 Error: 1.02333 */
genomestart 58
trait 1 0.1 0 0 0 0 0 0 0 
trait 2 0.2 0 0 0 0.172033 0.144879 0.225707 0 
trait 3 0.3875 0.18244 0 0.109905 0 0 0 0 
node 1 2 1 3
node 2 1 1 1
node 3 1 1 1
node 4 2 0 2
node 12 1 0 0
node 17 1 0 0
gene 3 1 4 -2.00288 0 1 -2.00288 1
gene 1 2 4 -6.76212 0 2 -6.76212 1
gene 3 3 4 8 0 3 8 1
gene 2 3 12 2.34562 0 20 2.34562 0
gene 2 12 4 0.272225 0 21 0.272225 0
gene 2 12 17 0.271142 0 39 0.271142 1
gene 2 17 4 0.379574 0 40 0.379574 1
gene 3 3 17 -1.07969 0 89 -1.07969 1
gene 3 2 12 0.232696 0 126 0.232696 1
genomeend 58

/* Organism #59 Fitness: 3.62328 Error: 2.09651 */
genomestart 59
trait 1 0.1 0 0 0 0 0 0 0 
trait 2 0.2 0 0 0 0.344066 0.289758 0.451415 0 
trait 3 0.3875 0.18244 0 0.109905 0 0 0 0 
node 1 2 1 3
node 2 1 1 1
node 3 1 1 1
node 4 2 0 2
node 12 1 0 0
node 17 1 0 0
gene 3 1 4 -0.54239 0 1 -0.54239 1
gene 1 2 4 -6.64718 0 2 -6.64718 1
gene 3 3 4 5.19903 0 3 5.19903 1
gene 2 3 12 1.61356 0 20 1.61356 1
gene 2 12 4 -0.578856 0 21 -0.578856 0
gene 2 12 17 -0.00831629 0 39 -0.00831629 1
gene 2 17 4 1.80096 0 40 1.80096 1
gene 3 3 17 0.804617 0 89 0.804617 1
gene 3 2 12 1.34625 0 126 1.34625 1
genomeend 59

/* Organism #60 Fitness: 9 Error: 1 */
genomestart 60
trait 1 0.1 0 0 0 0 0 0 0 
trait 2 0.2 0 0 0 0.344066 0.289758 0.451415 0 
trait 3 0.3875 0.18244 0 0.109905 0 0 0 0 
node 1 2 1 3
node 2 1 1 1
node 3 1 1 1
node 4 2 0 2
node 12 1 0 0
node 17 1 0 0
gene 3 1 4 -4.28553 0 1 -4.28553 1
gene 1 2 4 -7.47362 0 2 -7.47362 1
gene 3 3 4 6.81102 0 3 6.81102 1
gene 2 3 12 1.61356 0 20 1.61356 0
gene 2 12 4 -1.69995 0 21 -1.69995 0
gene 2 12 17 -2.61589 0 39 -2.61589 1
gene 2 17 4 3.76139 0 40 3.76139 1
gene 3 3 17 1.10332 0 89 1.10332 1
gene 3 2 12 1.79839 0 126 1.79839 1
genomeend 60

/* Organism #61 Fitness: 8.99947 Error: 1.00009 */
genomestart 61
trait 1 0.1 0 0 0 0 0 0 0 
trait 2 0.2 0 0 0 0 0 0 0 
trait 3 0.3875 0.18244 0 0.109905 0 0 0 0 
node 1 2 1 3
node 2 2 1 1
node 3 1 1 1
node 4 2 0 2
node 12 1 0 0
node 17 1 0 0
gene 3 1 4 -4.37463 0 1 -4.37463 1
gene 1 2 4 -8 0 2 -8 1
gene 3 3 4 4.83274 0 3 4.83274 1
gene 2 3 12 2.82873 0 20 2.82873 1
gene 2 12 4 1.70482 0 21 1.70482 0
gene 2 12 17 -1.2335 0 39 -1.2335 1
gene 2 17 4 4.28059 0 40 4.28059 1
gene 3 3 17 1.09506 0 89 1.09506 1
gene 3 2 12 3.7955 0 126 3.7955 1
genomeend 61

/* Species #7 : (Size 11) (AF 7.5763) (Age 16)  */


/* Organism #62 Fitness: 9 Error: 1 */
genomestart 62
trait 1 0.153287 0 0 0 0.0276402 0 0 0.0430483 
trait 2 0.2 0 0 0 0 0 0 0 
trait 3 1 0.831538 0.464133 0 0 0.421522 0.898343 0.0791345 
node 1 2 1 3
node 2 1 1 1
node 3 1 1 1
node 4 2 0 2
node 18 1 0 0
gene 2 1 4 -1.93566 0 1 -1.93566 1
gene 1 2 4 -6.45888 0 2 -6.45888 1
gene 2 3 4 5.81312 0 3 5.81312 1
gene 1 2 18 2.81604 0 42 2.81604 1
gene 1 18 4 -4.595 0 43 -4.595 1
gene 2 3 18 -2.70878 0 72 -2.70878 1
genomeend 62

/* Organism #63 Fitness: 4 Error: 2 */
genomestart 63
trait 1 0.153287 0 0 0 0.0276402 0 0 0.0430483 
trait 2 0.2 0 0 0 0 0 0 0 
trait 3 0.429364 0 0.127026 0 0 0 0 0 
node 1 2 1 3
node 2 1 1 1
node 3 1 1 1
node 4 2 0 2
node 18 1 0 0
gene 2 1 4 -2.95674 0 1 -2.95674 1
gene 1 2 4 -4.92105 0 2 -4.92105 1
gene 2 3 4 -0.356761 0 3 -0.356761 1
gene 2 2 18 5.95106 0 42 5.95106 1
gene 1 18 4 -2.98034 0 43 -2.98034 1
gene 2 3 18 -1.32476 0 72 -1.32476 1
genomeend 63

/* Organism #64 Fitness: 4.0294 Error: 1.99266 */
genomestart 64
trait 1 0.153287 0 0 0 0.0276402 0 0 0.0430483 
trait 2 0.2 0 0 0 0 0 0 0 
trait 3 0.714682 0.415769 0.295579 0 0 0.210761 0.449171 0.0395672 
node 1 2 1 3
node 2 1 1 1
node 3 1 1 1
node 4 2 0 2
node 18 1 0 0
gene 2 1 4 0.362152 0 1 0.362152 1
gene 1 2 4 2.03154 0 2 2.03154 1
gene 1 3 4 3.63585 0 3 3.63585 1
gene 1 2 18 4.31194 0 42 4.31194 1
gene 1 18 4 -5.03359 0 43 -5.03359 1
gene 2 3 18 -1.01023 0 72 -1.01023 1
genomeend 64

/* Organism #65 Fitness: 8.99999 Error: 1 */
genomestart 65
trait 1 0.153287 0 0 0 0.0276402 0 0 0.0430483 
trait 2 0.2 0 0 0 0 0 0 0 
trait 3 0.714682 0.415769 0.295579 0 0 0.210761 0.449171 0.0395672 
node 1 2 1 3
node 2 1 1 1
node 3 1 1 1
node 4 2 0 2
node 18 1 0 0
gene 2 1 4 -0.788854 0 1 -0.788854 1
gene 1 2 4 -4.92105 0 2 -4.92105 1
gene 2 3 4 5.81312 0 3 5.81312 1
gene 1 2 18 4.26872 0 42 4.26872 1
gene 1 18 4 -3.73186 0 43 -3.73186 1
gene 2 3 18 -2.70878 0 72 -2.70878 1
genomeend 65

/* Organism #66 Fitness: 8.99929 Error: 1.00012 */
genomestart 66
trait 1 0.153287 0 0 0 0.0276402 0 0 0.0430483 
trait 2 0.2 0 0 0 0 0 0 0 
trait 3 0.714682 0.415769 0.295579 0 0 0.210761 0.449171 0.0395672 
node 1 2 1 3
node 2 1 1 1
node 3 1 1 1
node 4 2 0 2
node 18 1 0 0
gene 2 1 4 0.141884 0 1 0.141884 1
gene 1 2 4 -6.04543 0 2 -6.04543 1
gene 2 3 4 5.81312 0 3 5.81312 1
gene 1 2 18 6.47941 0 42 6.47941 1
gene 1 18 4 -3.95663 0 43 -3.95663 1
gene 2 3 18 -2.70878 0 72 -2.70878 1
genomeend 66

/* Organism #67 Fitness: 8.71479 Error: 1.04792 */
genomestart 67
trait 1 0.153287 0 0 0 0.0276402 0 0 0.0430483 
trait 2 0.2 0 0 0 0 0 0 0 
trait 3 0.429364 0 0.127026 0 0 0 0 0 
node 1 2 1 3
node 2 1 1 1
node 3 1 1 1
node 4 2 0 2
node 18 1 0 0
gene 2 1 4 0.386948 0 1 0.386948 1
gene 1 2 4 -6.49817 0 2 -6.49817 1
gene 2 3 4 6.25182 0 3 6.25182 1
gene 1 2 18 6.48551 0 42 6.48551 1
gene 1 18 4 -1.98894 0 43 -1.98894 1
gene 2 3 18 -2.15197 0 72 -2.15197 1
genomeend 67

/* Organism #68 Fitness: 8.99128 Error: 1.00145 */
genomestart 68
trait 1 0.153287 0 0 0 0.0276402 0 0 0.0430483 
trait 2 0.2 0 0 0 0 0 0 0 
trait 3 1 0.831538 0.464133 0 0 0.421522 0.898343 0.0791345 
node 1 2 1 3
node 2 1 1 1
node 3 1 1 1
node 4 2 0 2
node 18 1 0 0
node 64 1 0 0
gene 2 1 4 -1.93566 0 1 -1.93566 1
gene 1 2 4 -6.45888 0 2 -6.45888 1
gene 2 3 4 5.81312 0 3 5.81312 0
gene 1 2 18 2.81604 0 42 2.81604 1
gene 1 18 4 -4.595 0 43 -4.595 1
gene 2 3 18 -2.70878 0 72 -2.70878 1
gene 2 3 64 1 0 186 0 1
gene 2 64 4 5.81312 0 187 0 1
genomeend 68

/* Organism #69 Fitness: 9 Error: 1 */
genomestart 69
trait 1 0.153287 0 0 0 0.0276402 0 0 0.0430483 
trait 2 0.2 0 0 0 0 0 0 0 
trait 3 0.162877 0.831538 1 0 0.668966 1 0.898343 0.149541 
node 1 2 1 3
node 2 1 1 1
node 3 1 1 1
node 4 2 0 2
node 18 1 0 0
gene 2 1 4 -1.93566 0 1 -1.93566 1
gene 1 2 4 -6.45888 0 2 -6.45888 1
gene 2 3 4 5.81312 0 3 5.81312 1
gene 1 2 18 2.81604 0 42 2.81604 1
gene 1 18 4 -4.595 0 43 -4.595 1
gene 2 3 18 -2.70878 0 72 -2.70878 1
genomeend 69

/* Organism #70 Fitness: 8.99913 Error: 1.00015 */
genomestart 70
trait 1 0.153287 0 0 0 0.0276402 0 0 0.0430483 
trait 2 0.2 0 0 0 0 0 0 0 
trait 3 1 0.831538 0.464133 0 0 0.421522 0.898343 0.0791345 
node 1 2 1 3
node 2 1 1 1
node 3 1 1 1
node 4 2 0 2
node 18 1 0 0
gene 2 1 4 -1.2905 0 1 -1.2905 1
gene 1 2 4 -6.73759 0 2 -6.73759 1
gene 2 3 4 6.22939 0 3 6.22939 1
gene 1 2 18 1.94611 0 42 1.94611 1
gene 1 18 4 -2.52515 0 43 -2.52515 1
gene 2 3 18 -4.17237 0 72 -4.17237 1
genomeend 70

/* Organism #71 Fitness: 6.12285 Error: 1.52556 */
genomestart 71
trait 1 0.153287 0 0 0 0.0276402 0 0 0.0430483 
trait 2 0.2 0 0 0 0 0 0 0 
trait 3 0.429364 0 0.127026 0 0 0 0 0 
node 1 2 1 3
node 2 1 1 1
node 3 1 1 1
node 4 2 0 2
node 18 1 0 0
gene 2 1 4 0.696863 0 1 0.696863 1
gene 1 2 4 -0.804163 0 2 -0.804163 1
gene 2 3 4 3.97858 0 3 3.97858 1
gene 1 2 18 6.80489 0 42 6.80489 1
gene 1 18 4 -3.8524 0 43 -3.8524 1
gene 2 3 18 -0.58034 0 72 -0.58034 1
genomeend 71

/* Organism #72 Fitness: 6.48253 Error: 1.45392 */
genomestart 72
trait 1 0.153287 0 0 0 0.0276402 0 0 0.0430483 
trait 2 0.2 0 0 0 0 0 0 0 
trait 3 1 0.831538 0.464133 0 0 0.421522 0.898343 0.0791345 
node 1 2 1 3
node 2 1 1 1
node 3 1 1 1
node 4 2 0 2
node 18 1 0 0
gene 2 1 4 -3.50935 0 1 -3.50935 1
gene 1 2 4 -6.45888 0 2 -6.45888 1
gene 2 3 4 3.54689 0 3 3.54689 1
gene 1 2 18 2.45005 0 42 2.45005 1
gene 1 18 4 1.8981 0 43 1.8981 1
gene 2 3 18 -3.98956 0 72 -3.98956 1
genomeend 72

/* Species #8 : (Size 13) (AF 7.65438) (Age 16)  */


/* Organism #73 Fitness: 9 Error: 1 */
genomestart 73
trait 1 0.1 0 0 0 0 0 0 0 
trait 2 0.2 0 0 0 0 0 0.0918683 0 
trait 3 0.3 0 0 0 0 0 0 0 
node 1 3 1 3
node 2 2 1 1
node 3 3 1 1
node 4 3 0 2
node 10 1 0 0
gene 1 1 4 -2.83391 0 1 -2.83391 1
gene 3 2 4 7.37479 0 2 7.37479 1
gene 2 3 4 -8 0 3 -8 1
gene 2 3 10 1.41084 0 14 1.41084 1
gene 2 10 4 -7.50739 0 15 -7.50739 1
gene 3 1 10 2.48685 0 24 2.48685 1
gene 1 2 10 -2.91999 0 44 -2.91999 1
genomeend 73

/* Organism #74 Fitness: 7.94923 Error: 1.18056 */
genomestart 74
trait 1 0.1 0 0 0 0 0 0 0 
trait 2 0.2 0 0 0 0 0 0.0918683 0 
trait 3 0.3 0 0 0 0 0 0 0 
node 1 3 1 3
node 2 2 1 1
node 3 3 1 1
node 4 3 0 2
node 10 1 0 0
gene 1 1 4 -4.43951 0 1 -4.43951 1
gene 3 2 4 4.74667 0 2 4.74667 1
gene 2 3 4 -7.08002 0 3 -7.08002 1
gene 2 3 10 3.53671 0 14 3.53671 1
gene 2 10 4 -8 0 15 -8 1
gene 3 1 10 0.221648 0 24 0.221648 1
gene 1 2 10 -5.36252 0 44 -5.36252 1
genomeend 74

/* Organism #75 Fitness: 8.99992 Error: 1.00001 */
genomestart 75
trait 1 0.1 0 0 0 0 0 0 0 
trait 2 0.2 0 0 0 0 0 0.0918683 0 
trait 3 0.3 0 0 0 0 0 0 0 
node 1 3 1 3
node 2 2 1 1
node 3 3 1 1
node 4 3 0 2
node 10 1 0 0
gene 1 1 4 -3.46826 0 1 -3.46826 1
gene 3 2 4 5.82131 0 2 5.82131 1
gene 2 3 4 -5.56378 0 3 -5.56378 1
gene 2 3 10 -1.35991 0 14 -1.35991 1
gene 2 10 4 -8 0 15 -8 1
gene 3 1 10 3.38977 0 24 3.38977 1
gene 1 2 10 -4.38723 0 44 -4.38723 1
genomeend 75

/* Organism #76 Fitness: 4 Error: 2 */
genomestart 76
trait 1 0.1 0 0 0 0 0 0 0 
trait 2 0.2 0 0 0 0 0 0.0918683 0 
trait 3 0.3 0 0 0 0 0 0 0 
node 1 3 1 3
node 2 2 1 1
node 3 3 1 1
node 4 3 0 2
node 10 1 0 0
gene 1 1 4 -2.86682 0 1 -2.86682 1
gene 3 2 4 -1.76962 0 2 -1.76962 1
gene 2 3 4 -8 0 3 -8 1
gene 2 3 10 1.76812 0 14 1.76812 1
gene 2 10 4 -6.9489 0 15 -6.9489 1
gene 3 1 10 4.67771 0 24 4.67771 1
gene 1 2 10 -3.0862 0 44 -3.0862 1
genomeend 76

/* Organism #77 Fitness: 8.99999 Error: 1 */
genomestart 77
trait 1 0.1 0 0 0 0 0 0 0 
trait 2 0.2 0 0 0 0 0 0.0918683 0 
trait 3 0.3 0 0 0 0 0 0 0 
node 1 3 1 3
node 2 2 1 1
node 3 3 1 1
node 4 3 0 2
node 10 1 0 0
gene 1 1 4 -4.12975 0 1 -4.12975 1
gene 3 2 4 6.96903 0 2 6.96903 1
gene 2 3 4 -8 0 3 -8 1
gene 2 3 10 0.61578 0 14 0.61578 1
gene 2 10 4 -7.95621 0 15 -7.95621 1
gene 3 1 10 -1.11415 0 24 -1.11415 1
gene 1 2 10 -6.56487 0 44 -6.56487 1
genomeend 77

/* Organism #78 Fitness: 9 Error: 1 */
genomestart 78
trait 1 0.1 0 0 0 0 0 0 0 
trait 2 0.2 0 0 0 0 0 0.0918683 0 
trait 3 0.3 0 0 0 0 0 0 0 
node 1 3 1 3
node 2 2 1 1
node 3 3 1 1
node 4 3 0 2
node 10 1 0 0
gene 1 1 4 -2.47763 0 1 -2.47763 1
gene 3 2 4 6.96331 0 2 6.96331 1
gene 2 3 4 -8 0 3 -8 1
gene 2 3 10 1.09637 0 14 1.09637 1
gene 2 10 4 -7.50739 0 15 -7.50739 1
gene 3 1 10 2.48685 0 24 2.48685 1
gene 1 2 10 -4.49381 0 44 -4.49381 1
genomeend 78

/* Organism #79 Fitness: 9 Error: 1 */
genomestart 79
trait 1 0.1 0 0 0 0 0 0 0 
trait 2 0.2 0 0 0 0 0 0.0918683 0 
trait 3 0.3 0 0 0 0 0 0 0 
node 1 3 1 3
node 2 2 1 1
node 3 3 1 1
node 4 3 0 2
node 10 1 0 0
gene 1 1 4 -2.47763 0 1 -2.47763 1
gene 3 2 4 6.96331 0 2 6.96331 1
gene 2 3 4 -8 0 3 -8 1
gene 2 3 10 1.09637 0 14 1.09637 1
gene 2 10 4 -8 0 15 -8 1
gene 3 1 10 2.53762 0 24 2.53762 1
gene 1 2 10 -4.49381 0 44 -4.49381 1
genomeend 79

/* Organism #80 Fitness: 9 Error: 1 */
genomestart 80
trait 1 0.1 0 0 0 0 0 0 0 
trait 2 0.2 0 0 0 0 0 0.0918683 0 
trait 3 0.3 0 0 0 0 0 0 0 
node 1 3 1 3
node 2 2 1 1
node 3 3 1 1
node 4 3 0 2
node 10 1 0 0
gene 1 1 4 -3.46925 0 1 -3.46925 1
gene 3 2 4 6.97102 0 2 6.97102 1
gene 2 3 4 -8 0 3 -8 1
gene 2 3 10 1.02359 0 14 1.02359 1
gene 2 10 4 -7.43716 0 15 -7.43716 1
gene 3 1 10 4.37373 0 24 4.37373 1
gene 1 2 10 -5.13569 0 44 -5.13569 1
genomeend 80

/* Organism #81 Fitness: 8.50298 Error: 1.08401 */
genomestart 81
trait 1 0.1 0 0 0 0 0 0 0 
trait 2 0.2 0 0 0 0 0 0.0918683 0 
trait 3 0.3 0 0 0 0 0 0 0 
node 1 3 1 3
node 2 2 1 1
node 3 3 1 1
node 4 3 0 2
node 10 1 0 0
node 64 1 0 0
gene 1 1 4 -2.47763 0 1 -2.47763 1
gene 3 2 4 6.96331 0 2 6.96331 1
gene 2 3 4 -8 0 3 -8 0
gene 2 3 10 1.09637 0 14 1.09637 1
gene 2 10 4 -8 0 15 -8 1
gene 3 1 10 2.53762 0 24 2.53762 1
gene 1 2 10 -4.49381 0 44 -4.49381 1
gene 2 3 64 1 0 186 0 1
gene 2 64 4 -8 0 187 0 1
genomeend 81

/* Organism #82 Fitness: 4.08743 Error: 1.97826 */
genomestart 82
trait 1 0.1 0 0 0 0 0 0 0 
trait 2 0.2 0 0 0 0 0 0.0918683 0 
trait 3 0.92154 0.346385 0.0475478 0 0 0 0 0 
node 1 3 1 3
node 2 2 1 1
node 3 3 1 1
node 4 3 0 2
node 10 1 0 0
gene 1 1 4 -2.34815 0 1 -2.34815 1
gene 3 2 4 5.61387 0 2 5.61387 1
gene 2 3 4 -2.49268 0 3 -2.49268 1
gene 2 3 10 -2.1539 0 14 -2.1539 1
gene 2 10 4 -5.40823 0 15 -5.40823 1
gene 3 1 10 1.19557 0 24 1.19557 1
gene 1 2 10 -1.73653 0 44 -1.73653 1
genomeend 82

/* Organism #83 Fitness: 8.41375 Error: 1.09935 */
genomestart 83
trait 1 0.1 0 0 0 0 0 0 0 
trait 2 0.2 0 0 0 0 0 0.0918683 0 
trait 3 0.3 0 0 0 0 0 0 0 
node 1 3 1 3
node 2 2 1 1
node 3 3 1 1
node 4 3 0 2
node 10 1 0 0
gene 1 1 4 -0.648366 0 1 -0.648366 1
gene 3 2 4 8 0 2 8 1
gene 2 3 4 -7.80071 0 3 -7.80071 1
gene 2 3 10 -2.03635 0 14 -2.03635 1
gene 2 10 4 -7.7663 0 15 -7.7663 1
gene 3 1 10 2.44309 0 24 2.44309 1
gene 1 2 10 -2.1989 0 44 -2.1989 1
genomeend 83

/* Organism #84 Fitness: 4.00002 Error: 1.99999 */
genomestart 84
trait 1 0.1 0 0 0 0 0 0 0 
trait 2 0.2 0 0 0 0 0 0.0918683 0 
trait 3 0.3 0 0 0 0 0 0 0 
node 1 3 1 3
node 2 2 1 1
node 3 3 1 1
node 4 3 0 2
node 10 1 0 0
gene 1 1 4 -1.92441 0 1 -1.92441 1
gene 3 2 4 6.83895 0 2 6.83895 1
gene 2 3 4 -2.47337 0 3 -2.47337 1
gene 2 3 10 -0.755036 0 14 -0.755036 1
gene 2 10 4 -8 0 15 -8 1
gene 3 1 10 1.95266 0 24 1.95266 1
gene 1 2 10 -6.21902 0 44 -6.21902 1
genomeend 84

/* Organism #85 Fitness: 8.55366 Error: 1.07534 */
genomestart 85
trait 1 0.1 0 0 0 0 0 0 0 
trait 2 0.2 0 0 0 0 0 0.0918683 0 
trait 3 0.3 0 0 0 0 0 0 0 
node 1 3 1 3
node 2 2 1 1
node 3 3 1 1
node 4 3 0 2
node 10 1 0 0
gene 1 1 4 -3.0867 0 1 -3.0867 1
gene 3 2 4 8 0 2 8 1
gene 2 3 4 -8 0 3 -8 1
gene 2 3 10 -3.59211 0 14 -3.59211 0
gene 2 10 4 -4.40416 0 15 -4.40416 1
gene 3 1 10 1.68889 0 24 1.68889 1
gene 1 2 10 0.57062 0 44 0.57062 1
genomeend 85

/* Species #9 : (Size 8) (AF 6.49948) (Age 16)  */


/* Organism #86 Fitness: 9 Error: 1 */
genomestart 86
trait 1 0.1 0 0 0 0 0 0 0 
trait 2 0.2 0 0 0 0 0 0 0 
trait 3 0.3875 0.18244 0 0.109905 0 0 0 0 
node 1 2 1 3
node 2 1 1 1
node 3 1 1 1
node 4 2 0 2
node 12 1 0 0
node 61 1 0 0
gene 3 1 4 -2.86262 0 1 -2.86262 1
gene 1 2 4 -0.446181 0 2 -0.446181 0
gene 2 3 4 3.60464 0 3 3.60464 0
gene 1 3 12 1.50723 0 20 1.50723 1
gene 2 12 4 7.8059 0 21 7.8059 1
gene 1 1 12 -1.04412 0 27 -1.04412 1
gene 1 2 12 -2.37686 0 56 -2.37686 1
gene 1 2 61 1 0 175 0 1
gene 1 61 4 -0.446181 0 176 0 1
genomeend 86

/* Organism #87 Fitness: 8.99467 Error: 1.00089 */
genomestart 87
trait 1 0.1 0 0 0 0 0 0 0 
trait 2 0.2 0 0 0 0 0 0 0 
trait 3 0.3875 0.18244 0 0.109905 0 0 0 0 
node 1 2 1 3
node 2 1 1 1
node 3 1 1 1
node 4 2 0 2
node 12 1 0 0
node 61 1 0 0
gene 3 1 4 -2.86262 0 1 -2.86262 1
gene 1 2 4 1.85911 0 2 1.85911 0
gene 2 3 4 4.5205 0 3 4.5205 0
gene 1 3 12 0.733894 0 20 0.733894 1
gene 2 12 4 8 0 21 8 1
gene 1 1 12 -0.633801 0 27 -0.633801 1
gene 1 2 12 -2.6017 0 56 -2.6017 1
gene 1 2 61 -0.658742 0 175 -0.658742 1
gene 1 61 4 -1.35388 0 176 -1.35388 1
genomeend 87

/* Organism #88 Fitness: 9 Error: 1 */
genomestart 88
trait 1 0.1 0 0 0 0 0 0 0 
trait 2 0.2 0 0 0 0 0 0 0 
trait 3 0.3875 0.18244 0 0.109905 0 0 0 0 
node 1 2 1 3
node 2 1 1 1
node 3 1 1 1
node 4 2 0 2
node 12 1 0 0
node 61 1 0 0
gene 3 1 4 -2.86262 0 1 -2.86262 1
gene 1 2 4 -0.446181 0 2 -0.446181 0
gene 2 3 4 3.60464 0 3 3.60464 0
gene 1 3 12 1.50723 0 20 1.50723 1
gene 2 12 4 7.8059 0 21 7.8059 1
gene 1 1 12 -1.04412 0 27 -1.04412 1
gene 1 2 12 -2.37686 0 56 -2.37686 1
gene 1 2 61 1 0 175 0 1
gene 1 61 4 -0.446181 0 176 0 1
genomeend 88

/* Organism #89 Fitness: 3.99952 Error: 2.00012 */
genomestart 89
trait 1 0.1 0 0 0 0 0 0 0 
trait 2 0.2 0 0 0 0 0 0 0 
trait 3 0.3875 0.18244 0 0.109905 0 0 0 0 
node 1 2 1 3
node 2 1 1 1
node 3 1 1 1
node 4 2 0 2
node 12 1 0 0
node 61 1 0 0
gene 3 1 4 -1.55459 0 1 -1.55459 1
gene 1 2 4 -2.91452 0 2 -2.91452 0
gene 2 3 4 -0.0963622 0 3 -0.0963622 1
gene 1 3 12 2.73606 0 20 2.73606 1
gene 2 12 4 7.8059 0 21 7.8059 1
gene 1 1 12 -1.04412 0 27 -1.04412 1
gene 1 2 12 -1.264 0 56 -1.264 1
gene 1 2 61 0.0828425 0 175 0.0828425 1
gene 1 61 4 0.0510422 0 176 0.0510422 1
genomeend 89

/* Organism #90 Fitness: 4.00164 Error: 1.99959 */
genomestart 90
trait 1 0.1 0 0 0 0 0 0 0 
trait 2 0.2 0 0 0 0 0 0 0 
trait 3 0.3875 0.18244 0 0.109905 0 0 0 0 
node 1 3 1 3
node 2 1 1 1
node 3 1 1 1
node 4 2 0 2
node 12 1 0 0
node 61 1 0 0
gene 3 1 4 -1.9756 0 1 -1.9756 1
gene 1 2 4 -0.706046 0 2 -0.706046 0
gene 2 3 4 -1.90298 0 3 -1.90298 0
gene 1 3 12 0.43321 0 20 0.43321 1
gene 2 12 4 8 0 21 8 1
gene 1 1 12 0.0855205 0 27 0.0855205 1
gene 1 2 12 -3.07726 0 56 -3.07726 1
gene 1 2 61 -0.673315 0 175 -0.673315 1
gene 1 61 4 -2.54173 0 176 -2.54173 1
genomeend 90

/* Organism #91 Fitness: 4 Error: 2 */
genomestart 91
trait 1 0.1 0 0 0 0 0 0 0 
trait 2 0.2 0 0 0 0 0 0 0 
trait 3 0.3875 0.18244 0 0.109905 0 0 0 0 
node 1 2 1 3
node 2 1 1 1
node 3 1 1 1
node 4 2 0 2
node 12 1 0 0
node 61 1 0 0
gene 3 1 4 -4.91781 0 1 -4.91781 1
gene 1 2 4 -0.509507 0 2 -0.509507 1
gene 2 3 4 5.74818 0 3 5.74818 0
gene 1 3 12 2.99318 0 20 2.99318 1
gene 2 12 4 -2.31765 0 21 -2.31765 1
gene 1 1 12 -1.04412 0 27 -1.04412 1
gene 1 2 12 -1.41804 0 56 -1.41804 1
gene 1 2 61 -1.11989 0 175 -1.11989 1
gene 1 61 4 0.184942 0 176 0.184942 1
genomeend 91

/* Organism #92 Fitness: 4 Error: 2 */
genomestart 92
trait 1 0.1 0 0 0 0 0 0 0 
trait 2 0.2 0 0 0 0 0 0 0 
trait 3 0.3875 0.18244 0 0.109905 0 0 0 0 
node 1 2 1 3
node 2 1 1 1
node 3 1 1 1
node 4 2 0 2
node 12 1 0 0
node 61 1 0 0
gene 3 1 4 -2.33076 0 1 -2.33076 1
gene 1 2 4 1.88643 0 2 1.88643 0
gene 2 3 4 4.86139 0 3 4.86139 0
gene 1 3 12 1.04892 0 20 1.04892 1
gene 2 12 4 8 0 21 8 1
gene 1 1 12 -2.47658 0 27 -2.47658 1
gene 1 2 12 -0.340739 0 56 -0.340739 1
gene 1 2 61 -0.607868 0 175 -0.607868 1
gene 1 61 4 0.495315 0 176 0.495315 1
genomeend 92

/* Organism #93 Fitness: 9 Error: 1 */
genomestart 93
trait 1 0.1 0 0 0 0 0 0 0 
trait 2 0.2 0 0 0 0 0 0 0 
trait 3 0.3875 0.18244 0 0.109905 0 0 0 0 
node 1 2 1 3
node 2 1 1 1
node 3 1 1 1
node 4 2 0 2
node 12 1 0 0
node 61 1 0 0
gene 3 1 4 -2.86262 0 1 -2.86262 1
gene 1 2 4 -0.446181 0 2 -0.446181 0
gene 2 3 4 3.60464 0 3 3.60464 0
gene 1 3 12 1.50723 0 20 1.50723 1
gene 2 12 4 7.8059 0 21 7.8059 1
gene 1 1 12 -1.04412 0 27 -1.04412 1
gene 1 2 12 -2.37686 0 56 -2.37686 1
gene 1 2 61 1 0 175 0 1
gene 1 61 4 -0.446181 0 176 0 1
genomeend 93

/* Species #10 : (Size 10) (AF 6.18598) (Age 14)  */


/* Organism #94 Fitness: 8.99935 Error: 1.00011 */
genomestart 94
trait 1 0.109991 0 0 0.0317755 0.0607854 0 0.238445 0.00807155 
trait 2 0.2 0 0.0946875 0.403958 0 0.392758 0 0 
trait 3 0.419959 0.0774529 0.0385377 0.0274762 0.00600714 0 0 0 
node 1 3 1 3
node 2 1 1 1
node 3 3 1 1
node 4 1 0 2
node 25 1 0 0
gene 3 1 4 -2.81091 0 1 -2.81091 1
gene 3 2 4 -6.0757 0 2 -6.0757 0
gene 2 3 4 0.763497 0 3 0.763497 1
gene 3 2 25 3.93117 0 66 3.93117 1
gene 3 25 4 4.72728 0 67 4.72728 1
gene 1 1 25 -0.359943 0 94 -0.359943 1
gene 3 3 25 3.18209 0 114 3.18209 1
genomeend 94

/* Organism #95 Fitness: 4 Error: 2 */
genomestart 95
trait 1 0.109991 0 0 0.0317755 0.0607854 0 0.238445 0.00807155 
trait 2 0.2 0 0.0946875 0.403958 0 0.392758 0 0 
trait 3 0.419959 0.0774529 0.0385377 0.0274762 0.00600714 0 0 0 
node 1 3 1 3
node 2 1 1 1
node 3 3 1 1
node 4 1 0 2
node 25 1 0 0
gene 3 1 4 -4.26496 0 1 -4.26496 1
gene 3 2 4 -4.2468 0 2 -4.2468 0
gene 2 3 4 0.670949 0 3 0.670949 1
gene 3 2 25 5.11256 0 66 5.11256 1
gene 3 25 4 6.7486 0 67 6.7486 1
gene 1 1 25 1.12219 0 94 1.12219 1
gene 3 3 25 4.65468 0 114 4.65468 1
genomeend 95

/* Organism #96 Fitness: 4.20313 Error: 1.94985 */
genomestart 96
trait 1 0.109991 0 0 0.0317755 0.0607854 0 0.238445 0.00807155 
trait 2 0.2 0 0.0946875 0.403958 0 0.392758 0 0 
trait 3 0.419959 0.0774529 0.0385377 0.0274762 0.00600714 0 0 0 
node 1 3 1 3
node 2 1 1 1
node 3 3 1 1
node 4 1 0 2
node 25 1 0 0
gene 3 1 4 -0.774407 0 1 -0.774407 1
gene 3 2 4 -8 0 2 -8 0
gene 2 3 4 -0.592288 0 3 -0.592288 1
gene 3 2 25 4.33241 0 66 4.33241 1
gene 3 25 4 4.38524 0 67 4.38524 1
gene 1 1 25 -2.13347 0 94 -2.13347 1
gene 3 3 25 1.84309 0 114 1.84309 1
genomeend 96

/* Organism #97 Fitness: 8.96219 Error: 1.00631 */
genomestart 97
trait 1 0.109991 0 0 0.0317755 0.0607854 0 0.238445 0.00807155 
trait 2 0.2 0 0.0946875 0.403958 0 0.392758 0 0 
trait 3 0.419959 0.0774529 0.0385377 0.0274762 0.00600714 0 0 0 
node 1 3 1 3
node 2 1 1 1
node 3 3 1 1
node 4 1 0 2
node 25 1 0 0
gene 3 1 4 -1.02756 0 1 -1.02756 1
gene 3 2 4 -4.11756 0 2 -4.11756 0
gene 2 3 4 3.04582 0 3 3.04582 1
gene 3 2 25 3.72662 0 66 3.72662 1
gene 3 25 4 6.82177 0 67 6.82177 1
gene 1 1 25 -2.34746 0 94 -2.34746 1
gene 3 3 25 1.96707 0 114 1.96707 1
genomeend 97

/* Organism #98 Fitness: 4.00036 Error: 1.99991 */
genomestart 98
trait 1 0.109991 0 0 0.0317755 0.0607854 0 0.238445 0.00807155 
trait 2 0.2 0 0.0946875 0.403958 0 0.392758 0 0 
trait 3 0.419959 0.0774529 0.0385377 0.0274762 0.00600714 0 0 0 
node 1 3 1 3
node 2 1 1 1
node 3 3 1 1
node 4 1 0 2
node 25 1 0 0
gene 3 1 4 1.88612 0 1 1.88612 1
gene 3 2 4 -6.84896 0 2 -6.84896 0
gene 2 3 4 1.37951 0 3 1.37951 1
gene 3 2 25 2.19382 0 66 2.19382 1
gene 3 25 4 3.86017 0 67 3.86017 1
gene 1 1 25 -1.31731 0 94 -1.31731 1
gene 3 3 25 3.74142 0 114 3.74142 1
genomeend 98

/* Organism #99 Fitness: 8.99994 Error: 1.00001 */
genomestart 99
trait 1 0.109991 0 0 0.0317755 0.0607854 0 0.238445 0.00807155 
trait 2 0.2 0 0.0946875 0.403958 0 0.392758 0 0 
trait 3 0.419959 0.0774529 0.0385377 0.0274762 0.00600714 0 0 0 
node 1 3 1 3
node 2 1 1 1
node 3 3 1 1
node 4 1 0 2
node 25 1 0 0
gene 3 1 4 -4.45318 0 1 -4.45318 1
gene 3 2 4 -5.97804 0 2 -5.97804 0
gene 2 3 4 -0.399487 0 3 -0.399487 1
gene 3 2 25 4.91633 0 66 4.91633 1
gene 3 25 4 6.80941 0 67 6.80941 1
gene 1 1 25 -1.25004 0 94 -1.25004 1
gene 3 3 25 3.46644 0 114 3.46644 1
genomeend 99

/* Organism #100 Fitness: 5.64236 Error: 1.62463 */
genomestart 100
trait 1 0.109991 0 0 0.0317755 0.0607854 0 0.238445 0.00807155 
trait 2 0.2 0 0.0946875 0.403958 0 0.392758 0 0 
trait 3 0.419959 0.0774529 0.0385377 0.0274762 0.00600714 0 0 0 
node 1 3 1 3
node 2 1 1 1
node 3 1 1 1
node 4 1 0 2
node 25 1 0 0
gene 3 1 4 -4.40634 0 1 -4.40634 1
gene 3 2 4 -5.32754 0 2 -5.32754 0
gene 2 3 4 1.65334 0 3 1.65334 1
gene 3 2 25 1.25861 0 66 1.25861 1
gene 3 25 4 4.35396 0 67 4.35396 1
gene 1 1 25 0.410321 0 94 0.410321 1
gene 3 3 25 4.04469 0 114 4.04469 1
genomeend 100

/* Organism #101 Fitness: 8.9956 Error: 1.00073 */
genomestart 101
trait 1 0.109991 0 0 0.0317755 0.0607854 0 0.238445 0.00807155 
trait 2 0.2 0 0.0946875 0.403958 0 0.392758 0 0 
trait 3 0.419959 0.0774529 0.872487 0 0.00600714 0 0 0 
node 1 3 1 3
node 2 1 1 1
node 3 3 1 1
node 4 1 0 2
node 25 1 0 0
gene 3 1 4 -1.49083 0 1 -1.49083 1
gene 3 2 4 -6.34434 0 2 -6.34434 0
gene 2 3 4 2.93771 0 3 2.93771 1
gene 3 2 25 4.59365 0 66 4.59365 1
gene 3 25 4 3.39713 0 67 3.39713 1
gene 1 1 25 -1.70657 0 94 -1.70657 1
gene 3 3 25 4.1773 0 114 4.1773 1
genomeend 101

/* Organism #102 Fitness: 4.00416 Error: 1.99896 */
genomestart 102
trait 1 0.109991 0 0 0.0317755 0.0607854 0 0.238445 0.00807155 
trait 2 0.2 0 0.0946875 0.403958 0 0.392758 0 0 
trait 3 0.419959 0.0774529 0.0385377 0.0274762 0.00600714 0 0 0 
node 1 1 1 3
node 2 1 1 1
node 3 3 1 1
node 4 1 0 2
node 25 1 0 0
gene 3 1 4 -2.38937 0 1 -2.38937 1
gene 3 2 4 -3.76278 0 2 -3.76278 0
gene 2 3 4 1.18679 0 3 1.18679 1
gene 3 2 25 2.67825 0 66 2.67825 1
gene 3 25 4 2.13122 0 67 2.13122 1
gene 1 1 25 1.51334 0 94 1.51334 1
gene 3 3 25 5.53446 0 114 5.53446 1
genomeend 102

/* Organism #103 Fitness: 4.05269 Error: 1.98687 */
genomestart 103
trait 1 0.109991 0 0 0.0317755 0.0607854 0 0.238445 0.00807155 
trait 2 0.2 0 0.0946875 0.403958 0 0.392758 0 0 
trait 3 0.419959 0.0774529 0.0385377 0.0274762 0.00600714 0 0 0 
node 1 3 1 3
node 2 1 1 1
node 3 3 1 1
node 4 1 0 2
node 25 1 0 0
gene 3 1 4 -2.0925 0 1 -2.0925 1
gene 3 2 4 -6.62267 0 2 -6.62267 1
gene 2 3 4 1.16817 0 3 1.16817 1
gene 3 2 25 5.62152 0 66 5.62152 1
gene 3 25 4 4.67345 0 67 4.67345 1
gene 1 1 25 -2.03276 0 94 -2.03276 1
gene 3 3 25 1.10363 0 114 1.10363 1
genomeend 103

/* Species #11 : (Size 13) (AF 6.63276) (Age 14)  */


/* Organism #104 Fitness: 8.99934 Error: 1.00011 */
genomestart 104
trait 1 0.861457 0.165708 0 0.794914 0.0316224 0.689327 0.105976 0.2466 
trait 2 0.2 0 0 0 0 0 0 0 
trait 3 0.419841 0.0355421 0.0376446 0.0137381 0.00240286 0 0 0 
node 1 3 1 3
node 2 1 1 1
node 3 1 1 1
node 4 1 0 2
node 26 2 0 0
gene 3 1 4 -5.94527 0 1 -5.94527 1
gene 3 2 4 -2.36599 0 2 -2.36599 1
gene 3 3 4 3.1039 0 3 3.1039 0
gene 2 3 26 1.77595 0 68 1.77595 1
gene 2 26 4 8 0 69 8 1
gene 1 2 26 5.08072 0 121 5.08072 1
genomeend 104

/* Organism #105 Fitness: 5.53655 Error: 1.64701 */
genomestart 105
trait 1 0.833748 0.331416 0 0.765996 0.0316224 0.663797 0.105976 0.491855 
trait 2 0.2 0 0 0 0 0 0 0 
trait 3 0.419841 0.0355421 0.0376446 0.0137381 0.00240286 0 0 0 
node 1 2 1 3
node 2 1 1 1
node 3 1 1 1
node 4 1 0 2
node 26 2 0 0
gene 3 1 4 -3.87695 0 1 -3.87695 1
gene 3 2 4 -7.68268 0 2 -7.68268 1
gene 3 3 4 3.147 0 3 3.147 0
gene 1 3 26 3.67695 0 68 3.67695 1
gene 2 26 4 8 0 69 8 1
gene 1 2 26 1.23409 0 121 1.23409 1
genomeend 105

/* Organism #106 Fitness: 5.29561 Error: 1.69878 */
genomestart 106
trait 1 0.623231 0.331416 0 1 0 0.663797 0.105976 0.0503745 
trait 2 0.2 0 0 0 0 0 0 0 
trait 3 0.419841 0.0355421 0.0376446 0.0137381 0.00240286 0 0 0 
node 1 2 1 3
node 2 1 1 1
node 3 1 1 1
node 4 1 0 2
node 26 2 0 0
gene 3 1 4 -3.82911 0 1 -3.82911 1
gene 3 2 4 -7.8268 0 2 -7.8268 1
gene 3 3 4 3.72075 0 3 3.72075 0
gene 1 3 26 4.02898 0 68 4.02898 1
gene 2 26 4 8 0 69 8 1
gene 1 2 26 1.44559 0 121 1.44559 1
genomeend 106

/* Organism #107 Fitness: 4 Error: 2 */
genomestart 107
trait 1 0.861457 0.165708 0 0 0.000127319 0.689327 0.105976 1 
trait 2 0.2 0 0 0 0 0 0 0 
trait 3 0.419841 0.0355421 0.0376446 0.0137381 0.00240286 0 0 0 
node 1 3 1 3
node 2 1 1 1
node 3 1 1 1
node 4 1 0 2
node 26 2 0 0
gene 3 1 4 -7.19057 0 1 -7.19057 1
gene 2 2 4 -2.46823 0 2 -2.46823 1
gene 3 3 4 4.98185 0 3 4.98185 0
gene 2 3 26 -1.05411 0 68 -1.05411 1
gene 2 26 4 6.19926 0 69 6.19926 1
gene 1 2 26 5.08072 0 121 5.08072 1
genomeend 107

/* Organism #108 Fitness: 8.99462 Error: 1.0009 */
genomestart 108
trait 1 0.0302239 1 0 1 0.0840532 0.689327 0.105976 0.444177 
trait 2 0.2 0 0 0 0 0 0 0 
trait 3 0.419841 0.0355421 0.0376446 0.0137381 0.00240286 0 0 0 
node 1 3 1 3
node 2 1 1 1
node 3 1 1 1
node 4 1 0 2
node 26 2 0 0
gene 3 1 4 -5.42767 0 1 -5.42767 1
gene 3 2 4 -0.476588 0 2 -0.476588 1
gene 3 3 4 1.11081 0 3 1.11081 0
gene 2 3 26 0.678735 0 68 0.678735 1
gene 2 26 4 8 0 69 8 1
gene 1 2 26 6.44772 0 121 6.44772 1
genomeend 108

/* Organism #109 Fitness: 8.99889 Error: 1.00018 */
genomestart 109
trait 1 0.833748 0.331416 0 0.765996 0.0316224 0.663797 0.105976 0.491855 
trait 2 0.2 0 0 0 0 0 0 0 
trait 3 0.419841 0.0355421 0.0376446 0.0137381 0.00240286 0 0 0 
node 1 2 1 3
node 2 1 1 1
node 3 1 1 1
node 4 1 0 2
node 26 2 0 0
gene 3 1 4 -6.23466 0 1 -6.23466 1
gene 3 2 4 -5.57385 0 2 -5.57385 1
gene 3 3 4 3.61638 0 3 3.61638 0
gene 1 3 26 2.63299 0 68 2.63299 1
gene 2 26 4 8 0 69 8 1
gene 1 2 26 1.59337 0 121 1.59337 1
genomeend 109

/* Organism #110 Fitness: 8.99266 Error: 1.00122 */
genomestart 110
trait 1 0.847602 0.248562 0 0.780455 0.0316224 0.676562 0.105976 0.369228 
trait 2 0.2 0 0 0 0 0 0 0 
trait 3 0.419841 0.0355421 0.0376446 0.0137381 0.00240286 0 0 0 
node 1 2 1 3
node 2 1 1 1
node 3 1 1 1
node 4 1 0 2
node 26 2 0 0
gene 3 1 4 -6.08996 0 1 -6.08996 1
gene 3 2 4 -3.96992 0 2 -3.96992 1
gene 3 3 4 3.36014 0 3 3.36014 0
gene 1 3 26 2.20447 0 68 2.20447 1
gene 2 26 4 8 0 69 8 1
gene 1 2 26 3.33705 0 121 3.33705 1
gene 2 1 26 0.0733055 0 192 0.0733055 1
genomeend 110

/* Organism #111 Fitness: 4.571 Error: 1.86201 */
genomestart 111
trait 1 0.861457 0.165708 0 0.794914 0.0316224 0.689327 0.105976 0.2466 
trait 2 0.2 0 0 0 0 0 0 0 
trait 3 0.419841 0.0355421 0.0376446 0.0137381 0.00240286 0 0 0 
node 1 3 1 3
node 2 1 1 1
node 3 1 1 1
node 4 1 0 2
node 26 2 0 0
gene 3 1 4 -7.31608 0 1 -7.31608 1
gene 3 2 4 -0.225497 0 2 -0.225497 1
gene 3 3 4 0.719104 0 3 0.719104 0
gene 2 3 26 0.382477 0 68 0.382477 1
gene 2 26 4 8 0 69 8 1
gene 1 2 26 5.11116 0 121 5.11116 1
genomeend 111

/* Organism #112 Fitness: 4.16717 Error: 1.95864 */
genomestart 112
trait 1 0.847602 0.248562 0 0.780455 0.0316224 0.676562 0.105976 0.369228 
trait 2 0.2 0 0 0 0 0 0 0 
trait 3 0.419841 0.0355421 0.0376446 0.0137381 0.00240286 0 0 0 
node 1 1 1 3
node 2 1 1 1
node 3 1 1 1
node 4 1 0 2
node 26 2 0 0
gene 3 1 4 -8 0 1 -8 1
gene 3 2 4 -7.88585 0 2 -7.88585 1
gene 3 3 4 1.91459 0 3 1.91459 0
gene 2 3 26 1.91184 0 68 1.91184 1
gene 2 26 4 7.36232 0 69 7.36232 1
gene 1 2 26 3.20429 0 121 3.20429 1
genomeend 112

/* Organism #113 Fitness: 4 Error: 2 */
genomestart 113
trait 1 0.861457 0.165708 0 0.794914 0.0316224 0.689327 0.105976 0.2466 
trait 2 0.2 0 0 0 0 0 0 0 
trait 3 0.419841 0.0355421 0.0376446 0.0137381 0.00240286 0 0 0 
node 1 3 1 3
node 2 1 1 1
node 3 1 1 1
node 4 1 0 2
node 26 2 0 0
gene 3 1 4 -5.94527 0 1 -5.94527 1
gene 3 2 4 -4.0973 0 2 -4.0973 1
gene 3 3 4 0.841483 0 3 0.841483 1
gene 2 3 26 2.26593 0 68 2.26593 1
gene 2 26 4 -0.246818 0 69 -0.246818 1
gene 1 2 26 7.17589 0 121 7.17589 1
genomeend 113

/* Organism #114 Fitness: 4.67283 Error: 1.83833 */
genomestart 114
trait 1 0.833748 0.331416 0 0.765996 0.0316224 0.663797 0.105976 0.491855 
trait 2 0.2 0 0 0 0 0 0 0 
trait 3 0.419841 0.0355421 0.0376446 0.0137381 0.00240286 0 0 0 
node 1 2 1 3
node 2 1 1 1
node 3 1 1 1
node 4 1 0 2
node 26 2 0 0
gene 3 1 4 -2.0629 0 1 -2.0629 1
gene 3 2 4 -6.85753 0 2 -6.85753 1
gene 3 3 4 2.23145 0 3 2.23145 0
gene 1 3 26 1.01757 0 68 1.01757 1
gene 2 26 4 1.74444 0 69 1.74444 1
gene 1 2 26 -0.259255 0 121 -0.259255 1
genomeend 114

/* Organism #115 Fitness: 8.99789 Error: 1.00035 */
genomestart 115
trait 1 0.861457 0.165708 0 0.794914 0.0316224 0.689327 0.105976 0.2466 
trait 2 0.2 0 0 0 0 0 0 0 
trait 3 0.419841 0.0355421 0.0376446 0.0137381 0.00240286 0 0 0 
node 1 3 1 3
node 2 1 1 1
node 3 1 1 1
node 4 1 0 2
node 26 2 0 0
gene 3 1 4 -5.38792 0 1 -5.38792 1
gene 3 2 4 -0.925974 0 2 -0.925974 1
gene 3 3 4 4.19524 0 3 4.19524 0
gene 2 3 26 1.77595 0 68 1.77595 1
gene 2 26 4 7.08208 0 69 7.08208 1
gene 1 2 26 7.18314 0 121 7.18314 1
genomeend 115

/* Organism #116 Fitness: 8.9993 Error: 1.00012 */
genomestart 116
trait 1 0.847602 0.248562 0 0.780455 0.0316224 0.676562 0.105976 0.369228 
trait 2 0.2 0 0 0 0 0 0 0 
trait 3 0.419841 0.0355421 0.0376446 0.0137381 0.00240286 0 0 0 
node 1 2 1 3
node 2 1 1 1
node 3 1 1 1
node 4 1 0 2
node 26 2 0 0
gene 3 1 4 -6.08996 0 1 -6.08996 1
gene 3 2 4 -3.96992 0 2 -3.96992 1
gene 3 3 4 3.36014 0 3 3.36014 0
gene 1 3 26 2.20447 0 68 2.20447 1
gene 2 26 4 8 0 69 8 1
gene 1 2 26 3.33705 0 121 3.33705 1
genomeend 116

/* Species #12 : (Size 13) (AF 7.03298) (Age 12)  */


/* Organism #117 Fitness: 9.26791 Error: 0.955676 */
genomestart 117
trait 1 0.1 0 0 0 0 0 0 0 
trait 2 0.2 0 0 0 0 0 0 0 
trait 3 0.3 0 0 0 0 0 0 0 
node 1 3 1 3
node 2 2 1 1
node 3 3 1 1
node 4 1 0 2
node 10 1 0 0
node 15 1 0 0
node 29 1 0 0
gene 1 1 4 -1.21155 0 1 -1.21155 1
gene 3 2 4 -0.404279 0 2 -0.404279 1
gene 2 3 4 -4.627 0 3 -4.627 1
gene 2 3 10 -4.73403 0 14 -4.73403 1
gene 3 10 4 -8 0 15 -8 1
gene 2 2 10 -2.81285 0 25 -2.81285 1
gene 3 2 15 1.73283 0 34 1.73283 1
gene 3 15 4 6.82979 0 35 6.82979 1
gene 1 3 15 1.49028 0 50 1.49028 1
gene 1 3 29 3.37587 0 76 3.37587 1
gene 1 29 15 -0.307871 0 77 -0.307871 1
gene 2 10 29 0.85992 0 104 0.85992 1
gene 3 10 15 -0.258522 0 182 -0.258522 1
genomeend 117

/* Organism #118 Fitness: 1.01418 Error: 2.99294 */
genomestart 118
trait 1 0.1 0 0 0 0 0 0 0 
trait 2 0.2 0 0 0 0 0 0 0 
trait 3 0.3 0 0 0 0 0 0 0 
node 1 3 1 3
node 2 2 1 1
node 3 3 1 1
node 4 1 0 2
node 10 1 0 0
node 15 1 0 0
node 29 1 0 0
gene 1 1 4 -2.26215 0 1 -2.26215 1
gene 3 2 4 1.63657 0 2 1.63657 1
gene 2 3 4 -6.02986 0 3 -6.02986 1
gene 2 3 10 -2.42546 0 14 -2.42546 1
gene 3 10 4 -5.97525 0 15 -5.97525 1
gene 2 2 10 -2.55062 0 25 -2.55062 1
gene 3 2 15 3.13546 0 34 3.13546 1
gene 3 15 4 7.6618 0 35 7.6618 1
gene 1 3 15 0.539628 0 50 0.539628 1
gene 1 3 29 5.57091 0 76 5.57091 1
gene 1 29 15 -1.4118 0 77 -1.4118 1
gene 2 10 29 -2.13492 0 104 -2.13492 1
gene 3 10 15 1.13742 0 182 1.13742 1
genomeend 118

/* Organism #119 Fitness: 8.99534 Error: 1.00078 */
genomestart 119
trait 1 0.1 0 0 0 0 0 0 0 
trait 2 0.2 0 0 0 0 0 0 0 
trait 3 0.3 0 0 0 0 0 0 0 
node 1 3 1 3
node 2 2 1 1
node 3 3 1 1
node 4 1 0 2
node 10 1 0 0
node 15 1 0 0
node 29 1 0 0
gene 1 1 4 -3.54775 0 1 -3.54775 1
gene 3 2 4 0.18572 0 2 0.18572 1
gene 2 3 4 -5.04991 0 3 -5.04991 1
gene 2 3 10 -6.00085 0 14 -6.00085 1
gene 3 10 4 -8 0 15 -8 1
gene 2 2 10 -3.65585 0 25 -3.65585 1
gene 3 2 15 1.53385 0 34 1.53385 1
gene 3 15 4 7.06166 0 35 7.06166 1
gene 1 3 15 0.194769 0 50 0.194769 1
gene 1 3 29 1.85574 0 76 1.85574 1
gene 1 29 15 -0.874142 0 77 -0.874142 1
gene 2 10 29 -0.788308 0 104 -0.788308 1
genomeend 119

/* Organism #120 Fitness: 4.50259 Error: 1.87807 */
genomestart 120
trait 1 0.1 0 0 0 0 0 0 0 
trait 2 0 0 0 0 0 0 0 0 
trait 3 0.3 0 0 0 0 0 0 0 
node 1 3 1 3
node 2 2 1 1
node 3 3 1 1
node 4 1 0 2
node 10 1 0 0
node 15 1 0 0
node 29 1 0 0
gene 1 1 4 -3.60749 0 1 -3.60749 1
gene 3 2 4 0.637928 0 2 0.637928 1
gene 2 3 4 -6.11051 0 3 -6.11051 1
gene 2 3 10 -2.70882 0 14 -2.70882 1
gene 3 10 4 -8 0 15 -8 1
gene 2 2 10 -2.86512 0 25 -2.86512 1
gene 3 2 15 1.35546 0 34 1.35546 1
gene 3 15 4 8 0 35 8 1
gene 1 3 15 2.48518 0 50 2.48518 1
gene 1 3 29 4.68404 0 76 4.68404 1
gene 1 29 15 1.71329 0 77 1.71329 1
gene 2 10 29 2.03793 0 104 2.03793 1
gene 3 10 15 0.745613 0 182 0.745613 1
genomeend 120

/* Organism #121 Fitness: 9.26791 Error: 0.955676 */
genomestart 121
trait 1 0.1 0 0 0 0 0 0 0 
trait 2 0.602539 0 0 0 0 0 0.531968 0 
trait 3 0.3 0 0 0 0 0 0 0 
node 1 3 1 3
node 2 2 1 1
node 3 3 1 1
node 4 1 0 2
node 10 1 0 0
node 15 1 0 0
node 29 1 0 0
gene 1 1 4 -1.21155 0 1 -1.21155 1
gene 3 2 4 -0.404279 0 2 -0.404279 1
gene 2 3 4 -4.627 0 3 -4.627 1
gene 2 3 10 -4.73403 0 14 -4.73403 1
gene 3 10 4 -8 0 15 -8 1
gene 2 2 10 -2.81285 0 25 -2.81285 1
gene 3 2 15 1.73283 0 34 1.73283 1
gene 3 15 4 6.82979 0 35 6.82979 1
gene 1 3 15 1.49028 0 50 1.49028 1
gene 1 3 29 3.37587 0 76 3.37587 1
gene 1 29 15 -0.307871 0 77 -0.307871 1
gene 2 10 29 0.85992 0 104 0.85992 1
gene 3 10 15 -0.258522 0 182 0 1
genomeend 121

/* Organism #122 Fitness: 4.00032 Error: 1.99992 */
genomestart 122
trait 1 0.1 0 0 0 0 0 0 0 
trait 2 0.2 0 0 0 0 0 0 0 
trait 3 0.3 0 0 0 0 0 0 0 
node 1 3 1 3
node 2 2 1 1
node 3 3 1 1
node 4 1 0 2
node 10 1 0 0
node 15 1 0 0
node 29 1 0 0
gene 1 1 4 0.864132 0 1 0.864132 1
gene 3 2 4 -2.76183 0 2 -2.76183 1
gene 2 3 4 -5.67463 0 3 -5.67463 1
gene 2 3 10 -4.991 0 14 -4.991 1
gene 3 10 4 -6.55533 0 15 -6.55533 1
gene 2 2 10 -2.68651 0 25 -2.68651 1
gene 3 2 15 -0.828196 0 34 -0.828196 1
gene 3 15 4 6.13313 0 35 6.13313 1
gene 1 3 15 1.49028 0 50 1.49028 1
gene 1 3 29 3.40852 0 76 3.40852 1
gene 1 29 15 -2.15828 0 77 -2.15828 1
gene 2 10 29 2.24776 0 104 2.24776 1
genomeend 122

/* Organism #123 Fitness: 3.9991 Error: 2.00022 */
genomestart 123
trait 1 0.1 0 0 0 0 0 0 0 
trait 2 0.2 0 0 0 0 0 0 0 
trait 3 0.3 0 0 0 0 0 0 0 
node 1 3 1 3
node 2 2 1 1
node 3 3 1 1
node 4 1 0 2
node 10 1 0 0
node 15 1 0 0
node 29 1 0 0
gene 1 1 4 1.03705 0 1 1.03705 1
gene 3 2 4 -0.947813 0 2 -0.947813 1
gene 2 3 4 -5.18595 0 3 -5.18595 1
gene 2 3 10 -6.70263 0 14 -6.70263 1
gene 3 10 4 -5.59468 0 15 -5.59468 1
gene 2 2 10 -4.90947 0 25 -4.90947 1
gene 3 2 15 2.3081 0 34 2.3081 1
gene 3 15 4 8 0 35 8 1
gene 1 3 15 1.70612 0 50 1.70612 1
gene 1 3 29 3.85447 0 76 3.85447 1
gene 1 29 15 -2.23595 0 77 -2.23595 1
gene 2 10 29 0.85992 0 104 0.85992 1
gene 3 10 15 1.97078 0 182 1.97078 1
genomeend 123

/* Organism #124 Fitness: 9.26791 Error: 0.955676 */
genomestart 124
trait 1 0.1 0 0 0 0 0 0 0 
trait 2 0.2 0 0 0 0 0 0 0 
trait 3 0.3 0 0 0 0 0 0 0 
node 1 3 1 3
node 2 2 1 1
node 3 3 1 1
node 4 1 0 2
node 10 1 0 0
node 15 1 0 0
node 29 1 0 0
gene 1 1 4 -1.21155 0 1 -1.21155 1
gene 3 2 4 -0.404279 0 2 -0.404279 1
gene 2 3 4 -4.627 0 3 -4.627 1
gene 2 3 10 -4.73403 0 14 -4.73403 1
gene 3 10 4 -8 0 15 -8 1
gene 2 2 10 -2.81285 0 25 -2.81285 1
gene 3 2 15 1.73283 0 34 1.73283 1
gene 3 15 4 6.82979 0 35 6.82979 1
gene 1 3 15 1.49028 0 50 1.49028 1
gene 1 3 29 3.37587 0 76 3.37587 1
gene 1 29 15 -0.307871 0 77 -0.307871 1
gene 2 10 29 0.85992 0 104 0.85992 1
gene 3 10 15 -0.258522 0 182 0 1
genomeend 124

/* Organism #125 Fitness: 4.00491 Error: 1.99877 */
genomestart 125
trait 1 0.1 0 0 0 0 0 0 0 
trait 2 0.2 0 0 0 0 0 0 0 
trait 3 0.3 0 0 0 0 0 0 0 
node 1 3 1 3
node 2 2 1 1
node 3 3 1 1
node 4 1 0 2
node 10 1 0 0
node 15 1 0 0
node 29 1 0 0
gene 1 1 4 -1.21155 0 1 -1.21155 1
gene 3 2 4 -0.884045 0 2 -0.884045 1
gene 2 3 4 -1.97035 0 3 -1.97035 1
gene 2 3 10 -6.95074 0 14 -6.95074 1
gene 3 10 4 -7.9604 0 15 -7.9604 1
gene 2 2 10 -3.18556 0 25 -3.18556 1
gene 3 2 15 0.0974151 0 34 0.0974151 1
gene 3 15 4 6.82979 0 35 6.82979 1
gene 1 3 15 0.282434 0 50 0.282434 1
gene 1 3 29 5.80102 0 76 5.80102 1
gene 1 29 15 -1.05435 0 77 -1.05435 1
gene 2 10 29 -0.161443 0 104 -0.161443 1
gene 3 10 15 -1.05983 0 182 -1.05983 1
genomeend 125

/* Organism #126 Fitness: 8.99878 Error: 1.0002 */
genomestart 126
trait 1 0.1 0 0 0 0 0 0 0 
trait 2 0.2 0 0 0 0 0 0 0 
trait 3 0.3 0 0 0 0 0 0 0 
node 1 3 1 3
node 2 2 1 1
node 3 3 1 1
node 4 1 0 2
node 10 1 0 0
node 15 1 0 0
node 29 1 0 0
gene 1 1 4 -3.6921 0 1 -3.6921 1
gene 3 2 4 -0.688864 0 2 -0.688864 1
gene 2 3 4 -5.33557 0 3 -5.33557 1
gene 2 3 10 -2.30552 0 14 -2.30552 1
gene 3 10 4 -6.26907 0 15 -6.26907 1
gene 2 2 10 -3.30596 0 25 -3.30596 1
gene 3 2 15 3.04886 0 34 3.04886 1
gene 3 15 4 8 0 35 8 1
gene 1 3 15 0.574038 0 50 0.574038 1
gene 1 3 29 4.80016 0 76 4.80016 1
gene 1 29 15 -2.26312 0 77 -2.26312 1
gene 2 10 29 0.87022 0 104 0.87022 1
genomeend 126

/* Organism #127 Fitness: 4.09705 Error: 1.97588 */
genomestart 127
trait 1 0.1 0 0 0 0 0 0 0 
trait 2 0.2 0 0 0 0 0 0 0 
trait 3 0.3 0 0 0 0 0 0 0 
node 1 3 1 3
node 2 2 1 1
node 3 3 1 1
node 4 1 0 2
node 10 1 0 0
node 15 1 0 0
node 29 1 0 0
gene 1 1 4 0.13065 0 1 0.13065 1
gene 3 2 4 -1.3048 0 2 -1.3048 1
gene 2 3 4 -6.36816 0 3 -6.36816 1
gene 2 3 10 -4.81506 0 14 -4.81506 1
gene 3 10 4 -8 0 15 -8 1
gene 2 2 10 -2.49371 0 25 -2.49371 1
gene 3 2 15 1.78684 0 34 1.78684 1
gene 3 15 4 5.48423 0 35 5.48423 1
gene 1 3 15 0.367428 0 50 0.367428 1
gene 1 3 29 2.75665 0 76 2.75665 1
gene 1 29 15 1.3583 0 77 1.3583 1
gene 2 10 29 0.85992 0 104 0.85992 1
genomeend 127

/* Organism #128 Fitness: 8.69895 Error: 1.0506 */
genomestart 128
trait 1 0.1 0 0 0 0 0 0 0 
trait 2 0.2 0 0 0 0 0 0 0 
trait 3 0.3 0 0 0 0 0 0 0 
node 1 3 1 3
node 2 2 1 1
node 3 3 1 1
node 4 1 0 2
node 10 1 0 0
node 15 1 0 0
node 29 1 0 0
gene 1 1 4 1.14669 0 1 1.14669 1
gene 3 2 4 -0.151891 0 2 -0.151891 1
gene 2 3 4 -2.67855 0 3 -2.67855 1
gene 2 3 10 -6.42079 0 14 -6.42079 1
gene 3 10 4 -8 0 15 -8 1
gene 2 2 10 -2.07858 0 25 -2.07858 1
gene 3 2 15 2.17412 0 34 2.17412 1
gene 3 15 4 6.61013 0 35 6.61013 1
gene 1 3 15 -0.468322 0 50 -0.468322 1
gene 1 3 29 1.68957 0 76 1.68957 1
gene 1 29 15 -2.0356 0 77 -2.0356 1
gene 2 10 29 1.45625 0 104 1.45625 1
gene 3 10 15 -0.258522 0 182 -0.258522 1
genomeend 128

/* Organism #129 Fitness: 15.3137 Error: 0.0867227 */
/* ##------$ WINNER 129 SPECIES #12 $------## */
genomestart 129
trait 1 0.1 0 0 0 0 0 0 0 
trait 2 0.2 0 0 0 0 0 0 0 
trait 3 0.3 0 0 0 0 0 0 0 
node 1 3 1 3
node 2 2 1 1
node 3 3 1 1
node 4 1 0 2
node 10 1 0 0
node 15 1 0 0
node 29 2 0 0
gene 1 1 4 -1.10367 0 1 -1.10367 1
gene 3 2 4 -1.84346 0 2 -1.84346 1
gene 2 3 4 -2.52924 0 3 -2.52924 1
gene 2 3 10 -5.96103 0 14 -5.96103 1
gene 3 10 4 -7.86602 0 15 -7.86602 1
gene 2 2 10 -3.2717 0 25 -3.2717 1
gene 3 2 15 -0.4008 0 34 -0.4008 1
gene 3 15 4 4.99479 0 35 4.99479 1
gene 1 3 15 2.87346 0 50 2.87346 1
gene 1 3 29 1.58588 0 76 1.58588 1
gene 1 29 15 2.10134 0 77 2.10134 1
gene 2 10 29 0.0766015 0 104 0.0766015 1
gene 3 10 15 -2.22068 0 182 -2.22068 1
genomeend 129

/* Species #13 : (Size 10) (AF 8.18476) (Age 12)  */


/* Organism #130 Fitness: 9 Error: 1 */
genomestart 130
trait 1 0.416754 0 0.847896 0 0.290527 0.428343 0 0.0430483 
trait 2 0.2 0 0.100696 0 0.375164 0 0.314707 0 
trait 3 0.429364 0 0.127026 0 0 0 0 0 
node 1 2 1 3
node 2 1 1 1
node 3 1 1 1
node 4 2 0 2
node 18 1 0 0
node 34 1 0 0
gene 2 1 4 -3.92933 0 1 -3.92933 1
gene 1 2 4 -8 0 2 -8 1
gene 2 3 4 7.77756 0 3 7.77756 1
gene 1 2 18 0.361324 0 42 0.361324 0
gene 1 18 4 -3.98274 0 43 -3.98274 0
gene 1 2 34 0.0205237 0 90 0.0205237 1
gene 1 34 18 4.66803 0 91 4.66803 1
gene 3 3 18 6.42218 0 117 6.42218 1
genomeend 130

/* Organism #131 Fitness: 8.99956 Error: 1.00007 */
genomestart 131
trait 1 0.416754 0 0.847896 0 0.290527 0.428343 0 0.0430483 
trait 2 0.2 0 0.100696 0 0.375164 0 0.314707 0 
trait 3 0.429364 0 0.127026 0 0 0 0 0 
node 1 2 1 3
node 2 1 1 1
node 3 1 1 1
node 4 2 0 2
node 18 1 0 0
node 34 1 0 0
gene 2 1 4 -2.21946 0 1 -2.21946 1
gene 1 2 4 -7.76897 0 2 -7.76897 1
gene 2 3 4 8 0 3 8 1
gene 1 2 18 -0.0344249 0 42 -0.0344249 0
gene 1 18 4 -4.3466 0 43 -4.3466 0
gene 1 2 34 -0.622425 0 90 -0.622425 1
gene 1 34 18 6.91145 0 91 6.91145 1
gene 3 3 18 4.71635 0 117 4.71635 1
genomeend 131

/* Organism #132 Fitness: 4.06586 Error: 1.9836 */
genomestart 132
trait 1 0.416754 0 0.847896 0 0.290527 0.428343 0 0.0430483 
trait 2 0.2 0 0.100696 0 0.375164 0 0.314707 0 
trait 3 0.429364 0 0.127026 0 0 0 0 0 
node 1 2 1 3
node 2 1 1 1
node 3 1 1 1
node 4 2 0 2
node 18 1 0 0
node 34 1 0 0
gene 2 1 4 -2.28462 0 1 -2.28462 1
gene 1 2 4 1.45337 0 2 1.45337 1
gene 2 3 4 7.99443 0 3 7.99443 1
gene 1 2 18 -1.02077 0 42 -1.02077 0
gene 1 18 4 -0.82522 0 43 -0.82522 0
gene 1 2 34 2.30644 0 90 2.30644 1
gene 1 34 18 4.66803 0 91 4.66803 1
gene 3 3 18 4.98552 0 117 4.98552 1
genomeend 132

/* Organism #133 Fitness: 8.99984 Error: 1.00003 */
genomestart 133
trait 1 0.416754 0 0.847896 0 0.290527 0.428343 0 0.0430483 
trait 2 0.2 0 0.100696 0 0.375164 0 0.314707 0 
trait 3 0.429364 0 0.127026 0 0 0 0 0 
node 1 2 1 3
node 2 1 1 1
node 3 1 1 1
node 4 2 0 2
node 18 1 0 0
node 34 1 0 0
gene 2 1 4 -2.28462 0 1 -2.28462 1
gene 1 2 4 -8 0 2 -8 1
gene 2 3 4 8 0 3 8 1
gene 1 2 18 0.361324 0 42 0.361324 0
gene 1 18 4 -2.43492 0 43 -2.43492 0
gene 1 2 34 2.38632 0 90 2.38632 1
gene 1 34 18 0.732215 0 91 0.732215 1
gene 3 3 18 6.42218 0 117 6.42218 1
genomeend 133

/* Organism #134 Fitness: 8.99977 Error: 1.00004 */
genomestart 134
trait 1 0.416754 0 0.847896 0 0.290527 0.428343 0 0.0430483 
trait 2 0.2 0 0.100696 0 0.375164 0 0.314707 0 
trait 3 0.429364 0 0.127026 0 0 0 0 0 
node 1 2 1 3
node 2 1 1 1
node 3 1 1 1
node 4 2 0 2
node 18 1 0 0
node 34 1 0 0
gene 2 1 4 -5.93814 0 1 -5.93814 1
gene 1 2 4 -8 0 2 -8 1
gene 2 3 4 8 0 3 8 1
gene 1 2 18 1.18204 0 42 1.18204 0
gene 1 18 4 -1.67768 0 43 -1.67768 0
gene 1 2 34 -0.107425 0 90 -0.107425 1
gene 1 34 18 -1.74398 0 91 -1.74398 1
gene 3 3 18 6.52617 0 117 6.52617 1
genomeend 134

/* Organism #135 Fitness: 8.99855 Error: 1.00024 */
genomestart 135
trait 1 0.416754 0 0.847896 0 0.290527 0.428343 0 0.0430483 
trait 2 0.2 0 0.100696 0 0.375164 0 0.314707 0 
trait 3 0.429364 0 0.127026 0 0 0 0 0 
node 1 2 1 3
node 2 1 1 1
node 3 1 1 1
node 4 2 0 2
node 18 1 0 0
node 34 1 0 0
gene 2 1 4 -5.94188 0 1 -5.94188 1
gene 1 2 4 -8 0 2 -8 1
gene 2 3 4 7.63336 0 3 7.63336 1
gene 1 2 18 -1.34962 0 42 -1.34962 0
gene 1 18 4 0.7416 0 43 0.7416 0
gene 1 2 34 2.23106 0 90 2.23106 1
gene 1 34 18 4.66803 0 91 4.66803 1
gene 3 3 18 7.58638 0 117 7.58638 1
genomeend 135

/* Organism #136 Fitness: 5.78415 Error: 1.59497 */
genomestart 136
trait 1 0.416754 0 0.847896 0 0.290527 0.428343 0 0.0430483 
trait 2 0.2 0 0.100696 0 0.375164 0 0.314707 0 
trait 3 0.96829 0.348125 0 0 0 0 0 0 
node 1 2 1 3
node 2 1 1 1
node 3 1 1 1
node 4 2 0 2
node 18 1 0 0
node 34 1 0 0
gene 2 1 4 -3.923 0 1 -3.923 1
gene 1 2 4 -8 0 2 -8 1
gene 2 3 4 8 0 3 8 1
gene 1 2 18 -0.63625 0 42 -0.63625 0
gene 1 18 4 -4.1551 0 43 -4.1551 1
gene 1 2 34 3.14829 0 90 3.14829 1
gene 1 34 18 0.594424 0 91 0.594424 1
gene 2 3 18 6.20328 0 117 6.20328 1
gene 2 1 34 1.87945 0 183 1.87945 1
genomeend 136

/* Organism #137 Fitness: 8.99999 Error: 1 */
genomestart 137
trait 1 0.416754 0 0.847896 0 0.290527 0.428343 0 0.0430483 
trait 2 0.2 0 0.100696 0 0.375164 0 0.314707 0 
trait 3 0.429364 0 0.127026 0 0 0 0 0 
node 1 2 1 3
node 2 1 1 1
node 3 1 1 1
node 4 2 0 2
node 18 1 0 0
node 34 1 0 0
gene 2 1 4 -1.213 0 1 -1.213 1
gene 1 2 4 -8 0 2 -8 1
gene 2 3 4 5.8519 0 3 5.8519 1
gene 1 2 18 2.79071 0 42 2.79071 0
gene 1 18 4 -1.55519 0 43 -1.55519 1
gene 1 2 34 3.6465 0 90 3.6465 1
gene 1 34 18 2.58629 0 91 2.58629 1
gene 3 3 18 8 0 117 8 1
genomeend 137

/* Organism #138 Fitness: 8.99984 Error: 1.00003 */
genomestart 138
trait 1 0.416754 0 0.847896 0 0.290527 0.428343 0 0.0430483 
trait 2 0.2 0 0.100696 0 0.375164 0 0.314707 0 
trait 3 0.429364 0 0.127026 0 0 0 0 0 
node 1 2 1 3
node 2 1 1 1
node 3 1 1 1
node 4 2 0 2
node 18 1 0 0
node 34 1 0 0
gene 2 1 4 -2.28462 0 1 -2.28462 1
gene 1 2 4 -8 0 2 -8 1
gene 2 3 4 8 0 3 8 1
gene 1 2 18 0.379864 0 42 0.379864 0
gene 1 18 4 -2.43492 0 43 -2.43492 0
gene 1 2 34 0.0205237 0 90 0.0205237 1
gene 1 34 18 0.732215 0 91 0.732215 1
gene 3 3 18 6.42218 0 117 6.42218 1
gene 2 1 18 0.204993 0 194 0.204993 1
genomeend 138

/* Organism #139 Fitness: 9 Error: 1 */
genomestart 139
trait 1 0.416754 0 0.847896 0 0.290527 0.428343 0 0.0430483 
trait 2 0.2 0 0.100696 0 0.375164 0 0.314707 0 
trait 3 0.429364 0 0.127026 0 0 0 0 0 
node 1 2 1 3
node 2 1 1 1
node 3 1 1 1
node 4 2 0 2
node 18 1 0 0
node 34 1 0 0
node 63 1 0 0
gene 2 1 4 -2.28462 0 1 -2.28462 1
gene 1 2 4 -8 0 2 -8 1
gene 2 3 4 8 0 3 8 1
gene 1 2 18 0.379864 0 42 0.379864 0
gene 1 18 4 -2.43492 0 43 -2.43492 0
gene 1 2 34 2.38632 0 90 2.38632 1
gene 1 34 18 0.732215 0 91 0.732215 1
gene 3 3 18 7.56975 0 117 7.56975 1
gene 1 18 63 1 0 184 0 1
gene 1 63 4 -2.43492 0 185 0 1
genomeend 139

/* Species #15 : (Size 9) (AF 5.01923) (Age 5)  */


/* Organism #140 Fitness: 8.99985 Error: 1.00003 */
genomestart 140
trait 1 0.1 0 0 0 0 0 0 0 
trait 2 0.2 0.970397 0 0.558 0 0 0.374432 0 
trait 3 0.3 0.813013 0 0 0 0.858577 0 0.337352 
node 1 3 1 3
node 2 2 1 1
node 3 3 1 1
node 4 1 0 2
node 10 1 0 0
node 13 1 0 0
node 51 1 0 0
gene 1 1 4 1.59119 0 1 1.59119 1
gene 3 2 4 4.33208 0 2 4.33208 1
gene 2 3 4 -2.5184 0 3 -2.5184 1
gene 2 3 10 3.2063 0 14 3.2063 1
gene 2 10 4 -5.45151 0 15 -5.45151 1
gene 2 10 13 6.88263 0 22 6.88263 1
gene 2 13 4 -2.54091 0 23 -2.54091 1
gene 2 1 10 -0.246895 0 26 -0.246895 1
gene 1 2 13 0.9494 0 133 0.9494 0
gene 1 2 51 1 0 145 0 1
gene 1 51 13 0.9494 0 146 0 1
gene 3 2 10 -0.0797449 0 171 -0.0797449 1
genomeend 140

/* Organism #141 Fitness: 9 Error: 1 */
genomestart 141
trait 1 0.1 0 0 0 0 0 0 0 
trait 2 0.2 0.970397 0 0.558 0 0 0.374432 0 
trait 3 0.3 0.813013 0 0 0 0.858577 0 0.337352 
node 1 3 1 3
node 2 2 1 1
node 3 3 1 1
node 4 1 0 2
node 10 1 0 0
node 13 1 0 0
node 51 1 0 0
gene 1 1 4 0.759178 0 1 0.759178 1
gene 3 2 4 5.94063 0 2 5.94063 1
gene 2 3 4 -1.52121 0 3 -1.52121 1
gene 2 3 10 3.77341 0 14 3.77341 1
gene 2 10 4 -6.75625 0 15 -6.75625 1
gene 2 10 13 6.05177 0 22 6.05177 1
gene 2 13 4 -4.27718 0 23 -4.27718 1
gene 2 1 10 0.240791 0 26 0.240791 1
gene 1 2 13 1.05881 0 133 1.05881 0
gene 1 2 51 2.09142 0 145 2.09142 1
gene 1 51 13 -2.34451 0 146 -2.34451 1
gene 3 2 10 -1.6612 0 171 -1.6612 1
genomeend 141

/* Organism #142 Fitness: 4 Error: 2 */
genomestart 142
trait 1 0.1 0 0 0 0 0 0 0 
trait 2 0.2 0.970397 0 0.558 0 0 0.374432 0 
trait 3 0.3 0.813013 0 0 0 0.858577 0 0.337352 
node 1 3 1 3
node 2 2 1 1
node 3 3 1 1
node 4 1 0 2
node 10 1 0 0
node 13 1 0 0
node 51 1 0 0
gene 1 1 4 -0.85464 0 1 -0.85464 1
gene 3 2 4 3.73895 0 2 3.73895 1
gene 2 3 4 -4.50111 0 3 -4.50111 1
gene 2 3 10 5.18428 0 14 5.18428 1
gene 2 10 4 -5.95048 0 15 -5.95048 1
gene 2 10 13 8 0 22 8 1
gene 2 13 4 -4.86573 0 23 -4.86573 1
gene 2 1 10 1.94533 0 26 1.94533 1
gene 1 2 13 0.967177 0 133 0.967177 0
gene 1 2 51 3.14583 0 145 3.14583 1
gene 1 51 13 -0.0110935 0 146 -0.0110935 1
gene 3 2 10 -0.974929 0 171 -0.974929 1
genomeend 142

/* Organism #143 Fitness: 4 Error: 2 */
genomestart 143
trait 1 0.1 0 0 0 0 0 0 0 
trait 2 0.2 0.970397 0 0.558 0 0 0.374432 0 
trait 3 0.3 0.813013 0 0 0 0.858577 0 0.337352 
node 1 3 1 3
node 2 2 1 1
node 3 3 1 1
node 4 1 0 2
node 10 1 0 0
node 13 1 0 0
node 51 1 0 0
gene 1 1 4 -0.341319 0 1 -0.341319 1
gene 3 2 4 3.21281 0 2 3.21281 1
gene 2 3 4 -3.02928 0 3 -3.02928 1
gene 2 3 10 3.86504 0 14 3.86504 1
gene 2 10 4 -5.45776 0 15 -5.45776 1
gene 2 10 13 8 0 22 8 1
gene 2 13 4 -4.85009 0 23 -4.85009 1
gene 2 1 10 1.44108 0 26 1.44108 1
gene 1 2 13 0.999451 0 133 0.999451 0
gene 1 2 51 0.283349 0 145 0.283349 1
gene 1 51 13 0.436308 0 146 0.436308 1
gene 3 2 10 0.380795 0 171 0.380795 1
genomeend 143

/* Organism #144 Fitness: 1.0167 Error: 2.99169 */
genomestart 144
trait 1 0.1 0 0 0 0 0 0 0 
trait 2 0.2 0.970397 0 0.558 0 0 0.374432 0 
trait 3 0.3 0.813013 0 0 0 0.858577 0 0.337352 
node 1 3 1 3
node 2 2 1 1
node 3 3 1 1
node 4 1 0 2
node 10 1 0 0
node 13 1 0 0
node 51 1 0 0
gene 1 1 4 2.47127 0 1 2.47127 1
gene 3 2 4 5.10748 0 2 5.10748 1
gene 2 3 4 -1.07549 0 3 -1.07549 1
gene 2 3 10 3.20889 0 14 3.20889 1
gene 2 10 4 -3.85798 0 15 -3.85798 1
gene 2 10 13 8 0 22 8 1
gene 2 13 4 -1.51007 0 23 -1.51007 1
gene 2 1 10 -1.61435 0 26 -1.61435 1
gene 1 2 13 -0.529679 0 133 -0.529679 0
gene 1 2 51 2.66311 0 145 2.66311 1
gene 1 51 13 0.95172 0 146 0.95172 1
gene 3 2 10 -0.0797449 0 171 -0.0797449 1
genomeend 144

/* Organism #145 Fitness: 3.83515 Error: 2.04165 */
genomestart 145
trait 1 0.1 0 0 0 0 0 0 0 
trait 2 0.2 0.970397 0 0.558 0 0.407208 0 0 
trait 3 0.3 0.813013 0 0 0 0.858577 0 0.337352 
node 1 3 1 3
node 2 2 1 1
node 3 3 1 1
node 4 1 0 2
node 10 1 0 0
node 13 1 0 0
node 51 1 0 0
gene 1 1 4 -1.16222 0 1 -1.16222 1
gene 3 2 4 1.3715 0 2 1.3715 1
gene 2 3 4 -1.59795 0 3 -1.59795 1
gene 2 3 10 2.92118 0 14 2.92118 1
gene 2 10 4 -3.38533 0 15 -3.38533 1
gene 2 10 13 8 0 22 8 1
gene 2 13 4 4.16417 0 23 4.16417 1
gene 2 1 10 -0.585955 0 26 -0.585955 1
gene 1 2 13 -0.345012 0 133 -0.345012 0
gene 1 2 51 -0.0985748 0 145 -0.0985748 1
gene 1 51 13 -0.723823 0 146 -0.723823 1
gene 3 2 10 0.0101474 0 171 0.0101474 1
genomeend 145

/* Organism #146 Fitness: 3.90601 Error: 2.02364 */
genomestart 146
trait 1 0.1 0 0 0 0 0 0 0 
trait 2 0.2 0.970397 0 0.558 0 0 0.374432 0 
trait 3 0.3 0.813013 0 0 0 0.858577 0 0.337352 
node 1 3 1 3
node 2 2 1 1
node 3 3 1 1
node 4 1 0 2
node 10 1 0 0
node 13 1 0 0
node 51 1 0 0
gene 1 1 4 2.70832 0 1 2.70832 1
gene 3 2 4 3.57308 0 2 3.57308 1
gene 2 3 4 -1.51045 0 3 -1.51045 1
gene 2 3 10 3.2063 0 14 3.2063 1
gene 2 10 4 -4.57204 0 15 -4.57204 1
gene 2 10 13 8 0 22 8 1
gene 2 13 4 0.945158 0 23 0.945158 1
gene 2 1 10 0.634861 0 26 0.634861 1
gene 1 2 13 -0.905438 0 133 -0.905438 0
gene 1 2 51 0.208823 0 145 0.208823 1
gene 1 51 13 1.25591 0 146 1.25591 1
gene 3 2 10 0.42732 0 171 0.42732 1
genomeend 146

/* Organism #147 Fitness: 1.51998 Error: 2.76712 */
genomestart 147
trait 1 0.1 0 0 0 0 0 0 0 
trait 2 0.2 0.970397 0 0.558 0 0.203604 0.187216 0 
trait 3 0.3 0.813013 0 0 0 0.858577 0 0.337352 
node 1 3 1 3
node 2 2 1 1
node 3 3 1 1
node 4 1 0 2
node 10 1 0 0
node 13 1 0 0
node 51 1 0 0
gene 1 1 4 2.09154 0 1 2.09154 1
gene 3 2 4 4.87058 0 2 4.87058 1
gene 2 3 4 -2.33093 0 3 -2.33093 1
gene 2 3 10 2.35674 0 14 2.35674 1
gene 2 10 4 -2.75756 0 15 -2.75756 1
gene 2 10 13 6.88263 0 22 6.88263 1
gene 2 13 4 -2.8113 0 23 -2.8113 1
gene 2 1 10 -3.91888 0 26 -3.91888 1
gene 1 2 13 1.83653 0 133 1.83653 0
gene 1 2 51 -0.481826 0 145 -0.481826 1
gene 1 51 13 -3.06955 0 146 -3.06955 1
gene 3 2 10 0.0321818 0 171 0.0321818 1
genomeend 147

/* Organism #148 Fitness: 8.89539 Error: 1.01749 */
genomestart 148
trait 1 0.1 0 0 0 0 0 0 0 
trait 2 0.2 0.970397 0 0.558 0 0 0.374432 0 
trait 3 0.3 0.813013 0 0 0 0.858577 0 0.337352 
node 1 3 1 3
node 2 2 1 1
node 3 3 1 1
node 4 1 0 2
node 10 1 0 0
node 13 1 0 0
node 51 1 0 0
gene 1 1 4 1.59119 0 1 1.59119 1
gene 3 2 4 2.59397 0 2 2.59397 1
gene 2 3 4 -2.47682 0 3 -2.47682 1
gene 2 3 10 3.45724 0 14 3.45724 1
gene 2 10 4 0.832698 0 15 0.832698 1
gene 2 10 13 6.23518 0 22 6.23518 1
gene 2 13 4 -4.19433 0 23 -4.19433 1
gene 2 1 10 1.10179 0 26 1.10179 1
gene 1 2 13 2.01129 0 133 2.01129 0
gene 1 2 51 2.5231 0 145 2.5231 1
gene 1 51 13 1.45936 0 146 1.45936 1
gene 3 2 10 2.09723 0 171 2.09723 1
genomeend 148

/* Species #16 : (Size 1) (AF 9) (Age 1)  */


/* Organism #149 Fitness: 9 Error: 1 */
genomestart 149
trait 1 0.416754 0 0.847896 0 0.290527 0.428343 0 0.0430483 
trait 2 0.2 0 0.100696 0 0.375164 0 0.314707 0 
trait 3 0.429364 0 0.127026 0 0 0 0 0 
node 1 2 1 3
node 2 1 1 1
node 3 1 1 1
node 4 2 0 2
node 18 1 0 0
node 34 1 0 0
node 63 1 0 0
gene 2 1 4 -2.28462 0 1 -2.28462 1
gene 1 2 4 -8 0 2 -8 1
gene 2 3 4 8 0 3 8 1
gene 1 2 18 0.379864 0 42 0.379864 0
gene 1 18 4 -2.43492 0 43 -2.43492 0
gene 1 2 34 2.38632 0 90 2.38632 1
gene 1 34 18 0.732215 0 91 0.732215 1
gene 3 3 18 7.56975 0 117 7.56975 1
gene 1 18 63 1 0 184 0 1
gene 1 63 4 -2.43492 0 185 0 1
gene 2 3 34 -0.773644 0 193 -0.773644 1
genomeend 149
