
/* Species #1 : (Size 11) (AF 8.17621) (Age 23)  */


/* Organism #0 Fitness: 9 Error: 1 */
genomestart 0
trait 1 0.0618164 0 0 0 0 0 0 0 
trait 2 0.156348 0 0 0 0 0 0.472648 0.11681 
trait 3 0.322397 0.0651552 0 0 0 0.0263447 0.0402442 0.0137126 
node 1 1 1 3
node 2 1 1 1
node 3 1 1 1
node 4 3 0 2
gene 1 1 4 -3.95268 0 1 -3.95268 1
gene 3 2 4 8 0 2 8 1
gene 1 3 4 8 0 3 8 1
genomeend 0

/* Organism #1 Fitness: 8.99408 Error: 1.00099 */
genomestart 1
trait 1 0.0618164 0 0 0 0 0 0 0 
trait 2 0.156348 0 0 0 0 0 0.472648 0.11681 
trait 3 0.320286 0.0906849 0 0 0 0.0283933 0.0389866 0.0439936 
node 1 1 1 3
node 2 1 1 1
node 3 1 1 1
node 4 3 0 2
gene 1 1 4 -5.99117 0 1 -5.99117 1
gene 3 2 4 7.59426 0 2 7.59426 1
gene 1 3 4 7.49271 0 3 7.49271 1
genomeend 1

/* Organism #2 Fitness: 9 Error: 1 */
genomestart 2
trait 1 0.0618164 0 0 0 0 0 0 0 
trait 2 0.156348 0 0 0 0 0 0.472648 0.11681 
trait 3 0.318176 0.116215 0 0 0 0.0304419 0.0377289 0.0742747 
node 1 1 1 3
node 2 1 1 1
node 3 1 1 1
node 4 3 0 2
gene 1 1 4 -3.95268 0 1 -3.95268 1
gene 3 2 4 6.99564 0 2 6.99564 1
gene 1 3 4 8 0 3 8 1
genomeend 2

/* Organism #3 Fitness: 7.56026 Error: 1.25041 */
genomestart 3
trait 1 0.0618164 0 0 0 0 0 0 0 
trait 2 0.156348 0 0 0 0 0 0.472648 0.11681 
trait 3 0.320286 0.0906849 0 0 0 0.0283933 0.0389866 0.0439936 
node 1 1 1 3
node 2 1 1 1
node 3 3 1 1
node 4 3 0 2
gene 1 1 4 -6.05594 0 1 -6.05594 1
gene 3 2 4 8 0 2 8 1
gene 1 3 4 6.27868 0 3 6.27868 1
genomeend 3

/* Organism #4 Fitness: 4.00004 Error: 1.99999 */
genomestart 4
trait 1 0.0618164 0 0 0 0 0 0 0 
trait 2 0.156348 0 0 0 0 0 0.472648 0.11681 
trait 3 0.322397 0.0651552 0 0 0 0.0263447 0.0402442 0.0137126 
node 1 1 1 3
node 2 1 1 1
node 3 1 1 1
node 4 3 0 2
gene 1 1 4 2.33245 0 1 2.33245 1
gene 3 2 4 6.20635 0 2 6.20635 1
gene 1 3 4 8 0 3 8 1
genomeend 4

/* Organism #5 Fitness: 8.99443 Error: 1.00093 */
genomestart 5
trait 1 0.0618164 0 0 0 0 0 0 0 
trait 2 0.156348 0 0 0 0 0 0.472648 0.11681 
trait 3 0.322397 0.0651552 0 0 0 0.0263447 0.0402442 0.0137126 
node 1 1 1 3
node 2 1 1 1
node 3 1 1 1
node 4 3 0 2
gene 1 1 4 -6.44155 0 1 -6.44155 1
gene 3 2 4 8 0 2 8 1
gene 1 3 4 8 0 3 8 1
genomeend 5

/* Organism #6 Fitness: 9 Error: 1 */
genomestart 6
trait 1 0.0618164 0 0 0 0 0 0 0 
trait 2 0.156348 0 0 0 0 0 0.472648 0.11681 
trait 3 0.322397 0.0651552 0 0 0 0.0263447 0.0402442 0.0137126 
node 1 1 1 3
node 2 1 1 1
node 3 1 1 1
node 4 3 0 2
gene 1 1 4 -3.95268 0 1 -3.95268 1
gene 3 2 4 8 0 2 8 1
gene 1 3 4 8 0 3 8 1
genomeend 6

/* Organism #7 Fitness: 8.99591 Error: 1.00068 */
genomestart 7
trait 1 0.0618164 0 0 0 0 0 0 0 
trait 2 0.156348 0 0 0 0 0 0.472648 0.11681 
trait 3 0.322397 0.0651552 0 0 0 0.0263447 0.0402442 0.0137126 
node 1 1 1 3
node 2 1 1 1
node 3 1 1 1
node 4 3 0 2
gene 1 1 4 -1.48046 0 1 -1.48046 1
gene 3 2 4 6.86456 0 2 6.86456 1
gene 1 3 4 8 0 3 8 1
genomeend 7

/* Organism #8 Fitness: 9 Error: 1 */
genomestart 8
trait 1 0.0618164 0 0 0 0 0 0 0 
trait 2 0.156348 0 0 0 0 0 0.472648 0.11681 
trait 3 0.322397 0.0651552 0 0 0 0.0263447 0.0402442 0.0137126 
node 1 1 1 3
node 2 1 1 1
node 3 1 1 1
node 4 3 0 2
gene 1 1 4 -4.55726 0 1 -4.55726 1
gene 3 2 4 8 0 2 8 1
gene 1 3 4 8 0 3 8 1
genomeend 8

/* Organism #9 Fitness: 8.80486 Error: 1.0327 */
genomestart 9
trait 1 0.0618164 0 0 0 0 0 0 0 
trait 2 0.156348 0 0 0 0 0 0.472648 0.11681 
trait 3 0.322397 0.0651552 0 0 0 0.0263447 0.0402442 0.0137126 
node 1 1 1 3
node 2 1 1 1
node 3 1 1 1
node 4 3 0 2
gene 1 1 4 -5.07554 0 1 -5.07554 1
gene 3 2 4 8 0 2 8 1
gene 1 3 4 5.76337 0 3 5.76337 1
genomeend 9

/* Organism #10 Fitness: 6.58871 Error: 1.43315 */
genomestart 10
trait 1 0.0618164 0 0 0 0 0 0 0 
trait 2 0.156348 0 0 0 0 0 0.472648 0.11681 
trait 3 0.322397 0.0651552 0 0 0 0.0263447 0.0402442 0.0137126 
node 1 1 1 3
node 2 1 1 1
node 3 1 1 1
node 4 3 0 2
gene 1 1 4 -0.0546281 0 1 -0.0546281 1
gene 3 2 4 8 0 2 8 1
gene 1 3 4 8 0 3 8 1
genomeend 10

/* Species #2 : (Size 8) (AF 7.12) (Age 20)  */


/* Organism #11 Fitness: 8.99847 Error: 1.00025 */
genomestart 11
trait 1 0 0 0 0 0 0 0 0 
trait 2 0.2 0 0 0 0 0 0 0 
trait 3 0.3 0 0 0 0 0 0 0 
node 1 1 1 3
node 2 3 1 1
node 3 1 1 1
node 4 2 0 2
node 10 1 0 0
gene 1 1 4 -5.47264 0 1 -5.47264 1
gene 1 2 4 7.58118 0 2 7.58118 0
gene 2 3 4 -3.73118 0 3 -3.73118 1
gene 3 2 10 4.89912 0 14 4.89912 1
gene 3 10 4 7.47684 0 15 7.47684 1
gene 3 1 10 -0.515275 0 120 -0.515275 1
genomeend 11

/* Organism #12 Fitness: 3.97368 Error: 2.00659 */
genomestart 12
trait 1 0 0 0 0 0 0 0 0 
trait 2 0.2 0 0 0 0 0 0 0 
trait 3 0.3 0 0 0 0 0 0 0 
node 1 1 1 3
node 2 3 1 1
node 3 1 1 1
node 4 2 0 2
node 10 1 0 0
gene 1 1 4 -5.90707 0 1 -5.90707 1
gene 1 2 4 6.8009 0 2 6.8009 0
gene 2 3 4 -1.78425 0 3 -1.78425 1
gene 3 2 10 7.1108 0 14 7.1108 1
gene 3 10 4 8 0 15 8 1
gene 3 1 10 1.37947 0 120 1.37947 1
genomeend 12

/* Organism #13 Fitness: 8.97478 Error: 1.00421 */
genomestart 13
trait 1 0 0 0 0 0 0 0 0 
trait 2 0.2 0 0 0 0 0 0 0 
trait 3 0.3 0 0 0 0 0 0 0 
node 1 1 1 3
node 2 3 1 1
node 3 1 1 1
node 4 2 0 2
node 10 1 0 0
gene 1 1 4 -6.87413 0 1 -6.87413 1
gene 1 2 4 7.33932 0 2 7.33932 0
gene 2 3 4 -2.76626 0 3 -2.76626 1
gene 3 2 10 4.16332 0 14 4.16332 1
gene 3 10 4 8 0 15 8 1
gene 3 1 10 -1.66926 0 120 -1.66926 1
genomeend 13

/* Organism #14 Fitness: 4.02175 Error: 1.99457 */
genomestart 14
trait 1 0 0 0 0 0 0 0 0 
trait 2 0.2 0 0 0 0 0 0 0 
trait 3 0.3 0 0 0 0 0 0 0 
node 1 1 1 3
node 2 3 1 1
node 3 1 1 1
node 4 2 0 2
node 10 1 0 0
gene 1 1 4 -4.00562 0 1 -4.00562 1
gene 1 2 4 1.95936 0 2 1.95936 0
gene 2 3 4 -5.35278 0 3 -5.35278 1
gene 3 2 10 6.09827 0 14 6.09827 1
gene 3 10 4 8 0 15 8 1
gene 3 1 10 0.106082 0 120 0.106082 1
genomeend 14

/* Organism #15 Fitness: 4.00216 Error: 1.99946 */
genomestart 15
trait 1 0 0 0 0 0 0 0 0 
trait 2 0.2 0 0 0 0 0 0 0 
trait 3 0.3 0 0 0 0 0 0 0 
node 1 1 1 3
node 2 3 1 1
node 3 3 1 1
node 4 2 0 2
node 10 1 0 0
gene 1 1 4 -4.38557 0 1 -4.38557 1
gene 1 2 4 7.86126 0 2 7.86126 0
gene 2 3 4 -2.08692 0 3 -2.08692 1
gene 3 2 10 6.42093 0 14 6.42093 1
gene 3 10 4 8 0 15 8 1
gene 3 1 10 -1.19561 0 120 -1.19561 1
genomeend 15

/* Organism #16 Fitness: 8.99847 Error: 1.00025 */
genomestart 16
trait 1 0 0 0 0 0 0 0 0 
trait 2 0.2 0 0 0 0 0 0 0 
trait 3 0.3 0 0 0 0 0 0 0 
node 1 1 1 3
node 2 3 1 1
node 3 1 1 1
node 4 2 0 2
node 10 1 0 0
gene 1 1 4 -5.47264 0 1 -5.47264 1
gene 1 2 4 7.58118 0 2 7.58118 0
gene 2 3 4 -3.73118 0 3 -3.73118 1
gene 3 2 10 4.89912 0 14 4.89912 1
gene 3 10 4 7.47684 0 15 7.47684 1
gene 3 1 10 -0.515275 0 120 -0.515275 1
genomeend 16

/* Organism #17 Fitness: 8.99847 Error: 1.00025 */
genomestart 17
trait 1 0 0 0 0 0 0 0 0 
trait 2 0.2 0 0 0 0 0 0 0 
trait 3 0.3 0 0 0 0 0 0 0 
node 1 1 1 3
node 2 3 1 1
node 3 1 1 1
node 4 2 0 2
node 10 1 0 0
gene 1 1 4 -5.47264 0 1 -5.47264 1
gene 1 2 4 7.58118 0 2 7.58118 0
gene 2 3 4 -3.73118 0 3 -3.73118 1
gene 3 2 10 4.89912 0 14 4.89912 1
gene 3 10 4 7.47684 0 15 7.47684 1
gene 3 1 10 -0.515275 0 120 -0.515275 1
gene 1 3 10 -0.36906 0 190 -0.36906 1
genomeend 17

/* Organism #18 Fitness: 8.99224 Error: 1.00129 */
genomestart 18
trait 1 0 0 0 0 0 0 0 0 
trait 2 0.2 0 0 0 0 0 0 0 
trait 3 0.3 0 0 0 0 0 0 0 
node 1 1 1 3
node 2 3 1 1
node 3 1 1 1
node 4 2 0 2
node 10 1 0 0
gene 1 1 4 -4.01164 0 1 -4.01164 1
gene 1 2 4 5.26078 0 2 5.26078 0
gene 2 3 4 -3.00285 0 3 -3.00285 1
gene 3 2 10 4.11739 0 14 4.11739 1
gene 3 10 4 5.5779 0 15 5.5779 1
gene 3 1 10 -1.70977 0 120 -1.70977 1
genomeend 18

/* Species #3 : (Size 8) (AF 6.10308) (Age 19)  */


/* Organism #19 Fitness: 9 Error: 1 */
genomestart 19
trait 1 0.05 0 0 0 0 0 0 0 
trait 2 0.157419 0.198035 0.0696661 0 0.207427 0.064478 0 0 
trait 3 0.3 0 0 0 0 0 0 0 
node 1 1 1 3
node 2 1 1 1
node 3 1 1 1
node 4 2 0 2
node 11 1 0 0
gene 1 1 4 -1.21235 0 1 -1.21235 1
gene 2 2 4 4.57719 0 2 4.57719 1
gene 2 3 4 0.00854328 0 3 0.00854328 0
gene 2 3 11 4.89911 0 16 4.89911 1
gene 2 11 4 -8 0 17 -8 1
gene 1 2 11 -1.68111 0 60 -1.68111 1
gene 1 1 11 -0.0537736 0 117 -0.0537736 1
genomeend 19

/* Organism #20 Fitness: 4.02157 Error: 1.99461 */
genomestart 20
trait 1 0.05 0 0 0 0 0 0 0 
trait 2 0.157419 0.198035 0.0696661 0 0.207427 0.064478 0 0 
trait 3 0.3 0 0 0 0 0 0 0 
node 1 1 1 3
node 2 3 1 1
node 3 1 1 1
node 4 2 0 2
node 11 1 0 0
gene 1 1 4 -2.57004 0 1 -2.57004 1
gene 2 2 4 3.75426 0 2 3.75426 1
gene 2 3 4 0.268179 0 3 0.268179 0
gene 2 3 11 2.56368 0 16 2.56368 1
gene 2 11 4 -7.5101 0 17 -7.5101 1
gene 1 2 11 -4.63424 0 60 -4.63424 1
gene 1 1 11 1.35305 0 117 1.35305 1
genomeend 20

/* Organism #21 Fitness: 8.99998 Error: 1 */
genomestart 21
trait 1 0.05 0 0 0 0 0 0 0 
trait 2 0.157419 0.198035 0.0696661 0 0.207427 0.064478 0 0 
trait 3 0.3 0 0 0 0 0 0 0 
node 1 1 1 3
node 2 3 1 1
node 3 1 1 1
node 4 2 0 2
node 11 1 0 0
gene 1 1 4 -1.23692 0 1 -1.23692 1
gene 2 2 4 4.32976 0 2 4.32976 1
gene 2 3 4 -0.865659 0 3 -0.865659 0
gene 2 3 11 6.02776 0 16 6.02776 1
gene 2 11 4 -5.65122 0 17 -5.65122 1
gene 1 2 11 -2.60681 0 60 -2.60681 1
gene 1 1 11 0.121403 0 117 0.121403 1
genomeend 21

/* Organism #22 Fitness: 8.99998 Error: 1 */
genomestart 22
trait 1 0.05 0 0 0 0 0 0 0 
trait 2 0.157419 0.198035 0.0696661 0 0.207427 0.064478 0 0 
trait 3 0.3 0 0 0 0 0 0 0 
node 1 1 1 3
node 2 1 1 1
node 3 1 1 1
node 4 2 0 2
node 11 1 0 0
gene 1 1 4 -1.23692 0 1 -1.23692 1
gene 2 2 4 4.32976 0 2 4.32976 1
gene 2 3 4 -0.865659 0 3 -0.865659 0
gene 2 3 11 6.02776 0 16 6.02776 1
gene 2 11 4 -5.65122 0 17 -5.65122 1
gene 1 2 11 -1.68111 0 60 -1.68111 1
gene 1 1 11 -0.0537736 0 117 -0.0537736 1
genomeend 22

/* Organism #23 Fitness: 9 Error: 1 */
genomestart 23
trait 1 0.05 0 0 0 0 0 0 0 
trait 2 0.157419 0.198035 0.0696661 0 0.207427 0.064478 0 0 
trait 3 0.3 0 0 0 0 0 0 0 
node 1 1 1 3
node 2 1 1 1
node 3 1 1 1
node 4 2 0 2
node 11 1 0 0
gene 1 1 4 -1.23692 0 1 -1.23692 1
gene 2 2 4 4.32976 0 2 4.32976 1
gene 2 3 4 -0.865659 0 3 -0.865659 0
gene 2 3 11 4.89911 0 16 4.89911 1
gene 2 11 4 -8 0 17 -8 1
gene 1 2 11 -2.60681 0 60 -2.60681 1
gene 1 1 11 -0.0537736 0 117 -0.0537736 1
genomeend 23

/* Organism #24 Fitness: 1.05199 Error: 2.97433 */
genomestart 24
trait 1 0.05 0 0 0 0 0 0 0 
trait 2 0.157419 0.198035 0.985618 0.256233 1 0 0.669607 0 
trait 3 0.3 0 0 0 0 0 0 0 
node 1 1 1 3
node 2 3 1 1
node 3 1 1 1
node 4 2 0 2
node 11 1 0 0
gene 1 1 4 0.795083 0 1 0.795083 1
gene 2 2 4 6.03635 0 2 6.03635 1
gene 2 3 4 -3.26586 0 3 -3.26586 0
gene 2 3 11 3.46344 0 16 3.46344 1
gene 2 11 4 -7.93156 0 17 -7.93156 1
gene 1 2 11 -4.63446 0 60 -4.63446 1
gene 1 1 11 -1.00229 0 117 -1.00229 1
genomeend 24

/* Organism #25 Fitness: 3.68201 Error: 2.08114 */
genomestart 25
trait 1 0.05 0 0 0 0 0 0 0 
trait 2 0.157419 0.198035 0.0696661 0 0.207427 0.064478 0 0 
trait 3 0.3 0 0 0 0 0 0 0 
node 1 1 1 3
node 2 3 1 1
node 3 1 1 1
node 4 2 0 2
node 11 1 0 0
gene 1 1 4 -0.477767 0 1 -0.477767 1
gene 2 2 4 5.02219 0 2 5.02219 1
gene 2 3 4 0.935163 0 3 0.935163 0
gene 2 3 11 5.56659 0 16 5.56659 1
gene 2 11 4 -2.2013 0 17 -2.2013 1
gene 1 2 11 -2.8629 0 60 -2.8629 1
gene 1 1 11 -1.01106 0 117 -1.01106 1
genomeend 25

/* Organism #26 Fitness: 4.06911 Error: 1.9828 */
genomestart 26
trait 1 0.05 0 0 0 0 0 0 0 
trait 2 0.157419 0.198035 0.0696661 0 0.207427 0.064478 0 0 
trait 3 0.3 0 0 0 0 0 0 0 
node 1 1 1 3
node 2 1 1 1
node 3 1 1 1
node 4 2 0 2
node 11 1 0 0
gene 1 1 4 0.745949 0 1 0.745949 1
gene 2 2 4 4.25239 0 2 4.25239 1
gene 2 3 4 1.35754 0 3 1.35754 0
gene 2 3 11 6.0769 0 16 6.0769 1
gene 2 11 4 -5.99677 0 17 -5.99677 1
gene 1 2 11 -2.41028 0 60 -2.41028 1
gene 1 1 11 -2.32687 0 117 -2.32687 1
genomeend 26

/* Species #4 : (Size 11) (AF 7.08869) (Age 18)  */


/* Organism #27 Fitness: 8.99927 Error: 1.00012 */
genomestart 27
trait 1 0 0 0 0 0 0 0 0 
trait 2 0.292195 0 0 0 0 0 0 0 
trait 3 0.3 0 0 0 0 0 0 0 
node 1 1 1 3
node 2 3 1 1
node 3 1 1 1
node 4 2 0 2
node 10 1 0 0
node 15 1 0 0
gene 1 1 4 2.37293 0 1 2.37293 1
gene 3 2 4 -0.417226 0 2 -0.417226 0
gene 2 3 4 -4.29843 0 3 -4.29843 1
gene 3 2 10 -1.95731 0 14 -1.95731 1
gene 3 10 4 2.37465 0 15 2.37465 0
gene 1 3 10 -2.75881 0 18 -2.75881 1
gene 3 10 15 1.85018 0 27 1.85018 1
gene 3 15 4 8 0 28 8 1
gene 1 2 15 -4.88932 0 48 -4.88932 1
genomeend 27

/* Organism #28 Fitness: 8.99927 Error: 1.00012 */
genomestart 28
trait 1 0 0 0 0 0 0 0 0 
trait 2 0.290387 0 0 0 0 0 0 0 
trait 3 0.3 0 0 0 0 0 0 0 
node 1 1 1 3
node 2 3 1 1
node 3 1 1 1
node 4 2 0 2
node 10 1 0 0
node 15 1 0 0
gene 1 1 4 2.37293 0 1 2.37293 1
gene 3 2 4 -0.417226 0 2 -0.417226 0
gene 2 3 4 -4.29843 0 3 -4.29843 1
gene 2 2 10 -1.95731 0 14 -1.95731 1
gene 3 10 4 2.9305 0 15 2.9305 0
gene 1 3 10 -3.25466 0 18 -3.25466 1
gene 3 10 15 1.85018 0 27 1.85018 1
gene 3 15 4 8 0 28 8 1
gene 1 2 15 -2.76676 0 48 -2.76676 1
genomeend 28

/* Organism #29 Fitness: 4.0385 Error: 1.9904 */
genomestart 29
trait 1 0 0 0 0 0 0 0 0 
trait 2 0.292195 0 0 0 0 0 0 0 
trait 3 0.3 0 0 0 0 0 0 0 
node 1 1 1 3
node 2 3 1 1
node 3 1 1 1
node 4 2 0 2
node 10 1 0 0
node 15 1 0 0
gene 1 1 4 3.48975 0 1 3.48975 1
gene 3 2 4 -0.147061 0 2 -0.147061 0
gene 2 3 4 -2.54827 0 3 -2.54827 1
gene 3 2 10 -1.35083 0 14 -1.35083 1
gene 3 10 4 3.79017 0 15 3.79017 0
gene 1 3 10 -3.22147 0 18 -3.22147 1
gene 3 10 15 0.540788 0 27 0.540788 1
gene 3 15 4 6.0533 0 28 6.0533 1
gene 1 2 15 -5.378 0 48 -5.378 1
genomeend 29

/* Organism #30 Fitness: 8.98907 Error: 1.00182 */
genomestart 30
trait 1 0.713828 0.802973 0 0.0744041 0 0 0 0.235176 
trait 2 0.290387 0 0 0 0 0 0 0 
trait 3 0.3 0 0 0 0 0 0 0 
node 1 1 1 3
node 2 3 1 1
node 3 1 1 1
node 4 2 0 2
node 10 1 0 0
node 15 1 0 0
gene 1 1 4 3.27132 0 1 3.27132 1
gene 3 2 4 -1.60302 0 2 -1.60302 0
gene 2 3 4 -5.4444 0 3 -5.4444 1
gene 3 2 10 -0.356309 0 14 -0.356309 1
gene 3 10 4 2.76151 0 15 2.76151 0
gene 1 3 10 -3.93141 0 18 -3.93141 1
gene 3 10 15 3.62529 0 27 3.62529 1
gene 3 15 4 6.91255 0 28 6.91255 1
gene 1 2 15 -5.2354 0 48 -5.2354 1
genomeend 30

/* Organism #31 Fitness: 7.95554 Error: 1.17944 */
genomestart 31
trait 1 0 0 0 0 0 0 0 0 
trait 2 0.290387 0 0.906308 0 0 0 0 0 
trait 3 0.3 0 0 0 0 0 0 0 
node 1 1 1 3
node 2 3 1 1
node 3 1 1 1
node 4 2 0 2
node 10 1 0 0
node 15 1 0 0
gene 1 1 4 -0.0195719 0 1 -0.0195719 1
gene 3 2 4 -1.30455 0 2 -1.30455 0
gene 2 3 4 -3.13545 0 3 -3.13545 1
gene 2 2 10 -3.15608 0 14 -3.15608 1
gene 3 10 4 5.03368 0 15 5.03368 0
gene 1 3 10 -4.92151 0 18 -4.92151 1
gene 3 10 15 0.981475 0 27 0.981475 1
gene 3 15 4 8 0 28 8 1
gene 1 2 15 -0.62627 0 48 -0.62627 1
genomeend 31

/* Organism #32 Fitness: 4.00697 Error: 1.99826 */
genomestart 32
trait 1 0 0 0 0 0 0 0 0 
trait 2 0.290387 0 0 0 0 0 0 0 
trait 3 0.3 0 0 0 0 0 0 0 
node 1 1 1 3
node 2 3 1 1
node 3 1 1 1
node 4 2 0 2
node 10 1 0 0
node 15 1 0 0
gene 1 1 4 2.37293 0 1 2.37293 1
gene 3 2 4 -0.417226 0 2 -0.417226 0
gene 2 3 4 -4.29843 0 3 -4.29843 1
gene 3 2 10 -1.95731 0 14 -1.95731 1
gene 3 10 4 2.9305 0 15 2.9305 0
gene 1 3 10 -3.25466 0 18 -3.25466 1
gene 3 10 15 1.85018 0 27 1.85018 1
gene 3 15 4 8 0 28 8 1
gene 1 2 15 -2.76676 0 48 -2.76676 1
gene 2 1 15 -0.494156 0 191 -0.494156 1
genomeend 32

/* Organism #33 Fitness: 8.99927 Error: 1.00012 */
genomestart 33
trait 1 0 0 0 0 0 0 0 0 
trait 2 0.290387 0 0 0 0 0 0 0 
trait 3 0.3 0 0 0 0 0 0 0 
node 1 1 1 3
node 2 3 1 1
node 3 1 1 1
node 4 2 0 2
node 10 1 0 0
node 15 1 0 0
gene 1 1 4 2.37293 0 1 2.37293 1
gene 3 2 4 -0.417226 0 2 -0.417226 0
gene 2 3 4 -4.29843 0 3 -4.29843 1
gene 3 2 10 -1.95731 0 14 -1.95731 1
gene 3 10 4 2.9305 0 15 2.9305 0
gene 1 3 10 -3.25466 0 18 -3.25466 1
gene 3 10 15 1.85018 0 27 1.85018 1
gene 3 15 4 8 0 28 8 1
gene 1 2 15 -2.76676 0 48 -2.76676 1
gene 3 1 10 0.151891 0 192 0.151891 1
genomeend 33

/* Organism #34 Fitness: 3.99989 Error: 2.00003 */
genomestart 34
trait 1 0 0 0 0 0 0 0 0 
trait 2 0.291291 0 0 0 0 0 0 0 
trait 3 0.3 0 0 0 0 0 0 0 
node 1 1 1 3
node 2 3 1 1
node 3 1 1 1
node 4 2 0 2
node 10 1 0 0
node 15 1 0 0
gene 1 1 4 1.58158 0 1 1.58158 1
gene 3 2 4 1.70686 0 2 1.70686 1
gene 2 3 4 -5.41587 0 3 -5.41587 1
gene 3 2 10 -0.66096 0 14 -0.66096 1
gene 3 10 4 1.26352 0 15 1.26352 0
gene 1 3 10 -4.23801 0 18 -4.23801 1
gene 3 10 15 3.60858 0 27 3.60858 1
gene 3 15 4 2.22587 0 28 2.22587 1
gene 1 2 15 -1.8245 0 48 -1.8245 1
genomeend 34

/* Organism #35 Fitness: 4.00149 Error: 1.99963 */
genomestart 35
trait 1 0 0 0 0 0 0 0 0 
trait 2 0.290387 0 0 0 0 0 0 0 
trait 3 0.3 0 0 0 0 0 0 0 
node 1 1 1 3
node 2 3 1 1
node 3 1 1 1
node 4 2 0 2
node 10 1 0 0
node 15 1 0 0
gene 1 1 4 4.71507 0 1 4.71507 1
gene 3 2 4 -2.5388 0 2 -2.5388 0
gene 2 3 4 -3.11119 0 3 -3.11119 1
gene 3 2 10 0.188981 0 14 0.188981 1
gene 3 10 4 4.94068 0 15 4.94068 0
gene 1 3 10 -2.71166 0 18 -2.71166 1
gene 3 10 15 1.59383 0 27 1.59383 1
gene 3 15 4 8 0 28 8 1
gene 1 2 15 -2.40336 0 48 -2.40336 1
genomeend 35

/* Organism #36 Fitness: 8.98707 Error: 1.00216 */
genomestart 36
trait 1 0 0 0 0 0 0 0 0 
trait 2 0.292195 0 0 0 0 0 0 0 
trait 3 0.3 0 0 0 0 0 0 0 
node 1 1 1 3
node 2 3 1 1
node 3 1 1 1
node 4 2 0 2
node 10 1 0 0
node 15 1 0 0
gene 1 1 4 3.74641 0 1 3.74641 1
gene 3 2 4 -2.2729 0 2 -2.2729 0
gene 2 3 4 -6.49996 0 3 -6.49996 1
gene 3 2 10 -3.91866 0 14 -3.91866 1
gene 3 10 4 3.37588 0 15 3.37588 0
gene 1 3 10 -3.13869 0 18 -3.13869 1
gene 3 10 15 2.07602 0 27 2.07602 1
gene 3 15 4 8 0 28 8 1
gene 1 2 15 -5.30873 0 48 -5.30873 1
genomeend 36

/* Organism #37 Fitness: 8.99927 Error: 1.00012 */
genomestart 37
trait 1 0 0 0 0 0 0 0 0 
trait 2 0.291291 0 0 0 0 0 0 0 
trait 3 0.3 0 0 0 0 0 0 0 
node 1 1 1 3
node 2 3 1 1
node 3 1 1 1
node 4 2 0 2
node 10 1 0 0
node 15 1 0 0
gene 1 1 4 2.37293 0 1 2.37293 1
gene 3 2 4 -0.417226 0 2 -0.417226 0
gene 2 3 4 -4.29843 0 3 -4.29843 1
gene 2 2 10 -1.95731 0 14 -1.95731 1
gene 3 10 4 2.65257 0 15 2.65257 0
gene 1 3 10 -3.00674 0 18 -3.00674 1
gene 3 10 15 1.85018 0 27 1.85018 1
gene 3 15 4 8 0 28 8 1
gene 1 2 15 -3.82804 0 48 -3.82804 1
genomeend 37

/* Species #5 : (Size 8) (AF 5.57462) (Age 17)  */


/* Organism #38 Fitness: 8.64945 Error: 1.05901 */
genomestart 38
trait 1 0.05 0 0 0 0 0 0 0 
trait 2 0.2 0.312098 0 0 0.218863 0.279565 0 0 
trait 3 0.3 0 0 0 0 0 0 0 
node 1 1 1 3
node 2 3 1 1
node 3 1 1 1
node 4 2 0 2
node 11 1 0 0
node 21 1 0 0
node 28 1 0 0
gene 1 1 4 1.22856 0 1 1.22856 1
gene 2 2 4 0.974227 0 2 0.974227 0
gene 2 3 4 1.00631 0 3 1.00631 0
gene 2 3 11 -1.36965 0 16 -1.36965 1
gene 2 11 4 0.741264 0 17 0.741264 0
gene 3 11 21 -1.34291 0 42 -1.34291 1
gene 2 21 4 -3.91983 0 43 -3.91983 1
gene 2 2 28 -0.671537 0 68 -0.671537 1
gene 2 28 4 4.20991 0 69 4.20991 1
genomeend 38

/* Organism #39 Fitness: 2.61111 Error: 2.38411 */
genomestart 39
trait 1 0.05 0 0 0 0 0 0 0 
trait 2 0.2 0.312098 0 0 0.218863 0.279565 0 0 
trait 3 0.3 0 0 0 0 0 0 0 
node 1 1 1 3
node 2 3 1 1
node 3 1 1 1
node 4 2 0 2
node 11 1 0 0
node 21 1 0 0
node 28 1 0 0
gene 1 1 4 0.00759148 0 1 0.00759148 1
gene 2 2 4 1.06914 0 2 1.06914 0
gene 2 3 4 1.00631 0 3 1.00631 0
gene 2 3 11 -1.31281 0 16 -1.31281 1
gene 2 11 4 -0.712104 0 17 -0.712104 0
gene 3 11 21 -1.81556 0 42 -1.81556 1
gene 2 21 4 -4.6242 0 43 -4.6242 1
gene 2 2 28 -0.671537 0 68 -0.671537 1
gene 2 28 4 0.847346 0 69 0.847346 1
genomeend 39

/* Organism #40 Fitness: 4.27276 Error: 1.93293 */
genomestart 40
trait 1 0.05 0 0 0 0 0 0 0 
trait 2 0.2 0.312098 0 0 0.218863 0.279565 0 0 
trait 3 0.3 0.237709 0 0 0.0141987 0.140553 0 0 
node 1 1 1 3
node 2 3 1 1
node 3 1 1 1
node 4 2 0 2
node 11 1 0 0
node 21 1 0 0
node 28 1 0 0
gene 1 1 4 2.45369 0 1 2.45369 1
gene 2 2 4 0.974227 0 2 0.974227 0
gene 2 3 4 1.00631 0 3 1.00631 0
gene 2 3 11 -1.36965 0 16 -1.36965 1
gene 2 11 4 0.741264 0 17 0.741264 0
gene 3 11 21 -2.99224 0 42 -2.99224 1
gene 2 21 4 -3.91983 0 43 -3.91983 1
gene 2 2 28 -1.15241 0 68 -1.15241 1
gene 2 28 4 6.97729 0 69 6.97729 1
genomeend 40

/* Organism #41 Fitness: 3.94519 Error: 2.01375 */
genomestart 41
trait 1 0.05 0 0 0 0 0 0 0 
trait 2 0.2 0.312098 0 0 0.218863 0.279565 0 0 
trait 3 0.3 0.237709 0 0 0.0141987 0.140553 0 0 
node 1 1 1 3
node 2 3 1 1
node 3 1 1 1
node 4 2 0 2
node 11 1 0 0
node 21 1 0 0
node 28 1 0 0
gene 1 1 4 1.22639 0 1 1.22639 1
gene 2 2 4 0.850322 0 2 0.850322 0
gene 2 3 4 -1.31157 0 3 -1.31157 0
gene 2 3 11 -3.70884 0 16 -3.70884 1
gene 2 11 4 -1.78205 0 17 -1.78205 0
gene 3 11 21 0.0893277 0 42 0.0893277 1
gene 2 21 4 -2.16987 0 43 -2.16987 1
gene 2 2 28 -0.408338 0 68 -0.408338 1
gene 2 28 4 5.6944 0 69 5.6944 1
genomeend 41

/* Organism #42 Fitness: 8.43788 Error: 1.0952 */
genomestart 42
trait 1 0.05 0 0 0 0 0 0 0 
trait 2 0.2 0.312098 0 0 0.218863 0.279565 0 0 
trait 3 0.3 0.475417 0 0 0.0283975 0.281106 0 0 
node 1 1 1 3
node 2 3 1 1
node 3 1 1 1
node 4 2 0 2
node 11 1 0 0
node 21 1 0 0
node 28 1 0 0
gene 1 1 4 1.37715 0 1 1.37715 1
gene 2 2 4 -2.14782 0 2 -2.14782 0
gene 3 3 4 1.81331 0 3 1.81331 0
gene 2 3 11 -1.48427 0 16 -1.48427 1
gene 2 11 4 -0.0348674 0 17 -0.0348674 0
gene 3 11 21 -1.48707 0 42 -1.48707 1
gene 2 21 4 -6.77792 0 43 -6.77792 1
gene 2 2 28 -2.47927 0 68 -2.47927 1
gene 2 28 4 4.9343 0 69 4.9343 1
genomeend 42

/* Organism #43 Fitness: 4.13217 Error: 1.96723 */
genomestart 43
trait 1 0.05 0 0 0 0 0 0 0 
trait 2 0.2 0.312098 0 0 0.218863 0.279565 0 0 
trait 3 0.3 0.237709 0 0 0.0141987 0.140553 0 0 
node 1 1 1 3
node 2 3 1 1
node 3 1 1 1
node 4 2 0 2
node 11 1 0 0
node 21 1 0 0
node 28 1 0 0
gene 1 1 4 2.48043 0 1 2.48043 1
gene 2 2 4 -1.27895 0 2 -1.27895 0
gene 2 3 4 0.633145 0 3 0.633145 0
gene 2 3 11 -3.52016 0 16 -3.52016 1
gene 2 11 4 0.335368 0 17 0.335368 0
gene 3 11 21 -0.785218 0 42 -0.785218 1
gene 2 21 4 -3.58741 0 43 -3.58741 1
gene 2 2 28 -1.89492 0 68 -1.89492 1
gene 2 28 4 3.63555 0 69 3.63555 1
genomeend 43

/* Organism #44 Fitness: 4 Error: 2 */
genomestart 44
trait 1 0.05 0 0 0 0 0 0 0 
trait 2 0.2 0.312098 0 0 0.218863 0.279565 0 0 
trait 3 0.3 0.475417 0 0 0.0283975 0.281106 0 0 
node 1 1 1 3
node 2 3 1 1
node 3 1 1 1
node 4 2 0 2
node 11 1 0 0
node 21 1 0 0
node 28 1 0 0
gene 1 1 4 2.75178 0 1 2.75178 1
gene 2 2 4 1.88276 0 2 1.88276 0
gene 2 3 4 2.87109 0 3 2.87109 0
gene 2 3 11 0.848338 0 16 0.848338 1
gene 2 11 4 2.91673 0 17 2.91673 0
gene 3 11 21 -2.73627 0 42 -2.73627 1
gene 2 21 4 -4.57228 0 43 -4.57228 1
gene 2 2 28 0.213782 0 68 0.213782 1
gene 2 28 4 0.0312052 0 69 0.0312052 1
genomeend 44

/* Organism #45 Fitness: 8.54841 Error: 1.07623 */
genomestart 45
trait 1 0.05 0 0 0 0 0 0 0 
trait 2 0.2 0.312098 0 0 0.218863 0.279565 0 0 
trait 3 0.3 0.475417 0 0 0.0283975 0.281106 0 0 
node 1 1 1 3
node 2 3 1 1
node 3 1 1 1
node 4 2 0 2
node 11 1 0 0
node 21 1 0 0
node 28 1 0 0
gene 1 1 4 1.21563 0 1 1.21563 1
gene 2 2 4 -0.149464 0 2 -0.149464 0
gene 2 3 4 2.32473 0 3 2.32473 0
gene 2 3 11 -1.05335 0 16 -1.05335 1
gene 2 11 4 0.751213 0 17 0.751213 0
gene 3 11 21 -3.08143 0 42 -3.08143 1
gene 2 21 4 -3.61148 0 43 -3.61148 1
gene 2 2 28 -3.60327 0 68 -3.60327 1
gene 2 28 4 8 0 69 8 1
genomeend 45

/* Species #6 : (Size 10) (AF 7.59932) (Age 14)  */


/* Organism #46 Fitness: 9 Error: 1 */
genomestart 46
trait 1 0.05 0 0 0 0 0 0 0 
trait 2 0.2 0 0 0 0 0 0 0 
trait 3 0.3 0 0 0 0 0 0 0 
node 1 1 1 3
node 2 3 1 1
node 3 1 1 1
node 4 2 0 2
node 11 1 0 0
node 28 1 0 0
gene 1 1 4 -3.80993 0 1 -3.80993 1
gene 2 2 4 7.8732 0 2 7.8732 0
gene 2 3 4 -0.61042 0 3 -0.61042 0
gene 2 3 11 3.80911 0 16 3.80911 1
gene 2 11 4 -8 0 17 -8 1
gene 1 2 11 -1.17517 0 60 -1.17517 1
gene 2 2 28 1.77981 0 68 1.77981 1
gene 2 28 4 8 0 69 8 1
gene 2 3 28 0.112888 0 106 0.112888 1
genomeend 46

/* Organism #47 Fitness: 8.99996 Error: 1.00001 */
genomestart 47
trait 1 0.05 0 0 0 0 0 0 0 
trait 2 0.2 0 0 0 0 0 0 0 
trait 3 0.3 0 0 0 0 0 0 0 
node 1 1 1 3
node 2 3 1 1
node 3 1 1 1
node 4 1 0 2
node 11 1 0 0
node 28 1 0 0
gene 1 1 4 -3.42945 0 1 -3.42945 1
gene 2 2 4 -2.48375 0 2 -2.48375 0
gene 2 3 4 -0.61042 0 3 -0.61042 0
gene 2 3 11 1.56667 0 16 1.56667 1
gene 2 11 4 -6.61316 0 17 -6.61316 1
gene 1 2 11 -0.41076 0 60 -0.41076 1
gene 2 2 28 1.90341 0 68 1.90341 1
gene 2 28 4 8 0 69 8 1
gene 2 3 28 1.50858 0 106 1.50858 1
genomeend 47

/* Organism #48 Fitness: 4 Error: 2 */
genomestart 48
trait 1 0.05 0 0 0 0 0 0 0 
trait 2 0.2 0 0 0 0 0 0 0 
trait 3 0.3 0 0 0 0 0 0 0 
node 1 1 1 3
node 2 3 1 1
node 3 1 1 1
node 4 2 0 2
node 11 1 0 0
node 28 1 0 0
gene 1 1 4 -5.12566 0 1 -5.12566 1
gene 2 2 4 8 0 2 8 0
gene 2 3 4 1.75698 0 3 1.75698 0
gene 2 3 11 1.31779 0 16 1.31779 1
gene 2 11 4 -8 0 17 -8 1
gene 1 2 11 -3.0957 0 60 -3.0957 1
gene 2 2 28 2.05252 0 68 2.05252 1
gene 2 28 4 7.11534 0 69 7.11534 1
gene 2 3 28 0.296152 0 106 0.296152 1
genomeend 48

/* Organism #49 Fitness: 1.04434 Error: 2.97807 */
genomestart 49
trait 1 0.05 0 0 0 0 0 0 0 
trait 2 0.2 0 0 0 0 0 0 0 
trait 3 0.3 0 0 0 0 0 0 0 
node 1 1 1 3
node 2 3 1 1
node 3 1 1 1
node 4 2 0 2
node 11 1 0 0
node 28 1 0 0
gene 1 1 4 -3.80993 0 1 -3.80993 1
gene 2 2 4 7.8732 0 2 7.8732 0
gene 2 3 4 -1.47783 0 3 -1.47783 1
gene 2 3 11 -1.20762 0 16 -1.20762 1
gene 2 11 4 -7.85199 0 17 -7.85199 1
gene 1 2 11 0.743812 0 60 0.743812 1
gene 2 2 28 4.01376 0 68 4.01376 1
gene 2 28 4 6.78506 0 69 6.78506 1
gene 2 3 28 -1.3964 0 106 -1.3964 1
genomeend 49

/* Organism #50 Fitness: 8.84616 Error: 1.02575 */
genomestart 50
trait 1 0.05 0 0 0 0 0 0 0 
trait 2 0.2 0 0 0 0 0 0 0 
trait 3 0.3 0 0 0 0 0 0 0 
node 1 1 1 3
node 2 3 1 1
node 3 2 1 1
node 4 2 0 2
node 11 1 0 0
node 28 1 0 0
gene 1 1 4 -5.18266 0 1 -5.18266 1
gene 2 2 4 5.86538 0 2 5.86538 0
gene 2 3 4 1.7775 0 3 1.7775 0
gene 2 3 11 1.426 0 16 1.426 1
gene 2 11 4 0.889691 0 17 0.889691 1
gene 1 2 11 -0.0370609 0 60 -0.0370609 1
gene 2 2 28 1.37631 0 68 1.37631 1
gene 2 28 4 8 0 69 8 1
gene 2 3 28 0.874325 0 106 0.874325 1
genomeend 50

/* Organism #51 Fitness: 8.10332 Error: 1.15337 */
genomestart 51
trait 1 0.05 0 0 0 0 0 0 0 
trait 2 0.2 0 0 0 0 0 0 0 
trait 3 0.3 0 0 0 0 0 0 0 
node 1 1 1 3
node 2 3 1 1
node 3 1 1 1
node 4 2 0 2
node 11 1 0 0
node 28 1 0 0
gene 1 1 4 0.41055 0 1 0.41055 1
gene 2 2 4 7.72808 0 2 7.72808 0
gene 2 3 4 -2.01442 0 3 -2.01442 0
gene 2 3 11 3.80911 0 16 3.80911 1
gene 2 11 4 -7.37963 0 17 -7.37963 1
gene 1 2 11 -1.24247 0 60 -1.24247 1
gene 2 2 28 3.16359 0 68 3.16359 1
gene 2 28 4 5.8518 0 69 5.8518 1
gene 2 3 28 -0.264702 0 106 -0.264702 1
genomeend 51

/* Organism #52 Fitness: 8.99999 Error: 1 */
genomestart 52
trait 1 0.05 0 0 0 0 0 0 0 
trait 2 0.2 0 0 0 0 0 0 0 
trait 3 0.3 0 0 0 0 0 0 0 
node 1 1 1 3
node 2 3 1 1
node 3 1 1 1
node 4 2 0 2
node 11 1 0 0
node 28 1 0 0
gene 1 1 4 -3.80993 0 1 -3.80993 1
gene 2 2 4 5.43522 0 2 5.43522 0
gene 2 3 4 -0.343459 0 3 -0.343459 0
gene 2 3 11 3.26176 0 16 3.26176 1
gene 2 11 4 -6.10373 0 17 -6.10373 1
gene 1 2 11 -1.17517 0 60 -1.17517 1
gene 2 2 28 4.27256 0 68 4.27256 1
gene 2 28 4 6.69137 0 69 6.69137 1
gene 2 3 28 0.112888 0 106 0.112888 1
genomeend 52

/* Organism #53 Fitness: 8.99944 Error: 1.00009 */
genomestart 53
trait 1 0.05 0 0 0 0 0 0 0 
trait 2 0.2 0 0 0 0 0 0 0 
trait 3 0.3 0 0 0 0 0 0 0 
node 1 1 1 3
node 2 3 1 1
node 3 1 1 1
node 4 1 0 2
node 11 1 0 0
node 28 1 0 0
gene 1 1 4 -3.27861 0 1 -3.27861 1
gene 2 2 4 7.8732 0 2 7.8732 0
gene 3 3 4 -1.42811 0 3 -1.42811 0
gene 2 3 11 3.88648 0 16 3.88648 1
gene 2 11 4 -6.6758 0 17 -6.6758 1
gene 1 2 11 -2.94418 0 60 -2.94418 1
gene 2 2 28 3.08798 0 68 3.08798 1
gene 2 28 4 8 0 69 8 1
gene 2 3 28 0.112888 0 106 0.112888 1
genomeend 53

/* Organism #54 Fitness: 9 Error: 1 */
genomestart 54
trait 1 0.05 0 0 0 0 0 0 0 
trait 2 0.2 0 0 0 0 0 0 0 
trait 3 0.3 0 0 0 0 0 0 0 
node 1 1 1 3
node 2 3 1 1
node 3 1 1 1
node 4 2 0 2
node 11 1 0 0
node 28 1 0 0
gene 1 1 4 -3.80993 0 1 -3.80993 1
gene 2 2 4 7.8732 0 2 7.8732 0
gene 2 3 4 0.560575 0 3 0.560575 0
gene 2 3 11 3.80911 0 16 3.80911 1
gene 2 11 4 -8 0 17 -8 1
gene 1 2 11 -1.17517 0 60 -1.17517 1
gene 2 2 28 1.77981 0 68 1.77981 1
gene 2 28 4 8 0 69 8 1
gene 2 3 28 0.112888 0 106 0.112888 1
genomeend 54

/* Organism #55 Fitness: 9 Error: 1 */
genomestart 55
trait 1 0.05 0 0 0 0 0 0 0 
trait 2 0.2 0 0 0 0 0 0 0 
trait 3 0.3 0 0 0 0 0 0 0 
node 1 1 1 3
node 2 3 1 1
node 3 1 1 1
node 4 1 0 2
node 11 1 0 0
node 28 1 0 0
gene 1 1 4 -2.7295 0 1 -2.7295 1
gene 2 2 4 6.65886 0 2 6.65886 0
gene 2 3 4 -1.54635 0 3 -1.54635 0
gene 2 3 11 5.61657 0 16 5.61657 1
gene 2 11 4 -8 0 17 -8 1
gene 1 2 11 -1.48509 0 60 -1.48509 1
gene 2 2 28 1.3968 0 68 1.3968 1
gene 2 28 4 6.49963 0 69 6.49963 1
gene 2 3 28 -0.606433 0 106 -0.606433 1
genomeend 55

/* Species #7 : (Size 7) (AF 5.22872) (Age 14)  */


/* Organism #56 Fitness: 8.95664 Error: 1.00724 */
genomestart 56
trait 1 0.05 0 0 0 0 0 0 0 
trait 2 0.2 0.312098 0 0 0.218863 0.279565 0 0 
trait 3 0.3 0 0 0 0 0 0 0 
node 1 1 1 3
node 2 3 1 1
node 3 1 1 1
node 4 2 0 2
node 11 1 0 0
node 21 1 0 0
node 28 1 0 0
node 30 1 0 0
gene 1 1 4 -3.16324 0 1 -3.16324 1
gene 2 2 4 2.57427 0 2 2.57427 0
gene 2 3 4 -3.39529 0 3 -3.39529 0
gene 2 3 11 6.83714 0 16 6.83714 0
gene 2 11 4 -0.609409 0 17 -0.609409 0
gene 2 11 21 1.86383 0 42 1.86383 1
gene 2 21 4 -5.44407 0 43 -5.44407 1
gene 2 2 28 2.69706 0 68 2.69706 1
gene 2 28 4 6.90698 0 69 6.90698 1
gene 2 3 30 -1.26249 0 76 -1.26249 1
gene 2 30 11 -2.71853 0 77 -2.71853 1
gene 2 3 21 1.64975 0 98 1.64975 1
genomeend 56

/* Organism #57 Fitness: 2.17461 Error: 2.52534 */
genomestart 57
trait 1 0.05 0 0 0 0 0 0 0 
trait 2 0.2 0.312098 0 0 0.218863 0.279565 0 0 
trait 3 0.3 0 0 0 0 0 0 0 
node 1 1 1 3
node 2 3 1 1
node 3 1 1 1
node 4 2 0 2
node 11 1 0 0
node 21 1 0 0
node 28 1 0 0
node 30 1 0 0
gene 1 1 4 -0.484977 0 1 -0.484977 1
gene 2 2 4 2.93004 0 2 2.93004 0
gene 2 3 4 -1.15203 0 3 -1.15203 0
gene 2 3 11 4.47035 0 16 4.47035 1
gene 2 11 4 -2.48889 0 17 -2.48889 0
gene 2 11 21 0.345607 0 42 0.345607 1
gene 2 21 4 -3.09903 0 43 -3.09903 1
gene 2 2 28 3.49855 0 68 3.49855 1
gene 2 28 4 7.12503 0 69 7.12503 1
gene 2 3 30 -0.947558 0 76 -0.947558 1
gene 2 30 11 -2.39602 0 77 -2.39602 1
gene 2 3 21 1.45291 0 98 1.45291 1
genomeend 57

/* Organism #58 Fitness: 3.03385 Error: 2.25821 */
genomestart 58
trait 1 0.05 0 0 0 0 0 0 0 
trait 2 0.2 0.312098 0 0 0.218863 0.279565 0 0 
trait 3 0.3 0 0 0 0 0 0 0 
node 1 1 1 3
node 2 3 1 1
node 3 1 1 1
node 4 2 0 2
node 11 1 0 0
node 21 1 0 0
node 28 1 0 0
node 30 1 0 0
gene 1 1 4 -4.15351 0 1 -4.15351 1
gene 2 2 4 3.81866 0 2 3.81866 0
gene 2 3 4 -5.86409 0 3 -5.86409 0
gene 2 3 11 6.64319 0 16 6.64319 0
gene 2 11 4 0.584857 0 17 0.584857 1
gene 2 11 21 0.0831477 0 42 0.0831477 1
gene 2 21 4 -3.95424 0 43 -3.95424 1
gene 2 2 28 5.00479 0 68 5.00479 1
gene 2 28 4 6.33941 0 69 6.33941 1
gene 2 3 30 -0.857137 0 76 -0.857137 1
gene 2 30 11 -2.71853 0 77 -2.71853 1
gene 2 3 21 -0.507828 0 98 -0.507828 1
genomeend 58

/* Organism #59 Fitness: 8.04313 Error: 1.16396 */
genomestart 59
trait 1 0.05 0 0 0 0 0 0 0 
trait 2 0.2 0.312098 0 0 0.218863 0.279565 0 0 
trait 3 0.3 0 0 0 0 0 0 0 
node 1 1 1 3
node 2 3 1 1
node 3 1 1 1
node 4 2 0 2
node 11 1 0 0
node 21 1 0 0
node 28 1 0 0
node 30 1 0 0
gene 1 1 4 -4.68837 0 1 -4.68837 1
gene 2 2 4 1.88501 0 2 1.88501 0
gene 2 3 4 -5.70524 0 3 -5.70524 0
gene 2 3 11 6.04709 0 16 6.04709 1
gene 2 11 4 0.723334 0 17 0.723334 0
gene 2 11 21 0.0768151 0 42 0.0768151 1
gene 2 21 4 -3.13192 0 43 -3.13192 1
gene 2 2 28 2.45123 0 68 2.45123 1
gene 2 28 4 6.58867 0 69 6.58867 1
gene 2 3 30 -3.2163 0 76 -3.2163 1
gene 2 30 11 -3.72114 0 77 -3.72114 1
gene 2 3 21 3.54762 0 98 3.54762 1
genomeend 59

/* Organism #60 Fitness: 4.0003 Error: 1.99992 */
genomestart 60
trait 1 0.05 0 0 0 0 0 0 0 
trait 2 0.2 0.312098 0 0 0.218863 0.279565 0 0 
trait 3 0.3 0 0 0 0 0 0 0 
node 1 1 1 3
node 2 3 1 1
node 3 1 1 1
node 4 2 0 2
node 11 1 0 0
node 21 1 0 0
node 28 1 0 0
node 30 1 0 0
gene 1 1 4 -1.72216 0 1 -1.72216 1
gene 2 2 4 4.4388 0 2 4.4388 0
gene 2 3 4 -3.30923 0 3 -3.30923 0
gene 2 3 11 7.59987 0 16 7.59987 0
gene 2 11 4 -2.24169 0 17 -2.24169 0
gene 2 11 21 1.93524 0 42 1.93524 1
gene 2 21 4 -4.90641 0 43 -4.90641 1
gene 2 2 28 1.59938 0 68 1.59938 1
gene 2 28 4 5.91101 0 69 5.91101 1
gene 2 3 30 -3.72945 0 76 -3.72945 1
gene 2 30 11 1.21319 0 77 1.21319 1
gene 2 3 21 3.07222 0 98 3.07222 1
genomeend 60

/* Organism #61 Fitness: 4.0005 Error: 1.99988 */
genomestart 61
trait 1 0.05 0 0 0 0 0 0 0 
trait 2 0.2 0.312098 0 0 0.218863 0.279565 0 0 
trait 3 0.3 0.390362 0 0.380261 0 0.476913 0.858913 0 
node 1 1 1 3
node 2 3 1 1
node 3 1 1 1
node 4 2 0 2
node 11 1 0 0
node 21 1 0 0
node 28 1 0 0
node 30 1 0 0
gene 1 1 4 -5.08188 0 1 -5.08188 1
gene 2 2 4 4.26049 0 2 4.26049 0
gene 2 3 4 -1.60881 0 3 -1.60881 0
gene 2 3 11 4.61051 0 16 4.61051 0
gene 2 11 4 0.717689 0 17 0.717689 0
gene 2 11 21 3.52472 0 42 3.52472 1
gene 2 21 4 -5.47597 0 43 -5.47597 1
gene 2 2 28 2.69706 0 68 2.69706 1
gene 2 28 4 5.99524 0 69 5.99524 1
gene 2 3 30 -0.98562 0 76 -0.98562 1
gene 2 30 11 -3.81399 0 77 -3.81399 1
gene 2 3 21 2.52487 0 98 2.52487 1
genomeend 61

/* Organism #62 Fitness: 6.39203 Error: 1.47175 */
genomestart 62
trait 1 0.05 0 0 0 0 0 0 0 
trait 2 0.2 0.312098 0 0 0.218863 0.279565 0 0 
trait 3 0.3 0 0 0 0 0 0 0 
node 1 1 1 3
node 2 3 1 1
node 3 1 1 1
node 4 2 0 2
node 11 1 0 0
node 21 1 0 0
node 28 1 0 0
node 30 2 0 0
gene 1 1 4 -3.10169 0 1 -3.10169 1
gene 2 2 4 1.02393 0 2 1.02393 1
gene 2 3 4 -4.47443 0 3 -4.47443 0
gene 2 3 11 7.00873 0 16 7.00873 0
gene 2 11 4 0.568529 0 17 0.568529 0
gene 2 11 21 3.16445 0 42 3.16445 1
gene 2 21 4 -5.96312 0 43 -5.96312 1
gene 2 2 28 3.22892 0 68 3.22892 1
gene 2 28 4 5.11104 0 69 5.11104 1
gene 2 3 30 -2.76126 0 76 -2.76126 1
gene 2 30 11 -2.71853 0 77 -2.71853 1
gene 2 3 21 0.181814 0 98 0.181814 1
genomeend 62

/* Species #8 : (Size 9) (AF 7.26897) (Age 12)  */


/* Organism #63 Fitness: 9 Error: 1 */
genomestart 63
trait 1 0 0 0 0 0 0 0 0 
trait 2 0.2 0 0 0 0 0 0 0 
trait 3 0.3 0 0 0 0 0 0 0 
node 1 1 1 3
node 2 3 1 1
node 3 1 1 1
node 4 2 0 2
node 10 1 0 0
node 15 1 0 0
node 33 1 0 0
gene 1 1 4 -4.73656 0 1 -4.73656 1
gene 3 2 4 -0.239341 0 2 -0.239341 0
gene 2 3 4 -1.13376 0 3 -1.13376 1
gene 3 2 10 -1.17435 0 14 -1.17435 1
gene 3 10 4 -1.72132 0 15 -1.72132 0
gene 1 3 10 0.991085 0 18 0.991085 0
gene 3 10 15 -2.32026 0 27 -2.32026 1
gene 3 15 4 8 0 28 8 1
gene 1 2 15 2.27584 0 48 2.27584 1
gene 2 3 15 3.31581 0 75 3.31581 1
gene 1 3 33 -2.15903 0 85 -2.15903 1
gene 1 33 10 0.533006 0 86 0.533006 1
genomeend 63

/* Organism #64 Fitness: 4.18794 Error: 1.95356 */
genomestart 64
trait 1 0 0 0 0 0 0 0 0 
trait 2 0.2 0 0 0 0 0 0 0 
trait 3 0.3 0 0 0 0 0 0 0 
node 1 1 1 3
node 2 3 1 1
node 3 1 1 1
node 4 2 0 2
node 10 1 0 0
node 15 1 0 0
node 33 1 0 0
gene 1 1 4 -3.89287 0 1 -3.89287 1
gene 3 2 4 0.567034 0 2 0.567034 1
gene 2 3 4 -2.30262 0 3 -2.30262 1
gene 3 2 10 1.7312 0 14 1.7312 1
gene 3 10 4 -3.08458 0 15 -3.08458 0
gene 1 3 10 1.74123 0 18 1.74123 1
gene 3 10 15 -0.779916 0 27 -0.779916 1
gene 3 15 4 8 0 28 8 1
gene 1 2 15 4.87019 0 48 4.87019 1
gene 2 3 15 0.949782 0 75 0.949782 1
gene 1 3 33 1.17801 0 85 1.17801 1
gene 1 33 10 0.978805 0 86 0.978805 1
genomeend 64

/* Organism #65 Fitness: 4.34291 Error: 1.91603 */
genomestart 65
trait 1 0 0 0 0 0 0 0 0 
trait 2 0.2 0 0 0 0 0 0 0 
trait 3 0.3 0 0 0 0 0 0 0 
node 1 1 1 3
node 2 3 1 1
node 3 1 1 1
node 4 2 0 2
node 10 1 0 0
node 15 1 0 0
node 33 1 0 0
gene 1 1 4 -4.97887 0 1 -4.97887 1
gene 3 2 4 2.55608 0 2 2.55608 1
gene 2 3 4 -3.62239 0 3 -3.62239 1
gene 3 2 10 3.19708 0 14 3.19708 1
gene 3 10 4 -2.61025 0 15 -2.61025 0
gene 1 3 10 3.88752 0 18 3.88752 1
gene 3 10 15 -3.57068 0 27 -3.57068 1
gene 3 15 4 6.53008 0 28 6.53008 1
gene 1 2 15 3.686 0 48 3.686 1
gene 2 3 15 4.92627 0 75 4.92627 1
gene 1 3 33 0.951872 0 85 0.951872 1
gene 1 33 10 -1.02504 0 86 -1.02504 1
genomeend 65

/* Organism #66 Fitness: 9 Error: 1 */
genomestart 66
trait 1 0 0 0 0 0 0 0 0 
trait 2 0.2 0 0 0 0 0 0 0 
trait 3 0.3 0 0 0 0 0 0 0 
node 1 1 1 3
node 2 3 1 1
node 3 1 1 1
node 4 2 0 2
node 10 1 0 0
node 15 1 0 0
node 33 1 0 0
gene 1 1 4 -4.76036 0 1 -4.76036 1
gene 3 2 4 0.567034 0 2 0.567034 0
gene 2 3 4 -1.39294 0 3 -1.39294 1
gene 3 2 10 2.81637 0 14 2.81637 1
gene 3 10 4 -2.01483 0 15 -2.01483 0
gene 1 3 10 1.74123 0 18 1.74123 0
gene 3 10 15 -2.24595 0 27 -2.24595 1
gene 3 15 4 8 0 28 8 1
gene 1 2 15 5.20284 0 48 5.20284 1
gene 2 3 15 2.71947 0 75 2.71947 1
gene 1 3 33 0.951872 0 85 0.951872 1
gene 1 33 10 -0.607318 0 86 -0.607318 1
gene 3 2 33 0.543199 0 193 0.543199 1
genomeend 66

/* Organism #67 Fitness: 5.23599 Error: 1.71177 */
genomestart 67
trait 1 0 0 0 0 0 0 0 0 
trait 2 0.2 0 0 0 0 0 0 0 
trait 3 0.3 0 0 0 0 0 0 0 
node 1 1 1 3
node 2 3 1 1
node 3 1 1 1
node 4 2 0 2
node 10 1 0 0
node 15 1 0 0
node 33 1 0 0
gene 1 1 4 -1.50441 0 1 -1.50441 1
gene 3 2 4 -1.88581 0 2 -1.88581 0
gene 2 3 4 -0.554598 0 3 -0.554598 1
gene 3 2 10 2.355 0 14 2.355 1
gene 3 10 4 -2.88324 0 15 -2.88324 0
gene 1 3 10 1.07394 0 18 1.07394 0
gene 3 10 15 -2.24595 0 27 -2.24595 1
gene 3 15 4 1.3477 0 28 1.3477 1
gene 1 2 15 3.20296 0 48 3.20296 1
gene 2 3 15 4.17284 0 75 4.17284 1
gene 1 3 33 -1.48747 0 85 -1.48747 1
gene 1 33 10 -2.58553 0 86 -2.58553 1
genomeend 67

/* Organism #68 Fitness: 8.99922 Error: 1.00013 */
genomestart 68
trait 1 0 0 0 0 0 0 0 0 
trait 2 0.2 0 0 0 0 0 0 0 
trait 3 0.3 0 0 0 0 0 0 0 
node 1 1 1 3
node 2 3 1 1
node 3 1 1 1
node 4 2 0 2
node 10 1 0 0
node 15 1 0 0
node 33 1 0 0
gene 1 1 4 -4.74846 0 1 -4.74846 1
gene 3 2 4 0.163846 0 2 0.163846 1
gene 2 3 4 -1.26335 0 3 -1.26335 1
gene 3 2 10 0.821007 0 14 0.821007 1
gene 3 10 4 -1.86808 0 15 -1.86808 0
gene 1 3 10 1.36616 0 18 1.36616 1
gene 3 10 15 -2.2831 0 27 -2.2831 1
gene 3 15 4 8 0 28 8 1
gene 1 2 15 3.73934 0 48 3.73934 1
gene 2 3 15 3.01764 0 75 3.01764 1
gene 1 3 33 -0.60358 0 85 -0.60358 1
gene 1 33 10 -0.0371563 0 86 -0.0371563 1
genomeend 68

/* Organism #69 Fitness: 9 Error: 1 */
genomestart 69
trait 1 0 0 0 0 0 0 0 0 
trait 2 0 0 0.573717 0 0 0 0.181982 0 
trait 3 0.3 0 0 0 0 0 0 0 
node 1 1 1 3
node 2 3 1 1
node 3 1 1 1
node 4 2 0 2
node 10 1 0 0
node 15 1 0 0
node 33 1 0 0
gene 1 1 4 -4.73656 0 1 -4.73656 1
gene 3 2 4 0.567034 0 2 0.567034 0
gene 2 3 4 -1.13376 0 3 -1.13376 1
gene 3 2 10 2.81637 0 14 2.81637 1
gene 3 10 4 -2.01483 0 15 -2.01483 0
gene 1 3 10 0.991085 0 18 0.991085 0
gene 3 10 15 -2.32026 0 27 -2.32026 1
gene 3 15 4 8 0 28 8 1
gene 1 2 15 5.20284 0 48 5.20284 1
gene 2 3 15 2.71947 0 75 2.71947 1
gene 1 3 33 -2.15903 0 85 -2.15903 1
gene 1 33 10 -0.607318 0 86 -0.607318 1
genomeend 69

/* Organism #70 Fitness: 4.02145 Error: 1.99465 */
genomestart 70
trait 1 0 0 0 0 0 0 0 0 
trait 2 0.2 0 0 0 0 0 0 0 
trait 3 0.3 0 0 0 0 0 0 0 
node 1 1 1 3
node 2 3 1 1
node 3 1 1 1
node 4 2 0 2
node 10 1 0 0
node 15 1 0 0
node 33 1 0 0
gene 1 1 4 -2.52862 0 1 -2.52862 1
gene 3 2 4 -0.55414 0 2 -0.55414 0
gene 2 3 4 -3.62598 0 3 -3.62598 1
gene 3 2 10 -3.15996 0 14 -3.15996 1
gene 3 10 4 -0.268563 0 15 -0.268563 0
gene 1 3 10 1.07539 0 18 1.07539 0
gene 3 10 15 -0.692175 0 27 -0.692175 1
gene 3 15 4 7.41877 0 28 7.41877 1
gene 1 2 15 2.34451 0 48 2.34451 1
gene 2 3 15 2.14557 0 75 2.14557 1
gene 1 3 33 -0.179373 0 85 -0.179373 1
gene 1 33 10 -1.60245 0 86 -1.60245 1
genomeend 70

/* Organism #71 Fitness: 11.6332 Error: 0.589248 */
/* ##------$ WINNER 71 SPECIES #8 $------## */
genomestart 71
trait 1 0 0 0 0 0 0 0 0 
trait 2 0.2 0 0 0 0 0 0 0 
trait 3 0.3 0 0 0 0 0 0 0 
node 1 1 1 3
node 2 3 1 1
node 3 1 1 1
node 4 2 0 2
node 10 1 0 0
node 15 1 0 0
node 33 1 0 0
gene 1 1 4 -4.78272 0 1 -4.78272 1
gene 3 2 4 -0.899953 0 2 -0.899953 0
gene 2 3 4 -2.81804 0 3 -2.81804 1
gene 3 2 10 1.79081 0 14 1.79081 1
gene 3 10 4 -0.689375 0 15 -0.689375 1
gene 1 3 10 2.92634 0 18 2.92634 0
gene 3 10 15 -1.20031 0 27 -1.20031 1
gene 3 15 4 8 0 28 8 1
gene 1 2 15 1.66416 0 48 1.66416 1
gene 2 3 15 4.17025 0 75 4.17025 1
gene 1 3 33 1.52249 0 85 1.52249 1
gene 1 33 10 -0.0371563 0 86 -0.0371563 1
genomeend 71

/* Species #9 : (Size 7) (AF 4.70106) (Age 12)  */


/* Organism #72 Fitness: 8.90807 Error: 1.01536 */
genomestart 72
trait 1 0 0 0 0 0 0 0 0 
trait 2 0.2 0 0 0 0 0 0 0 
trait 3 0.3 0 0 0 0 0 0 0 
node 1 1 1 3
node 2 3 1 1
node 3 1 1 1
node 4 2 0 2
node 10 1 0 0
node 15 1 0 0
node 34 2 0 0
gene 1 1 4 -0.675283 0 1 -0.675283 1
gene 3 2 4 5.6716 0 2 5.6716 0
gene 2 3 4 -2.15742 0 3 -2.15742 1
gene 3 2 10 -2.32556 0 14 -2.32556 1
gene 3 10 4 7.07062 0 15 7.07062 0
gene 1 3 10 0.654942 0 18 0.654942 1
gene 3 10 15 1.45324 0 27 1.45324 1
gene 1 15 4 2.76376 0 28 2.76376 1
gene 1 2 15 -2.74374 0 48 -2.74374 1
gene 2 3 15 -1.1497 0 75 -1.1497 1
gene 1 15 34 0.728118 0 87 0.728118 1
gene 1 34 4 3.04434 0 88 3.04434 1
gene 2 3 34 -0.165929 0 163 -0.165929 1
genomeend 72

/* Organism #73 Fitness: 4.00014 Error: 1.99997 */
genomestart 73
trait 1 0 0 0 0 0 0 0 0 
trait 2 0.2 0 0 0 0 0 0 0 
trait 3 0.3 0 0 0 0 0 0 0 
node 1 1 1 3
node 2 3 1 1
node 3 3 1 1
node 4 2 0 2
node 10 1 0 0
node 15 1 0 0
node 34 2 0 0
gene 1 1 4 -1.88588 0 1 -1.88588 1
gene 3 2 4 5.92475 0 2 5.92475 0
gene 2 3 4 -2.58659 0 3 -2.58659 1
gene 3 2 10 -4.10479 0 14 -4.10479 1
gene 3 10 4 7.64689 0 15 7.64689 0
gene 1 3 10 -1.74061 0 18 -1.74061 1
gene 3 10 15 -0.512078 0 27 -0.512078 1
gene 1 15 4 0.385067 0 28 0.385067 1
gene 1 2 15 -0.249466 0 48 -0.249466 1
gene 2 3 15 -1.25194 0 75 -1.25194 1
gene 1 15 34 2.91485 0 87 2.91485 1
gene 1 34 4 3.45885 0 88 3.45885 1
gene 2 3 34 -2.00804 0 163 -2.00804 1
genomeend 73

/* Organism #74 Fitness: 4 Error: 2 */
genomestart 74
trait 1 0 0 0 0 0 0 0 0 
trait 2 0.2 0 0 0 0 0 0 0 
trait 3 0.3 0 0 0 0 0 0 0 
node 1 1 1 3
node 2 2 1 1
node 3 1 1 1
node 4 2 0 2
node 10 1 0 0
node 15 1 0 0
node 34 2 0 0
node 59 1 0 0
gene 1 1 4 -0.795831 0 1 -0.795831 1
gene 3 2 4 5.49032 0 2 5.49032 1
gene 2 3 4 -0.916463 0 3 -0.916463 1
gene 3 2 10 -0.921865 0 14 -0.921865 1
gene 3 10 4 8 0 15 8 1
gene 1 3 10 0.00161748 0 18 0.00161748 1
gene 3 10 15 -0.568995 0 27 -0.568995 1
gene 1 15 4 4.20248 0 28 4.20248 1
gene 1 2 15 -4.12181 0 48 -4.12181 1
gene 2 3 15 1.02459 0 75 1.02459 1
gene 1 15 34 -1.30174 0 87 -1.30174 0
gene 1 34 4 4.62588 0 88 4.62588 1
gene 2 3 34 -2.64098 0 163 -2.64098 1
gene 1 15 59 1 0 184 1 1
gene 1 59 34 -1.48165 0 185 -1.48165 1
genomeend 74

/* Organism #75 Fitness: 3.99359 Error: 2.0016 */
genomestart 75
trait 1 0 0 0 0 0 0 0 0 
trait 2 0.2 0 0 0 0 0 0 0 
trait 3 0.3 0 0 0 0 0 0 0 
node 1 1 1 3
node 2 3 1 1
node 3 1 1 1
node 4 2 0 2
node 10 1 0 0
node 15 1 0 0
node 34 2 0 0
node 59 1 0 0
gene 1 1 4 -0.833216 0 1 -0.833216 1
gene 3 2 4 5.20322 0 2 5.20322 0
gene 2 3 4 -2.56561 0 3 -2.56561 1
gene 3 2 10 -1.56855 0 14 -1.56855 1
gene 3 10 4 6.55722 0 15 6.55722 1
gene 1 3 10 2.64307 0 18 2.64307 1
gene 3 10 15 3.54635 0 27 3.54635 1
gene 1 15 4 3.29432 0 28 3.29432 1
gene 1 2 15 -4.57783 0 48 -4.57783 1
gene 2 3 15 -3.11563 0 75 -3.11563 1
gene 1 15 34 -0.694197 0 87 -0.694197 0
gene 1 34 4 2.49264 0 88 2.49264 1
gene 2 3 34 -1.70292 0 163 -1.70292 1
gene 1 15 59 1 0 184 1 1
gene 1 59 34 0.728118 0 185 0.728118 1
genomeend 75

/* Organism #76 Fitness: 4.003 Error: 1.99925 */
genomestart 76
trait 1 0 0 0 0 0 0 0 0 
trait 2 0.2 0 0 0 0 0 0 0 
trait 3 0.3 0 0 0 0 0 0 0 
node 1 1 1 3
node 2 3 1 1
node 3 1 1 1
node 4 2 0 2
node 10 1 0 0
node 15 1 0 0
node 34 2 0 0
node 59 1 0 0
gene 1 1 4 0.235389 0 1 0.235389 1
gene 3 2 4 3.18701 0 2 3.18701 0
gene 2 3 4 -3.01179 0 3 -3.01179 1
gene 3 2 10 -2.50509 0 14 -2.50509 1
gene 3 10 4 4.94928 0 15 4.94928 1
gene 1 3 10 -0.407559 0 18 -0.407559 1
gene 3 10 15 0.772752 0 27 0.772752 1
gene 1 15 4 2.68853 0 28 2.68853 1
gene 1 2 15 -4.15019 0 48 -4.15019 1
gene 2 3 15 1.09249 0 75 1.09249 1
gene 1 15 34 2.80124 0 87 2.80124 0
gene 1 34 4 4.23898 0 88 4.23898 1
gene 2 3 34 1.24441 0 163 1.24441 1
gene 1 15 59 2.81204 0 184 2.81204 1
gene 1 59 34 0.728118 0 185 0.728118 1
genomeend 76

/* Organism #77 Fitness: 4.00263 Error: 1.99934 */
genomestart 77
trait 1 0 0 0 0 0 0 0 0 
trait 2 0.2 0 0 0 0 0 0 0 
trait 3 0.3 0 0 0 0 0 0 0 
node 1 1 1 3
node 2 3 1 1
node 3 1 1 1
node 4 2 0 2
node 10 1 0 0
node 15 1 0 0
node 34 2 0 0
node 59 1 0 0
gene 1 1 4 0.229286 0 1 0.229286 1
gene 3 2 4 7.03646 0 2 7.03646 0
gene 2 3 4 -1.97485 0 3 -1.97485 1
gene 3 2 10 -3.85302 0 14 -3.85302 1
gene 3 10 4 7.18972 0 15 7.18972 1
gene 1 3 10 1.58713 0 18 1.58713 1
gene 3 10 15 2.99595 0 27 2.99595 1
gene 1 15 4 1.81951 0 28 1.81951 1
gene 1 2 15 -0.331561 0 48 -0.331561 1
gene 2 3 15 0.593974 0 75 0.593974 1
gene 1 15 34 -0.223601 0 87 -0.223601 0
gene 1 34 4 1.80261 0 88 1.80261 1
gene 2 3 34 0.182058 0 163 0.182058 1
gene 1 15 59 1 0 184 1 1
gene 1 59 34 2.22978 0 185 2.22978 1
genomeend 77

/* Organism #78 Fitness: 4 Error: 2 */
genomestart 78
trait 1 0 0 0 0 0 0 0 0 
trait 2 0.2 0 0 0 0 0 0 0 
trait 3 0.3 0 0 0 0 0 0 0 
node 1 2 1 3
node 2 3 1 1
node 3 1 1 1
node 4 2 0 2
node 10 1 0 0
node 15 1 0 0
node 34 2 0 0
node 59 1 0 0
gene 1 1 4 -0.15128 0 1 -0.15128 1
gene 3 2 4 4.574 0 2 4.574 1
gene 2 3 4 -4.03057 0 3 -4.03057 1
gene 3 2 10 0.155438 0 14 0.155438 1
gene 3 10 4 8 0 15 8 1
gene 1 3 10 2.53946 0 18 2.53946 1
gene 3 10 15 1.40555 0 27 1.40555 1
gene 1 15 4 4.79179 0 28 4.79179 1
gene 1 2 15 -3.71141 0 48 -3.71141 1
gene 2 3 15 1.09211 0 75 1.09211 1
gene 1 15 34 2.87281 0 87 2.87281 0
gene 1 34 4 2.77112 0 88 2.77112 1
gene 2 3 34 -1.47555 0 163 -1.47555 1
gene 1 15 59 1 0 184 1 1
gene 1 59 34 0.728118 0 185 0.728118 1
genomeend 78

/* Species #10 : (Size 9) (AF 7.93354) (Age 12)  */


/* Organism #79 Fitness: 8.99998 Error: 1 */
genomestart 79
trait 1 0 0.0568712 0 0 0.212584 0 0 0.107173 
trait 2 0.214462 0 0 0 0 0 0 0 
trait 3 0.3 0 0.338069 0 0 0 0 0 
node 1 1 1 3
node 2 3 1 1
node 3 1 1 1
node 4 2 0 2
node 10 1 0 0
node 15 1 0 0
node 39 1 0 0
node 48 1 0 0
gene 1 1 4 -4.86439 0 1 -4.86439 1
gene 3 2 4 8 0 2 8 1
gene 2 3 4 -5.5428 0 3 -5.5428 1
gene 3 2 10 -0.801187 0 14 -0.801187 0
gene 3 10 4 -0.307112 0 15 -0.307112 1
gene 1 3 10 -1.31737 0 18 -1.31737 0
gene 3 10 15 -1.16262 0 27 -1.16262 1
gene 1 15 4 2.6726 0 28 2.6726 1
gene 2 2 15 0.299615 0 89 0.299615 1
gene 1 3 39 2.20197 0 112 2.20197 1
gene 1 39 10 2.35733 0 113 2.35733 1
gene 2 1 39 1.18981 0 118 1.18981 1
gene 3 2 48 1.83468 0 150 1.83468 1
gene 3 48 10 -0.0257672 0 151 -0.0257672 1
genomeend 79

/* Organism #80 Fitness: 8.99998 Error: 1 */
genomestart 80
trait 1 0 0.0568712 0 0 0.212584 0 0 0.107173 
trait 2 0.214462 0 0 0 0 0 0 0 
trait 3 0 0.392407 0 0 0 0 0 0 
node 1 1 1 3
node 2 3 1 1
node 3 1 1 1
node 4 2 0 2
node 10 1 0 0
node 15 1 0 0
node 39 1 0 0
node 48 1 0 0
gene 1 1 4 -4.28393 0 1 -4.28393 1
gene 3 2 4 8 0 2 8 1
gene 2 3 4 -7.2307 0 3 -7.2307 1
gene 1 2 10 2.8401 0 14 2.8401 1
gene 3 10 4 -1.19238 0 15 -1.19238 1
gene 1 3 10 0.0348655 0 18 0.0348655 0
gene 3 10 15 -0.161615 0 27 -0.161615 1
gene 1 15 4 0.975143 0 28 0.975143 1
gene 2 2 15 -4.42938 0 89 -4.42938 1
gene 1 3 39 1.35176 0 112 1.35176 1
gene 1 39 10 -1.33519 0 113 -1.33519 1
gene 2 1 39 -3.29237 0 118 -3.29237 1
gene 3 2 48 -0.267418 0 150 -0.267418 1
gene 3 48 10 -0.476165 0 151 -0.476165 1
genomeend 80

/* Organism #81 Fitness: 8.99022 Error: 1.00163 */
genomestart 81
trait 1 0 0.0568712 0 0 0.212584 0 0 0.107173 
trait 2 0.214462 0 0 0 0 0 0 0 
trait 3 0.3 0 0.338069 0 0 0 0 0 
node 1 1 1 3
node 2 3 1 1
node 3 1 1 1
node 4 2 0 2
node 10 1 0 0
node 15 1 0 0
node 39 1 0 0
node 48 1 0 0
gene 1 1 4 -6.28457 0 1 -6.28457 1
gene 3 2 4 7.58548 0 2 7.58548 1
gene 2 3 4 -4.72628 0 3 -4.72628 1
gene 3 2 10 3.27758 0 14 3.27758 0
gene 3 10 4 -0.404847 0 15 -0.404847 0
gene 2 3 10 -0.0167108 0 18 -0.0167108 0
gene 3 10 15 -0.55744 0 27 -0.55744 1
gene 1 15 4 1.34913 0 28 1.34913 1
gene 2 2 15 -1.12049 0 89 -1.12049 1
gene 1 3 39 -0.0776467 0 112 -0.0776467 1
gene 1 39 10 0.425272 0 113 0.425272 1
gene 2 1 39 -0.106693 0 118 -0.106693 1
gene 3 2 48 2.75512 0 150 2.75512 1
gene 3 48 10 -0.31312 0 151 -0.31312 1
genomeend 81

/* Organism #82 Fitness: 4.51163 Error: 1.87594 */
genomestart 82
trait 1 0 0.0568712 0 0 0.212584 0 0 0.107173 
trait 2 0.214462 0 0 0 0 0 0 0 
trait 3 0.3 0 0.338069 0 0 0 0 0 
node 1 1 1 3
node 2 3 1 1
node 3 1 1 1
node 4 2 0 2
node 10 1 0 0
node 15 1 0 0
node 39 1 0 0
node 48 1 0 0
gene 1 1 4 -7.24475 0 1 -7.24475 1
gene 3 2 4 6.84762 0 2 6.84762 1
gene 2 3 4 -5.09624 0 3 -5.09624 1
gene 3 2 10 0.0282783 0 14 0.0282783 0
gene 3 10 4 2.40888 0 15 2.40888 0
gene 1 3 10 -0.215844 0 18 -0.215844 0
gene 3 10 15 -1.91292 0 27 -1.91292 1
gene 1 15 4 2.77793 0 28 2.77793 1
gene 2 2 15 -1.92343 0 89 -1.92343 1
gene 1 3 39 -2.56727 0 112 -2.56727 1
gene 1 39 10 -2.05939 0 113 -2.05939 1
gene 2 1 39 1.51628 0 118 1.51628 1
gene 3 2 48 -0.37669 0 150 -0.37669 1
gene 3 48 10 2.47505 0 151 2.47505 1
genomeend 82

/* Organism #83 Fitness: 8.92992 Error: 1.0117 */
genomestart 83
trait 1 0 0.0568712 0 0 0.212584 0 0 0.107173 
trait 2 0.214462 0 0 0 0 0 0 0 
trait 3 0.3 0 0.338069 0 0 0 0 0 
node 1 1 1 3
node 2 3 1 1
node 3 1 1 1
node 4 2 0 2
node 10 1 0 0
node 15 1 0 0
node 39 1 0 0
node 48 1 0 0
gene 1 1 4 -3.22898 0 1 -3.22898 1
gene 3 2 4 7.29003 0 2 7.29003 1
gene 2 3 4 -8 0 3 -8 1
gene 3 2 10 0.708688 0 14 0.708688 0
gene 3 10 4 -0.994007 0 15 -0.994007 1
gene 1 3 10 -0.284892 0 18 -0.284892 1
gene 3 10 15 0.248173 0 27 0.248173 1
gene 1 15 4 -2.17347 0 28 -2.17347 1
gene 2 2 15 0.908227 0 89 0.908227 1
gene 1 3 39 -0.798799 0 112 -0.798799 1
gene 1 39 10 2.16979 0 113 2.16979 1
gene 2 1 39 3.51349 0 118 3.51349 1
gene 3 2 48 -0.625324 0 150 -0.625324 1
gene 3 48 10 1.18748 0 151 1.18748 1
genomeend 83

/* Organism #84 Fitness: 8.97863 Error: 1.00356 */
genomestart 84
trait 1 0 0.0568712 0 0 0.212584 0 0 0.107173 
trait 2 0.214462 0 0 0 0 0 0 0 
trait 3 0.3 0 0.338069 0 0 0 0 0 
node 1 1 1 3
node 2 3 1 1
node 3 1 1 1
node 4 2 0 2
node 10 1 0 0
node 15 1 0 0
node 39 1 0 0
node 48 1 0 0
gene 1 1 4 -0.881569 0 1 -0.881569 1
gene 3 2 4 4.93881 0 2 4.93881 1
gene 2 3 4 -7.75081 0 3 -7.75081 1
gene 3 2 10 -0.921534 0 14 -0.921534 0
gene 3 10 4 -2.91324 0 15 -2.91324 1
gene 1 3 10 -1.85675 0 18 -1.85675 1
gene 3 10 15 -3.19134 0 27 -3.19134 1
gene 1 15 4 -2.26457 0 28 -2.26457 1
gene 2 2 15 -0.110405 0 89 -0.110405 1
gene 1 3 39 0.235473 0 112 0.235473 1
gene 1 39 10 2.67189 0 113 2.67189 1
gene 2 1 39 1.46097 0 118 1.46097 1
gene 3 2 48 -0.58359 0 150 -0.58359 1
gene 3 48 10 4.33325 0 151 4.33325 1
genomeend 84

/* Organism #85 Fitness: 9 Error: 1 */
genomestart 85
trait 1 0 0.0568712 0 0 0.212584 0 0 0.107173 
trait 2 0.214462 0 0 0 0 0 0 0 
trait 3 0.3 0 0.338069 0 0 0 0 0 
node 1 1 1 3
node 2 3 1 1
node 3 1 1 1
node 4 2 0 2
node 10 1 0 0
node 15 1 0 0
node 39 1 0 0
node 48 1 0 0
gene 1 1 4 -4.48214 0 1 -4.48214 1
gene 3 2 4 7.48529 0 2 7.48529 1
gene 2 3 4 -6.19227 0 3 -6.19227 1
gene 3 2 10 0.00153642 0 14 0.00153642 1
gene 3 10 4 -0.319205 0 15 -0.319205 0
gene 1 3 10 0.276725 0 18 0.276725 0
gene 3 10 15 -0.65033 0 27 -0.65033 1
gene 1 15 4 1.13165 0 28 1.13165 1
gene 2 2 15 -0.768689 0 89 -0.768689 1
gene 1 3 39 -0.973899 0 112 -0.973899 1
gene 1 39 10 0.885186 0 113 0.885186 1
gene 2 1 39 0.588824 0 118 0.588824 1
gene 3 2 48 0.628864 0 150 0.628864 1
gene 3 48 10 0.69792 0 151 0.69792 1
genomeend 85

/* Organism #86 Fitness: 3.99987 Error: 2.00003 */
genomestart 86
trait 1 0 0.0568712 0 0 0.212584 0 0 0.107173 
trait 2 0.214462 0 0 0 0 0 0 0 
trait 3 0.3 0 0.338069 0 0 0 0 0 
node 1 1 1 3
node 2 3 1 1
node 3 1 1 1
node 4 2 0 2
node 10 1 0 0
node 15 1 0 0
node 39 1 0 0
node 48 1 0 0
gene 1 1 4 -3.28887 0 1 -3.28887 1
gene 3 2 4 7.65389 0 2 7.65389 1
gene 2 3 4 -4.58856 0 3 -4.58856 1
gene 3 2 10 -3.60472 0 14 -3.60472 0
gene 3 10 4 1.25765 0 15 1.25765 1
gene 1 3 10 -0.948212 0 18 -0.948212 1
gene 3 10 15 -1.29126 0 27 -1.29126 1
gene 1 15 4 1.7274 0 28 1.7274 1
gene 2 2 15 1.76648 0 89 1.76648 1
gene 1 3 39 -1.75357 0 112 -1.75357 1
gene 1 39 10 -0.232326 0 113 -0.232326 1
gene 2 1 39 3.86811 0 118 3.86811 1
gene 3 2 48 0.568331 0 150 0.568331 1
gene 3 48 10 1.77526 0 151 1.77526 1
genomeend 86

/* Organism #87 Fitness: 8.99159 Error: 1.0014 */
genomestart 87
trait 1 0 0.0568712 0 0 0.212584 0 0 0.107173 
trait 2 0.214462 0 0 0 0 0 0 0 
trait 3 0.3 0 0.338069 0 0 0 0 0 
node 1 1 1 3
node 2 3 1 1
node 3 1 1 1
node 4 2 0 2
node 10 1 0 0
node 15 1 0 0
node 39 1 0 0
node 48 1 0 0
gene 1 1 4 -6.66612 0 1 -6.66612 1
gene 3 2 4 8 0 2 8 1
gene 2 3 4 -5.85096 0 3 -5.85096 1
gene 3 2 10 1.28869 0 14 1.28869 0
gene 3 10 4 0.118164 0 15 0.118164 0
gene 1 3 10 0.503782 0 18 0.503782 0
gene 3 10 15 -0.00940352 0 27 -0.00940352 1
gene 1 15 4 2.25339 0 28 2.25339 1
gene 2 2 15 -2.11333 0 89 -2.11333 1
gene 1 3 39 -0.391758 0 112 -0.391758 1
gene 1 39 10 0.397118 0 113 0.397118 1
gene 2 1 39 -0.898267 0 118 -0.898267 1
gene 3 2 48 1.51782 0 150 1.51782 1
gene 3 48 10 -0.645161 0 151 -0.645161 1
gene 3 1 10 0.151891 0 192 0 1
genomeend 87

/* Species #11 : (Size 11) (AF 7.8277) (Age 12)  */


/* Organism #88 Fitness: 9 Error: 1 */
genomestart 88
trait 1 0.05 0 0 0 0 0 0 0 
trait 2 0.2 0 0 0 0 0 0 0 
trait 3 0.3 0 0 0 0 0 0 0 
node 1 1 1 3
node 2 1 1 1
node 3 1 1 1
node 4 2 0 2
node 11 1 0 0
node 21 1 0 0
gene 2 1 4 -3.75736 0 1 -3.75736 1
gene 3 2 4 -7.04493 0 2 -7.04493 1
gene 2 3 4 5.89255 0 3 5.89255 1
gene 2 3 11 -2.62608 0 16 -2.62608 1
gene 2 11 4 -0.960715 0 17 -0.960715 1
gene 2 11 21 -5.27056 0 42 -5.27056 1
gene 2 21 4 5.26147 0 43 5.26147 1
gene 3 2 21 -4.9842 0 92 -4.9842 1
genomeend 88

/* Organism #89 Fitness: 9 Error: 1 */
genomestart 89
trait 1 0.05 0 0 0 0 0 0 0 
trait 2 0.2 0 0 0 0 0 0 0 
trait 3 0.3 0 0 0 0 0 0 0 
node 1 1 1 3
node 2 1 1 1
node 3 1 1 1
node 4 2 0 2
node 11 1 0 0
node 21 1 0 0
gene 2 1 4 -3.50267 0 1 -3.50267 1
gene 3 2 4 -6.43723 0 2 -6.43723 1
gene 2 3 4 5.61018 0 3 5.61018 1
gene 2 3 11 -2.12434 0 16 -2.12434 1
gene 2 11 4 -1.22182 0 17 -1.22182 1
gene 2 11 21 -5.51452 0 42 -5.51452 1
gene 2 21 4 4.94839 0 43 4.94839 1
gene 3 2 21 -4.62173 0 92 -4.62173 1
gene 3 2 11 0.692984 0 194 0.692984 1
genomeend 89

/* Organism #90 Fitness: 9 Error: 1 */
genomestart 90
trait 1 0.05 0 0 0 0 0 0 0 
trait 2 0.2 0 0 0 0 0 0 0 
trait 3 0.3 0 0 0 0 0 0 0 
node 1 1 1 3
node 2 1 1 1
node 3 1 1 1
node 4 2 0 2
node 11 1 0 0
node 21 1 0 0
gene 2 1 4 -1.8236 0 1 -1.8236 1
gene 3 2 4 -7.50683 0 2 -7.50683 1
gene 2 3 4 7.61181 0 3 7.61181 1
gene 2 3 11 0.193182 0 16 0.193182 1
gene 2 11 4 -2.71679 0 17 -2.71679 1
gene 2 11 21 -5.6377 0 42 -5.6377 1
gene 2 21 4 2.32727 0 43 2.32727 1
gene 3 2 21 -1.91923 0 92 -1.91923 1
genomeend 90

/* Organism #91 Fitness: 4 Error: 2 */
genomestart 91
trait 1 0.05 0 0 0 0 0 0 0 
trait 2 0.2 0 0 0 0 0 0 0 
trait 3 0.3 0 0 0 0 0 0 0 
node 1 1 1 3
node 2 1 1 1
node 3 1 1 1
node 4 2 0 2
node 11 1 0 0
node 21 1 0 0
gene 2 1 4 -4.0783 0 1 -4.0783 1
gene 3 2 4 -7.48844 0 2 -7.48844 1
gene 2 3 4 0.502716 0 3 0.502716 1
gene 2 3 11 -0.819498 0 16 -0.819498 1
gene 2 11 4 -2.53879 0 17 -2.53879 1
gene 2 11 21 -3.83909 0 42 -3.83909 1
gene 2 21 4 -2.0703 0 43 -2.0703 1
gene 3 2 21 -4.63038 0 92 -4.63038 1
genomeend 91

/* Organism #92 Fitness: 4.00006 Error: 1.99998 */
genomestart 92
trait 1 0.05 0 0 0 0 0 0 0 
trait 2 0.2 0 0 0 0 0 0 0 
trait 3 0.3 0 0 0 0 0 0 0 
node 1 1 1 3
node 2 1 1 1
node 3 1 1 1
node 4 2 0 2
node 11 1 0 0
node 21 1 0 0
gene 2 1 4 -0.881413 0 1 -0.881413 1
gene 3 2 4 0.514695 0 2 0.514695 1
gene 2 3 4 5.93932 0 3 5.93932 1
gene 2 3 11 -4.06255 0 16 -4.06255 1
gene 2 11 4 -3.74877 0 17 -3.74877 1
gene 2 11 21 0.968886 0 42 0.968886 1
gene 2 21 4 -0.219581 0 43 -0.219581 1
gene 3 2 21 -4.25927 0 92 -4.25927 1
genomeend 92

/* Organism #93 Fitness: 8.98964 Error: 1.00173 */
genomestart 93
trait 1 0.05 0 0 0 0 0 0 0 
trait 2 0.2 0 0 0 0 0 0 0 
trait 3 0.3 0 0 0 0 0 0 0 
node 1 1 1 3
node 2 1 1 1
node 3 1 1 1
node 4 2 0 2
node 11 1 0 0
node 21 1 0 0
node 61 1 0 0
gene 2 1 4 -3.75736 0 1 -3.75736 1
gene 3 2 4 -5.82953 0 2 -5.82953 1
gene 2 3 4 5.89255 0 3 5.89255 0
gene 2 3 11 -1.62259 0 16 -1.62259 1
gene 2 11 4 -0.960715 0 17 -0.960715 1
gene 2 11 21 -5.27056 0 42 -5.27056 1
gene 2 21 4 5.26147 0 43 5.26147 1
gene 3 2 21 -4.25927 0 92 -4.25927 1
gene 2 3 61 1 0 195 0 1
gene 2 61 4 5.89255 0 196 0 1
genomeend 93

/* Organism #94 Fitness: 8.99999 Error: 1 */
genomestart 94
trait 1 0.05 0 0 0 0 0 0 0 
trait 2 0.2 0 0 0 0 0 0 0 
trait 3 0.3 0 0 0 0 0 0 0 
node 1 1 1 3
node 2 1 1 1
node 3 1 1 1
node 4 2 0 2
node 11 1 0 0
node 21 1 0 0
gene 2 1 4 -1.4032 0 1 -1.4032 1
gene 3 2 4 -8 0 2 -8 1
gene 2 3 4 4.92634 0 3 4.92634 1
gene 2 3 11 -0.295419 0 16 -0.295419 1
gene 2 11 4 -2.73312 0 17 -2.73312 1
gene 2 11 21 -5.4671 0 42 -5.4671 1
gene 2 21 4 6.10561 0 43 6.10561 1
gene 3 2 21 -5.05992 0 92 -5.05992 1
genomeend 94

/* Organism #95 Fitness: 8.99994 Error: 1.00001 */
genomestart 95
trait 1 0.05 0 0 0 0 0 0 0 
trait 2 0.2 0 0 0 0 0 0 0 
trait 3 0.3 0 0 0 0 0 0 0 
node 1 1 1 3
node 2 1 1 1
node 3 1 1 1
node 4 2 0 2
node 11 1 0 0
node 21 1 0 0
gene 2 1 4 -2.71107 0 1 -2.71107 1
gene 3 2 4 -5.2712 0 2 -5.2712 1
gene 2 3 4 4.46047 0 3 4.46047 1
gene 2 3 11 -2.10723 0 16 -2.10723 1
gene 2 11 4 0.730888 0 17 0.730888 1
gene 2 11 21 -6.74758 0 42 -6.74758 1
gene 2 21 4 5.90587 0 43 5.90587 1
gene 3 2 21 -1.94391 0 92 -1.94391 1
genomeend 95

/* Organism #96 Fitness: 6.33725 Error: 1.48261 */
genomestart 96
trait 1 0.05 0 0 0 0 0 0 0 
trait 2 0.2 0 0 0 0 0 0 0 
trait 3 0.3 0 0 0 0 0 0 0 
node 1 1 1 3
node 2 1 1 1
node 3 1 1 1
node 4 2 0 2
node 11 1 0 0
node 21 1 0 0
gene 2 1 4 -1.68176 0 1 -1.68176 1
gene 3 2 4 -7.33043 0 2 -7.33043 1
gene 2 3 4 5.63353 0 3 5.63353 1
gene 2 3 11 -4.07781 0 16 -4.07781 1
gene 2 11 4 -0.369533 0 17 -0.369533 1
gene 2 11 21 -7.26952 0 42 -7.26952 1
gene 2 21 4 3.92178 0 43 3.92178 1
gene 3 2 21 -4.3686 0 92 -4.3686 1
gene 2 1 11 -0.970626 0 186 -0.970626 1
genomeend 96

/* Organism #97 Fitness: 8.77782 Error: 1.03726 */
genomestart 97
trait 1 0.05 0 0 0 0 0 0 0 
trait 2 0.2 0 0 0 0 0 0 0 
trait 3 0.3 0 0 0 0 0 0 0 
node 1 1 1 3
node 2 1 1 1
node 3 1 1 1
node 4 2 0 2
node 11 1 0 0
node 21 1 0 0
gene 2 1 4 -1.76042 0 1 -1.76042 1
gene 3 2 4 -7.72061 0 2 -7.72061 1
gene 2 3 4 4.61703 0 3 4.61703 1
gene 2 3 11 -2.29247 0 16 -2.29247 1
gene 2 11 4 0.239769 0 17 0.239769 1
gene 2 11 21 -5.02145 0 42 -5.02145 1
gene 2 21 4 2.22144 0 43 2.22144 1
gene 3 2 21 -5.41775 0 92 -5.41775 1
gene 2 1 11 -1.4503 0 186 -1.4503 1
genomeend 97

/* Organism #98 Fitness: 9 Error: 1 */
genomestart 98
trait 1 0.05 0 0 0 0 0 0 0 
trait 2 0.2 0 0 0 0 0 0 0 
trait 3 0.3 0 0 0 0 0 0 0 
node 1 1 1 3
node 2 1 1 1
node 3 1 1 1
node 4 3 0 2
node 11 1 0 0
node 21 1 0 0
gene 2 1 4 -5.39918 0 1 -5.39918 1
gene 3 2 4 -5.95679 0 2 -5.95679 1
gene 2 3 4 6.25252 0 3 6.25252 1
gene 3 3 11 -4.70424 0 16 -4.70424 1
gene 2 11 4 -1.73001 0 17 -1.73001 1
gene 2 11 21 -5.70064 0 42 -5.70064 1
gene 2 21 4 6.20479 0 43 6.20479 1
gene 3 2 21 -6.53408 0 92 -6.53408 1
genomeend 98

/* Species #12 : (Size 12) (AF 7.39024) (Age 11)  */


/* Organism #99 Fitness: 9 Error: 1 */
genomestart 99
trait 1 0.05 0 0 0 0 0 0 0 
trait 2 0.2 0 0 0 0 0 0 0 
trait 3 0.3 0 0 0 0 0 0 0 
node 1 1 1 3
node 2 1 1 1
node 3 1 1 1
node 4 2 0 2
node 11 1 0 0
node 41 1 0 0
gene 1 1 4 -1.16591 0 1 -1.16591 1
gene 2 2 4 8 0 2 8 1
gene 2 3 4 -3.76194 0 3 -3.76194 0
gene 2 3 11 3.82798 0 16 3.82798 1
gene 2 11 4 -5.72184 0 17 -5.72184 1
gene 3 1 11 -2.55364 0 67 -2.55364 1
gene 2 2 11 0.966018 0 119 0.966018 1
gene 2 3 41 3.79626 0 125 3.79626 1
gene 2 41 4 -4.58503 0 126 -4.58503 1
genomeend 99

/* Organism #100 Fitness: 9 Error: 1 */
genomestart 100
trait 1 0.05 0 0 0 0 0 0 0 
trait 2 0.2 0 0 0 0 0.26516 0 0 
trait 3 0.3 0 0 0 0 0 0 0 
node 1 1 1 3
node 2 1 1 1
node 3 1 1 1
node 4 2 0 2
node 11 1 0 0
node 41 1 0 0
gene 1 1 4 -1.16591 0 1 -1.16591 1
gene 2 2 4 8 0 2 8 1
gene 2 3 4 -3.76194 0 3 -3.76194 0
gene 2 3 11 2.60823 0 16 2.60823 1
gene 2 11 4 -5.72184 0 17 -5.72184 1
gene 3 1 11 -2.55364 0 67 -2.55364 1
gene 2 2 11 1.39846 0 119 1.39846 1
gene 2 3 41 4.8007 0 125 4.8007 1
gene 2 41 4 -4.58503 0 126 -4.58503 1
genomeend 100

/* Organism #101 Fitness: 8.98234 Error: 1.00294 */
genomestart 101
trait 1 0.05 0 0 0 0 0 0 0 
trait 2 0.2 0 0 0 0 0.26516 0 0 
trait 3 0.3 0 0 0 0 0 0 0 
node 1 1 1 3
node 2 1 1 1
node 3 1 1 1
node 4 2 0 2
node 11 1 0 0
node 41 1 0 0
gene 1 1 4 -3.90319 0 1 -3.90319 1
gene 2 2 4 6.85945 0 2 6.85945 1
gene 2 3 4 -5.03228 0 3 -5.03228 0
gene 2 3 11 3.88264 0 16 3.88264 1
gene 2 11 4 -5.63536 0 17 -5.63536 1
gene 3 1 11 -4.0904 0 67 -4.0904 1
gene 2 2 11 0.0633564 0 119 0.0633564 1
gene 2 3 41 3.55879 0 125 3.55879 1
gene 2 41 4 -3.54591 0 126 -3.54591 1
genomeend 101

/* Organism #102 Fitness: 3.94271 Error: 2.01437 */
genomestart 102
trait 1 0.05 0 0 0 0 0 0 0 
trait 2 0.2 0 0 0 0 0 0 0 
trait 3 0.3 0 0 0 0 0 0 0 
node 1 1 1 3
node 2 1 1 1
node 3 1 1 1
node 4 2 0 2
node 11 1 0 0
node 41 1 0 0
gene 1 1 4 1.21654 0 1 1.21654 1
gene 2 2 4 8 0 2 8 1
gene 2 3 4 -1.55652 0 3 -1.55652 0
gene 2 3 11 1.59505 0 16 1.59505 1
gene 3 11 4 -3.59035 0 17 -3.59035 1
gene 3 1 11 -3.91439 0 67 -3.91439 1
gene 2 2 11 2.09215 0 119 2.09215 1
gene 2 3 41 2.95555 0 125 2.95555 1
gene 2 41 4 -4.15021 0 126 -4.15021 1
genomeend 102

/* Organism #103 Fitness: 4.00067 Error: 1.99983 */
genomestart 103
trait 1 0.05 0 0 0 0 0 0 0 
trait 2 0.2 0 0 0 0 0.26516 0 0 
trait 3 0.3 0 0 0 0 0 0 0 
node 1 1 1 3
node 2 1 1 1
node 3 1 1 1
node 4 2 0 2
node 11 1 0 0
node 41 1 0 0
gene 1 1 4 -1.8937 0 1 -1.8937 1
gene 2 2 4 8 0 2 8 1
gene 2 3 4 -2.09006 0 3 -2.09006 0
gene 2 3 11 1.38532 0 16 1.38532 1
gene 2 11 4 -6.17752 0 17 -6.17752 1
gene 3 1 11 2.24174 0 67 2.24174 1
gene 2 2 11 -0.774071 0 119 -0.774071 1
gene 2 3 41 3.52491 0 125 3.52491 1
gene 2 41 4 -3.3995 0 126 -3.3995 1
genomeend 103

/* Organism #104 Fitness: 9 Error: 1 */
genomestart 104
trait 1 0.05 0 0 0 0 0 0 0 
trait 2 0.2 0 0 0 0 0.53032 0 0 
trait 3 0.3 0 0 0 0 0 0 0 
node 1 1 1 3
node 2 1 1 1
node 3 1 1 1
node 4 2 0 2
node 11 1 0 0
node 41 1 0 0
gene 1 1 4 -3.01228 0 1 -3.01228 1
gene 2 2 4 8 0 2 8 1
gene 2 3 4 -4.4187 0 3 -4.4187 0
gene 2 3 11 2.60823 0 16 2.60823 1
gene 2 11 4 -4.85565 0 17 -4.85565 1
gene 3 1 11 -2.65405 0 67 -2.65405 1
gene 2 2 11 1.39846 0 119 1.39846 1
gene 2 3 41 4.8007 0 125 4.8007 1
gene 2 41 4 -3.44722 0 126 -3.44722 1
genomeend 104

/* Organism #105 Fitness: 9 Error: 1 */
genomestart 105
trait 1 0.05 0 0 0 0 0 0 0 
trait 2 0.2 0 0 0 0 0.26516 0 0 
trait 3 0.3 0 0 0 0 0 0 0 
node 1 1 1 3
node 2 1 1 1
node 3 1 1 1
node 4 2 0 2
node 11 1 0 0
node 41 1 0 0
gene 1 1 4 -3.01228 0 1 -3.01228 1
gene 2 2 4 8 0 2 8 1
gene 2 3 4 -4.4187 0 3 -4.4187 0
gene 2 3 11 3.82798 0 16 3.82798 1
gene 2 11 4 -5.72184 0 17 -5.72184 1
gene 3 1 11 -2.55364 0 67 -2.55364 1
gene 2 2 11 0.966018 0 119 0.966018 1
gene 2 3 41 3.79626 0 125 3.79626 1
gene 2 41 4 -3.44722 0 126 -3.44722 1
genomeend 105

/* Organism #106 Fitness: 3.99436 Error: 2.00141 */
genomestart 106
trait 1 0.05 0 0 0 0 0 0 0 
trait 2 0.2 0 0 0 0 0 0 0 
trait 3 0.3 0 0 0 0 0 0 0 
node 1 1 1 3
node 2 1 1 1
node 3 1 1 1
node 4 2 0 2
node 11 1 0 0
node 41 1 0 0
gene 1 1 4 0.960471 0 1 0.960471 1
gene 2 2 4 6.81939 0 2 6.81939 1
gene 2 3 4 -4.60692 0 3 -4.60692 0
gene 2 3 11 -0.0340281 0 16 -0.0340281 1
gene 2 11 4 -4.53475 0 17 -4.53475 1
gene 3 1 11 -1.90146 0 67 -1.90146 1
gene 2 2 11 1.4109 0 119 1.4109 1
gene 2 3 41 4.93674 0 125 4.93674 1
gene 2 41 4 -4.58503 0 126 -4.58503 1
genomeend 106

/* Organism #107 Fitness: 9 Error: 1 */
genomestart 107
trait 1 0.05 0 0 0 0 0 0 0 
trait 2 0.2 0 0 0 0 0.26516 0 0 
trait 3 0.3 0 0 0 0 0 0 0 
node 1 1 1 3
node 2 1 1 1
node 3 1 1 1
node 4 2 0 2
node 11 1 0 0
node 41 1 0 0
gene 1 1 4 -2.08909 0 1 -2.08909 1
gene 2 2 4 8 0 2 8 1
gene 2 3 4 -4.09032 0 3 -4.09032 1
gene 2 3 11 3.2181 0 16 3.2181 1
gene 2 11 4 -5.28875 0 17 -5.28875 1
gene 3 1 11 -2.60385 0 67 -2.60385 1
gene 2 2 11 1.18224 0 119 1.18224 1
gene 2 3 41 4.29848 0 125 4.29848 1
gene 2 41 4 -4.01612 0 126 -4.01612 1
genomeend 107

/* Organism #108 Fitness: 8.99999 Error: 1 */
genomestart 108
trait 1 0.05 0 0 0 0 0 0 0 
trait 2 0.2 0 0 0 0 0 0 0 
trait 3 0.3 0 0 0 0 0 0 0 
node 1 1 1 3
node 2 1 1 1
node 3 1 1 1
node 4 2 0 2
node 11 1 0 0
node 41 1 0 0
gene 1 1 4 -0.608867 0 1 -0.608867 1
gene 2 2 4 5.98921 0 2 5.98921 1
gene 2 3 4 -0.157094 0 3 -0.157094 0
gene 2 3 11 5.50077 0 16 5.50077 1
gene 2 11 4 -6.42972 0 17 -6.42972 1
gene 3 1 11 -2.55364 0 67 -2.55364 1
gene 2 2 11 -0.338801 0 119 -0.338801 1
gene 2 3 41 4.28257 0 125 4.28257 1
gene 2 41 4 -5.35928 0 126 -5.35928 1
genomeend 108

/* Organism #109 Fitness: 4.76277 Error: 1.81762 */
genomestart 109
trait 1 0.05 0 0 0 0 0 0 0 
trait 2 0.2 0 0 0 0 0.26516 0 0 
trait 3 0.3 0 0 0 0 0 0 0 
node 1 1 1 3
node 2 1 1 1
node 3 1 1 1
node 4 2 0 2
node 11 1 0 0
node 41 1 0 0
gene 1 1 4 -4.58367 0 1 -4.58367 1
gene 2 2 4 8 0 2 8 1
gene 2 3 4 -1.94853 0 3 -1.94853 0
gene 2 3 11 1.76519 0 16 1.76519 1
gene 2 11 4 -7.60663 0 17 -7.60663 1
gene 3 1 11 -4.03906 0 67 -4.03906 1
gene 2 2 11 -0.585314 0 119 -0.585314 1
gene 2 3 41 5.53639 0 125 5.53639 1
gene 2 41 4 -3.11178 0 126 -3.11178 1
genomeend 109

/* Organism #110 Fitness: 9 Error: 1 */
genomestart 110
trait 1 0.05 0 0 0 0 0 0 0 
trait 2 0.2 0 0 0 0 0 0 0 
trait 3 0.3 0 0 0 0 0 0 0 
node 1 1 1 3
node 2 1 1 1
node 3 1 1 1
node 4 2 0 2
node 11 1 0 0
node 41 1 0 0
gene 1 1 4 -1.16591 0 1 -1.16591 1
gene 2 2 4 8 0 2 8 1
gene 2 3 4 -3.76194 0 3 -3.76194 0
gene 2 3 11 3.82798 0 16 3.82798 1
gene 2 11 4 -5.72184 0 17 -5.72184 1
gene 3 1 11 -2.55364 0 67 -2.55364 1
gene 2 2 11 0.966018 0 119 0.966018 1
gene 2 3 41 3.79626 0 125 3.79626 1
gene 2 41 4 -4.58503 0 126 -4.58503 1
gene 2 11 41 0.986297 0 197 0.986297 1
genomeend 110

/* Species #13 : (Size 9) (AF 6.25625) (Age 10)  */


/* Organism #111 Fitness: 8.99999 Error: 1 */
genomestart 111
trait 1 0 0.227485 0 0 0.850337 0 0 0.428694 
trait 2 0.2 0 0 0 0 0 0 0 
trait 3 0.3 0 0 0 0 0 0 0 
node 1 1 1 3
node 2 3 1 1
node 3 1 1 1
node 4 2 0 2
node 10 1 0 0
node 15 1 0 0
gene 1 1 4 -2.71126 0 1 -2.71126 1
gene 3 2 4 8 0 2 8 0
gene 2 3 4 2.52243 0 3 2.52243 1
gene 3 2 10 -0.584506 0 14 -0.584506 1
gene 3 10 4 -2.45079 0 15 -2.45079 0
gene 1 3 10 -2.55654 0 18 -2.55654 1
gene 3 10 15 -3.03964 0 27 -3.03964 1
gene 1 15 4 8 0 28 8 1
gene 2 2 15 0.627384 0 89 0.627384 1
genomeend 111

/* Organism #112 Fitness: 4.00015 Error: 1.99996 */
genomestart 112
trait 1 0 0.227485 0 0 0.850337 0 0 0.428694 
trait 2 0.2 0 0 0 0 0 0 0 
trait 3 0.3 0 0 0 0 0 0 0 
node 1 1 1 3
node 2 3 1 1
node 3 1 1 1
node 4 2 0 2
node 10 1 0 0
node 15 1 0 0
gene 1 1 4 1.91115 0 1 1.91115 1
gene 3 2 4 8 0 2 8 0
gene 2 3 4 3.1267 0 3 3.1267 1
gene 3 2 10 -1.99164 0 14 -1.99164 1
gene 3 10 4 0.855434 0 15 0.855434 0
gene 1 3 10 -0.10445 0 18 -0.10445 1
gene 3 10 15 -1.57895 0 27 -1.57895 1
gene 1 15 4 8 0 28 8 1
gene 2 2 15 2.04024 0 89 2.04024 1
genomeend 112

/* Organism #113 Fitness: 4 Error: 2 */
genomestart 113
trait 1 0 0.227485 0 0 0.850337 0 0 0.428694 
trait 2 0.2 0 0 0 0 0 0 0 
trait 3 0.3 0 0 0 0 0 0 0.245369 
node 1 1 1 3
node 2 3 1 1
node 3 1 1 1
node 4 2 0 2
node 10 1 0 0
node 15 1 0 0
gene 1 1 4 2.09479 0 1 2.09479 1
gene 3 2 4 -2.22724 0 2 -2.22724 0
gene 2 3 4 0.729774 0 3 0.729774 1
gene 3 2 10 0.426572 0 14 0.426572 1
gene 3 10 4 -4.438 0 15 -4.438 0
gene 1 3 10 -3.02499 0 18 -3.02499 1
gene 3 10 15 -5.05272 0 27 -5.05272 1
gene 1 15 4 5.52831 0 28 5.52831 1
gene 2 2 15 0.667745 0 89 0.667745 1
genomeend 113

/* Organism #114 Fitness: 4.00017 Error: 1.99996 */
genomestart 114
trait 1 0 0.227485 0 0 0.850337 0 0 0.428694 
trait 2 0.2 0 0 0 0 0 0 0 
trait 3 0.3 0 0 0 0 0 0 0 
node 1 1 1 3
node 2 3 1 1
node 3 1 1 1
node 4 2 0 2
node 10 1 0 0
node 15 1 0 0
gene 1 1 4 -0.0176626 0 1 -0.0176626 1
gene 3 2 4 8 0 2 8 0
gene 2 3 4 0.443205 0 3 0.443205 1
gene 3 2 10 -0.125851 0 14 -0.125851 1
gene 3 10 4 -5.78719 0 15 -5.78719 1
gene 1 3 10 -1.28895 0 18 -1.28895 1
gene 3 10 15 -4.07949 0 27 -4.07949 1
gene 1 15 4 8 0 28 8 1
gene 2 2 15 -0.0282296 0 89 -0.0282296 1
genomeend 114

/* Organism #115 Fitness: 8.90397 Error: 1.01605 */
genomestart 115
trait 1 0 0.227485 0 0 0.850337 0 0 0.428694 
trait 2 0.2 0 0 0 0 0 0 0 
trait 3 0.3 0 0 0 0 0 0 0 
node 1 1 1 3
node 2 3 1 1
node 3 1 1 1
node 4 2 0 2
node 10 1 0 0
node 15 1 0 0
gene 1 1 4 -4.79644 0 1 -4.79644 1
gene 3 2 4 7.88792 0 2 7.88792 0
gene 2 3 4 1.70682 0 3 1.70682 1
gene 3 2 10 -1.31497 0 14 -1.31497 1
gene 3 10 4 -3.17225 0 15 -3.17225 0
gene 1 3 10 -1.33824 0 18 -1.33824 1
gene 3 10 15 -5.51416 0 27 -5.51416 1
gene 1 15 4 8 0 28 8 1
gene 2 2 15 1.62572 0 89 1.62572 1
genomeend 115

/* Organism #116 Fitness: 4.37021 Error: 1.9095 */
genomestart 116
trait 1 0 0.227485 0 0 0.850337 0 0 0.428694 
trait 2 0.2 0 0 0 0 0 0 0 
trait 3 0.3 0 0 0 0 0 0 0 
node 1 1 1 3
node 2 3 1 1
node 3 1 1 1
node 4 2 0 2
node 10 1 0 0
node 15 1 0 0
gene 1 1 4 -3.57265 0 1 -3.57265 1
gene 3 2 4 8 0 2 8 0
gene 2 3 4 0.231025 0 3 0.231025 1
gene 3 2 10 -4.41794 0 14 -4.41794 1
gene 3 10 4 -0.79783 0 15 -0.79783 0
gene 1 3 10 -5.08751 0 18 -5.08751 1
gene 3 10 15 -1.93648 0 27 -1.93648 1
gene 1 15 4 5.74606 0 28 5.74606 1
gene 2 2 15 -1.01497 0 89 -1.01497 1
genomeend 116

/* Organism #117 Fitness: 9 Error: 1 */
genomestart 117
trait 1 0 0.227485 0 0 0.850337 0 0 0.428694 
trait 2 0.2 0 0 0 0 0 0 0 
trait 3 0.3 0 0 0 0 0 0 0 
node 1 1 1 3
node 2 3 1 1
node 3 1 1 1
node 4 2 0 2
node 10 1 0 0
node 15 1 0 0
gene 1 1 4 -1.36486 0 1 -1.36486 1
gene 3 2 4 7.68795 0 2 7.68795 1
gene 2 3 4 4.64513 0 3 4.64513 1
gene 3 2 10 -1.07246 0 14 -1.07246 1
gene 3 10 4 -5.71486 0 15 -5.71486 1
gene 1 3 10 -0.720772 0 18 -0.720772 1
gene 3 10 15 -4.71295 0 27 -4.71295 1
gene 1 15 4 5.1825 0 28 5.1825 1
gene 2 2 15 4.05393 0 89 4.05393 1
genomeend 117

/* Organism #118 Fitness: 8.98825 Error: 1.00196 */
genomestart 118
trait 1 0 0.227485 0 0 0.850337 0 0 0.428694 
trait 2 0.2 0 0 0 0 0 0 0 
trait 3 0.3 0 0 0 0 0 0 0 
node 1 1 1 3
node 2 3 1 1
node 3 1 1 1
node 4 2 0 2
node 10 1 0 0
node 15 1 0 0
gene 1 1 4 -1.75649 0 1 -1.75649 1
gene 3 2 4 8 0 2 8 0
gene 2 3 4 0.120415 0 3 0.120415 1
gene 3 2 10 -2.64008 0 14 -2.64008 1
gene 3 10 4 -0.439543 0 15 -0.439543 0
gene 1 3 10 -2.45849 0 18 -2.45849 1
gene 3 10 15 -2.55972 0 27 -2.55972 1
gene 1 15 4 5.8784 0 28 5.8784 1
gene 2 2 15 -1.72529 0 89 -1.72529 1
genomeend 118

/* Organism #119 Fitness: 4.0435 Error: 1.98915 */
genomestart 119
trait 1 0 0.227485 0 0 0.850337 0 0 0.428694 
trait 2 0.2 0 0 0 0 0 0 0 
trait 3 0.3 0 0 0 0 0 0 0 
node 1 1 1 3
node 2 3 1 1
node 3 1 1 1
node 4 2 0 2
node 10 1 0 0
node 15 1 0 0
gene 1 1 4 -4.78637 0 1 -4.78637 1
gene 3 2 4 8 0 2 8 0
gene 2 3 4 -0.108303 0 3 -0.108303 1
gene 3 2 10 -0.82667 0 14 -0.82667 1
gene 3 10 4 -0.10712 0 15 -0.10712 1
gene 1 3 10 -1.5553 0 18 -1.5553 1
gene 3 10 15 -4.68638 0 27 -4.68638 1
gene 1 15 4 8 0 28 8 1
gene 2 2 15 4.16555 0 89 4.16555 1
genomeend 119

/* Species #15 : (Size 9) (AF 5.67239) (Age 9)  */


/* Organism #120 Fitness: 9 Error: 1 */
genomestart 120
trait 1 0.05 0 0 0 0 0 0 0 
trait 2 0.2 0 0 0 0 0 0 0 
trait 3 0.3 0 0 0 0 0 0 0 
node 1 1 1 3
node 2 3 1 1
node 3 1 1 1
node 4 2 0 2
node 11 1 0 0
node 28 1 0 0
gene 2 1 4 -3.25014 0 1 -3.25014 1
gene 2 2 4 0.381939 0 2 0.381939 1
gene 2 3 4 -3.73038 0 3 -3.73038 1
gene 2 3 11 3.81407 0 16 3.81407 1
gene 2 11 4 -7.02203 0 17 -7.02203 1
gene 1 2 11 -2.10002 0 60 -2.10002 1
gene 2 2 28 1.6451 0 68 1.6451 1
gene 2 28 4 8 0 69 8 1
gene 1 1 11 0.725135 0 117 0.725135 1
gene 2 1 28 -0.25235 0 121 -0.25235 1
genomeend 120

/* Organism #121 Fitness: 9 Error: 1 */
genomestart 121
trait 1 0.05 0 0 0 0 0 0 0 
trait 2 0.2 0 0 0 0 0 0 0 
trait 3 0.3 0 0 0 0 0 0 0 
node 1 1 1 3
node 2 3 1 1
node 3 1 1 1
node 4 2 0 2
node 11 1 0 0
node 28 1 0 0
gene 2 1 4 -3.25014 0 1 -3.25014 1
gene 2 2 4 0.381939 0 2 0.381939 1
gene 2 3 4 -3.73038 0 3 -3.73038 1
gene 2 3 11 3.81407 0 16 3.81407 1
gene 2 11 4 -7.02203 0 17 -7.02203 1
gene 1 2 11 -2.10002 0 60 -2.10002 1
gene 2 2 28 1.6451 0 68 1.6451 1
gene 2 28 4 8 0 69 8 1
gene 1 1 11 0.725135 0 117 0.725135 1
gene 2 1 28 -0.25235 0 121 -0.25235 1
gene 2 3 28 0.464492 0 198 0.464492 1
genomeend 121

/* Organism #122 Fitness: 9 Error: 1 */
genomestart 122
trait 1 0.05 0 0 0 0 0 0 0 
trait 2 0.2 0 0 0 0 0 0 0 
trait 3 0.3 0 0 0 0 0 0 0 
node 1 1 1 3
node 2 3 1 1
node 3 1 1 1
node 4 2 0 2
node 11 1 0 0
node 28 1 0 0
gene 2 1 4 -3.25014 0 1 -3.25014 1
gene 2 2 4 0.381939 0 2 0.381939 1
gene 2 3 4 -3.73038 0 3 -3.73038 1
gene 2 3 11 3.81407 0 16 3.81407 1
gene 2 11 4 -7.02203 0 17 -7.02203 1
gene 1 2 11 -2.10002 0 60 -2.10002 1
gene 2 2 28 1.6451 0 68 1.6451 1
gene 2 28 4 8 0 69 8 1
gene 1 1 11 0.725135 0 117 0.725135 1
gene 2 1 28 -0.25235 0 121 -0.25235 1
gene 2 11 28 0.194678 0 180 0 1
gene 2 3 28 0.464492 0 198 0 1
genomeend 122

/* Organism #123 Fitness: 4 Error: 2 */
genomestart 123
trait 1 0.05 0 0 0 0 0 0 0 
trait 2 0.2 0 0 0 0 0 0 0 
trait 3 0.3 0 0 0 0 0 0 0 
node 1 1 1 3
node 2 3 1 1
node 3 1 1 1
node 4 2 0 2
node 11 1 0 0
node 28 1 0 0
gene 2 1 4 -3.51801 0 1 -3.51801 1
gene 2 2 4 -0.456328 0 2 -0.456328 1
gene 2 3 4 -3.90335 0 3 -3.90335 1
gene 2 3 11 4.6277 0 16 4.6277 1
gene 2 11 4 -8 0 17 -8 1
gene 1 2 11 -1.71686 0 60 -1.71686 1
gene 2 2 28 0.98888 0 68 0.98888 1
gene 2 28 4 8 0 69 8 1
gene 1 1 11 3.15548 0 117 3.15548 1
gene 2 1 28 1.02348 0 121 1.02348 1
gene 2 11 28 0.194678 0 180 0.194678 1
genomeend 123

/* Organism #124 Fitness: 4.06985 Error: 1.98261 */
genomestart 124
trait 1 0.05 0 0 0 0 0 0 0 
trait 2 0.2 0 0 0 0 0 0 0 
trait 3 0.3 0 0 0 0 0 0 0 
node 1 1 1 3
node 2 3 1 1
node 3 1 1 1
node 4 2 0 2
node 11 1 0 0
node 28 1 0 0
gene 2 1 4 -3.594 0 1 -3.594 1
gene 2 2 4 0.840022 0 2 0.840022 1
gene 2 3 4 -4.37844 0 3 -4.37844 1
gene 2 3 11 -0.0709555 0 16 -0.0709555 1
gene 2 11 4 -6.91003 0 17 -6.91003 1
gene 1 2 11 -2.72542 0 60 -2.72542 1
gene 2 2 28 4.0035 0 68 4.0035 1
gene 2 28 4 1.93503 0 69 1.93503 1
gene 1 1 11 0.725135 0 117 0.725135 1
gene 2 1 28 -0.25235 0 121 -0.25235 1
genomeend 124

/* Organism #125 Fitness: 3.98168 Error: 2.00459 */
genomestart 125
trait 1 0.05 0 0 0 0 0 0 0 
trait 2 0.2 0 0 0 0 0 0 0 
trait 3 0.3 0 0 0 0 0 0 0 
node 1 1 1 3
node 2 3 1 1
node 3 1 1 1
node 4 2 0 2
node 11 1 0 0
node 28 1 0 0
gene 2 1 4 -4.70793 0 1 -4.70793 1
gene 2 2 4 -1.82402 0 2 -1.82402 1
gene 2 3 4 1.88437 0 3 1.88437 1
gene 2 3 11 2.33126 0 16 2.33126 1
gene 2 11 4 -2.10135 0 17 -2.10135 1
gene 1 2 11 -1.1811 0 60 -1.1811 1
gene 2 2 28 3.19766 0 68 3.19766 1
gene 2 28 4 7.62455 0 69 7.62455 1
gene 1 1 11 -1.76031 0 117 -1.76031 1
gene 2 1 28 1.31569 0 121 1.31569 1
gene 2 11 28 -0.568285 0 180 -0.568285 1
genomeend 125

/* Organism #126 Fitness: 4 Error: 2 */
genomestart 126
trait 1 0.05 0 0 0 0 0 0 0 
trait 2 0.2 0 0 0 0 0 0 0 
trait 3 0.3 0 0 0 0 0 0 0 
node 1 1 1 3
node 2 3 1 1
node 3 1 1 1
node 4 2 0 2
node 11 1 0 0
node 28 3 0 0
gene 2 1 4 -4.74936 0 1 -4.74936 1
gene 2 2 4 -1.69385 0 2 -1.69385 1
gene 2 3 4 -2.56664 0 3 -2.56664 1
gene 2 3 11 4.72902 0 16 4.72902 1
gene 2 11 4 -7.84436 0 17 -7.84436 1
gene 1 2 11 -1.07047 0 60 -1.07047 1
gene 2 2 28 3.30646 0 68 3.30646 1
gene 2 28 4 8 0 69 8 1
gene 1 1 11 2.82664 0 117 2.82664 1
gene 2 1 28 0.0266655 0 121 0.0266655 1
gene 2 11 28 2.27802 0 180 2.27802 1
genomeend 126

/* Organism #127 Fitness: 4 Error: 2 */
genomestart 127
trait 1 0.05 0 0 0 0 0 0 0 
trait 2 0.2 0 0 0 0 0 0 0 
trait 3 0.3 0 0 0 0 0 0 0 
node 1 1 1 3
node 2 3 1 1
node 3 1 1 1
node 4 2 0 2
node 11 1 0 0
node 28 1 0 0
gene 2 1 4 -5.636 0 1 -5.636 1
gene 2 2 4 -1.45741 0 2 -1.45741 1
gene 2 3 4 -0.762352 0 3 -0.762352 1
gene 2 3 11 0.827357 0 16 0.827357 1
gene 2 11 4 -6.98579 0 17 -6.98579 1
gene 1 2 11 -0.915365 0 60 -0.915365 1
gene 2 2 28 1.53142 0 68 1.53142 1
gene 2 28 4 1.1021 0 69 1.1021 1
gene 1 1 11 0.17687 0 117 0.17687 1
gene 2 1 28 1.19949 0 121 1.19949 1
gene 2 11 28 2.31396 0 180 2.31396 1
genomeend 127

/* Organism #128 Fitness: 4 Error: 2 */
genomestart 128
trait 1 0.05 0 0 0 0 0 0 0 
trait 2 0.2 0 0 0 0 0 0 0 
trait 3 0.3 0 0 0 0 0 0 0 
node 1 1 1 3
node 2 3 1 1
node 3 1 1 1
node 4 2 0 2
node 11 1 0 0
node 28 1 0 0
gene 2 1 4 -2.10829 0 1 -2.10829 1
gene 2 2 4 -1.28094 0 2 -1.28094 1
gene 2 3 4 -4.2727 0 3 -4.2727 1
gene 2 3 11 6.28996 0 16 6.28996 1
gene 2 11 4 -7.5439 0 17 -7.5439 1
gene 1 2 11 -1.88158 0 60 -1.88158 1
gene 2 2 28 -0.125809 0 68 -0.125809 1
gene 2 28 4 8 0 69 8 1
gene 1 1 11 1.82708 0 117 1.82708 1
gene 2 1 28 -0.25235 0 121 -0.25235 1
gene 2 11 28 -1.72021 0 180 -1.72021 1
genomeend 128

/* Species #16 : (Size 8) (AF 6.02725) (Age 7)  */


/* Organism #129 Fitness: 8.93006 Error: 1.01168 */
genomestart 129
trait 1 0.05 0 0 0 0 0 0 0 
trait 2 0.2 0 0 0 0 0 0 0 
trait 3 0.3 0 0 0 0 0 0 0 
node 1 3 1 3
node 2 1 1 1
node 3 1 1 1
node 4 2 0 2
node 11 1 0 0
gene 1 1 4 -4.58444 0 1 -4.58444 1
gene 2 2 4 5.66224 0 2 5.66224 1
gene 2 3 4 -2.09147 0 3 -2.09147 1
gene 2 3 11 -2.25623 0 16 -2.25623 1
gene 2 11 4 -8 0 17 -8 1
gene 3 1 11 -6.21133 0 67 -6.21133 1
gene 2 2 11 -4.46601 0 119 -4.46601 1
genomeend 129

/* Organism #130 Fitness: 4 Error: 2 */
genomestart 130
trait 1 0.05 0 0 0 0 0 0 0 
trait 2 0.2 0 0 0 0 0 0 0 
trait 3 0.3 0 0 0 0 0 0 0 
node 1 3 1 3
node 2 1 1 1
node 3 1 1 1
node 4 2 0 2
node 11 1 0 0
gene 1 1 4 -3.67399 0 1 -3.67399 1
gene 2 2 4 6.90877 0 2 6.90877 1
gene 2 3 4 -0.149731 0 3 -0.149731 1
gene 2 3 11 -4.38253 0 16 -4.38253 1
gene 2 11 4 -7.84909 0 17 -7.84909 1
gene 3 1 11 -3.97279 0 67 -3.97279 1
gene 2 2 11 -6.46505 0 119 -6.46505 1
genomeend 130

/* Organism #131 Fitness: 6.40706 Error: 1.46878 */
genomestart 131
trait 1 0.05 0 0 0 0 0 0 0 
trait 2 0.2 0 0 0 0 0 0 0 
trait 3 0.3 0 0 0 0 0 0 0 
node 1 3 1 3
node 2 1 1 1
node 3 1 1 1
node 4 2 0 2
node 11 1 0 0
gene 1 1 4 -5.78168 0 1 -5.78168 1
gene 2 2 4 6.96058 0 2 6.96058 1
gene 2 3 4 -1.20674 0 3 -1.20674 1
gene 2 3 11 -2.49504 0 16 -2.49504 1
gene 2 11 4 -8 0 17 -8 1
gene 3 1 11 -6.12809 0 67 -6.12809 1
gene 2 2 11 -4.56787 0 119 -4.56787 1
genomeend 131

/* Organism #132 Fitness: 7.57111 Error: 1.24843 */
genomestart 132
trait 1 0.05 0 0 0 0 0 0 0 
trait 2 0.2 0 0 0 0 0 0 0 
trait 3 0.3 0 0 0 0 0 0 0 
node 1 3 1 3
node 2 1 1 1
node 3 1 1 1
node 4 2 0 2
node 11 1 0 0
gene 1 1 4 -4.26945 0 1 -4.26945 1
gene 2 2 4 4.4948 0 2 4.4948 1
gene 2 3 4 -1.7674 0 3 -1.7674 1
gene 2 3 11 0.330973 0 16 0.330973 1
gene 2 11 4 -6.79208 0 17 -6.79208 1
gene 3 1 11 -3.36738 0 67 -3.36738 1
gene 2 2 11 -6.33859 0 119 -6.33859 1
genomeend 132

/* Organism #133 Fitness: 4.09022 Error: 1.97757 */
genomestart 133
trait 1 0.05 0 0 0 0 0 0 0 
trait 2 0.2 0 0 0 0 0 0 0 
trait 3 0.3 0 0 0 0 0 0 0 
node 1 3 1 3
node 2 1 1 1
node 3 1 1 1
node 4 2 0 2
node 11 1 0 0
gene 1 1 4 -5.84506 0 1 -5.84506 1
gene 2 2 4 5.07852 0 2 5.07852 1
gene 2 3 4 -4.17331 0 3 -4.17331 1
gene 2 3 11 -0.225913 0 16 -0.225913 1
gene 2 11 4 -6.65497 0 17 -6.65497 1
gene 3 1 11 -6.22594 0 67 -6.22594 1
gene 2 2 11 -0.123371 0 119 -0.123371 1
genomeend 133

/* Organism #134 Fitness: 4.1007 Error: 1.97498 */
genomestart 134
trait 1 0.05 0 0 0 0 0 0 0 
trait 2 0.2 0 0 0 0 0 0 0 
trait 3 0.3 0 0 0 0 0 0 0 
node 1 3 1 3
node 2 1 1 1
node 3 1 1 1
node 4 2 0 2
node 11 1 0 0
gene 1 1 4 -2.9211 0 1 -2.9211 1
gene 2 2 4 6.19433 0 2 6.19433 1
gene 2 3 4 -2.52941 0 3 -2.52941 1
gene 2 3 11 -0.567644 0 16 -0.567644 1
gene 2 11 4 -5.91185 0 17 -5.91185 1
gene 3 1 11 -8 0 67 -8 1
gene 2 2 11 -2.08633 0 119 -2.08633 1
genomeend 134

/* Organism #135 Fitness: 8.93943 Error: 1.01011 */
genomestart 135
trait 1 0.05 0 0 0.0995514 0.0511185 0 0 0 
trait 2 0.2 0 0 0 0 0 0 0 
trait 3 0.3 0 0 0 0 0 0 0 
node 1 3 1 3
node 2 1 1 1
node 3 1 1 1
node 4 2 0 2
node 11 1 0 0
gene 1 1 4 -4.26945 0 1 -4.26945 1
gene 2 2 4 5.26424 0 2 5.26424 1
gene 2 3 4 -2.19451 0 3 -2.19451 1
gene 2 3 11 0.107654 0 16 0.107654 1
gene 2 11 4 -6.79208 0 17 -6.79208 1
gene 3 1 11 -5.25335 0 67 -5.25335 1
gene 2 2 11 -6.33859 0 119 -6.33859 1
genomeend 135

/* Organism #136 Fitness: 4.17942 Error: 1.95564 */
genomestart 136
trait 1 0.05 0 0 0 0 0 0 0 
trait 2 0.2 0 0 0 0 0 0 0 
trait 3 0.3 0 0 0 0 0 0 0 
node 1 3 1 3
node 2 1 1 1
node 3 1 1 1
node 4 2 0 2
node 11 1 0 0
gene 1 1 4 -6.40387 0 1 -6.40387 1
gene 2 2 4 7.18016 0 2 7.18016 1
gene 2 3 4 -0.237396 0 3 -0.237396 1
gene 2 3 11 -2.62078 0 16 -2.62078 1
gene 2 11 4 -6.6494 0 17 -6.6494 1
gene 3 1 11 -6.21133 0 67 -6.21133 1
gene 2 2 11 -4.46601 0 119 -4.46601 1
genomeend 136

/* Species #17 : (Size 7) (AF 6.72452) (Age 6)  */


/* Organism #137 Fitness: 8.99995 Error: 1.00001 */
genomestart 137
trait 1 0 0 0 0 0 0 0 0 
trait 2 0.2 0 0 0 0 0 0 0 
trait 3 0.3 0 0 0 0 0 0 0 
node 1 1 1 3
node 2 3 1 1
node 3 1 1 1
node 4 2 0 2
node 10 1 0 0
node 45 2 0 0
gene 1 1 4 -4.18167 0 1 -4.18167 1
gene 3 2 4 2.55345 0 2 2.55345 0
gene 2 3 4 -5.07941 0 3 -5.07941 1
gene 3 2 10 3.64214 0 14 3.64214 1
gene 3 10 4 6.38458 0 15 6.38458 0
gene 3 1 10 1.44447 0 120 1.44447 1
gene 3 10 45 -0.32458 0 141 -0.32458 1
gene 3 45 4 6.68854 0 142 6.68854 1
gene 1 2 45 2.08002 0 167 2.08002 1
genomeend 137

/* Organism #138 Fitness: 8.07713 Error: 1.15797 */
genomestart 138
trait 1 0 0 0 0 0 0 0 0 
trait 2 0.2 0 0 0 0 0 0 0 
trait 3 0.3 0 0 0 0 0 0 0 
node 1 1 1 3
node 2 3 1 1
node 3 1 1 1
node 4 2 0 2
node 10 1 0 0
node 45 2 0 0
gene 1 1 4 -5.40531 0 1 -5.40531 1
gene 3 2 4 1.16546 0 2 1.16546 0
gene 2 3 4 -6.18052 0 3 -6.18052 1
gene 3 2 10 3.64214 0 14 3.64214 1
gene 3 10 4 8 0 15 8 0
gene 3 1 10 1.44447 0 120 1.44447 1
gene 3 10 45 -0.32458 0 141 -0.32458 1
gene 3 45 4 5.74514 0 142 5.74514 1
gene 1 2 45 3.21416 0 167 3.21416 1
genomeend 138

/* Organism #139 Fitness: 4.00005 Error: 1.99999 */
genomestart 139
trait 1 0 0 0 0 0 0 0 0 
trait 2 0.2 0 0 0 0 0 0 0 
trait 3 0.3 0 0 0 0 0 0 0 
node 1 1 1 3
node 2 3 1 1
node 3 1 1 1
node 4 2 0 2
node 10 1 0 0
node 45 2 0 0
gene 1 1 4 -5.53677 0 1 -5.53677 1
gene 3 2 4 4.68699 0 2 4.68699 0
gene 2 3 4 -5.49004 0 3 -5.49004 1
gene 3 2 10 6.15984 0 14 6.15984 1
gene 3 10 4 5.85844 0 15 5.85844 0
gene 3 1 10 -0.203986 0 120 -0.203986 1
gene 3 10 45 -2.25251 0 141 -2.25251 1
gene 3 45 4 4.69073 0 142 4.69073 1
gene 1 2 45 2.41389 0 167 2.41389 1
genomeend 139

/* Organism #140 Fitness: 8.99458 Error: 1.0009 */
genomestart 140
trait 1 0 0 0 0 0 0 0 0 
trait 2 0.2 0 0 0 0 0 0 0 
trait 3 0.3 0 0 0 0 0 0 0 
node 1 1 1 3
node 2 3 1 1
node 3 1 1 1
node 4 2 0 2
node 10 1 0 0
node 45 2 0 0
gene 1 1 4 -4.79349 0 1 -4.79349 1
gene 3 2 4 1.85945 0 2 1.85945 0
gene 2 3 4 -5.62996 0 3 -5.62996 1
gene 3 2 10 4.36905 0 14 4.36905 1
gene 3 10 4 7.19229 0 15 7.19229 0
gene 3 1 10 1.19319 0 120 1.19319 1
gene 3 10 45 -0.536264 0 141 -0.536264 1
gene 3 45 4 6.21684 0 142 6.21684 1
gene 1 2 45 2.64709 0 167 2.64709 1
genomeend 140

/* Organism #141 Fitness: 4 Error: 2 */
genomestart 141
trait 1 0 0 0 0 0 0 0 0 
trait 2 0.2 0 0 0 0 0 0 0 
trait 3 0.3 0 0 0 0 0 0 0 
node 1 1 1 3
node 2 3 1 1
node 3 1 1 1
node 4 2 0 2
node 10 1 0 0
node 45 2 0 0
gene 1 1 4 -6.31827 0 1 -6.31827 1
gene 3 2 4 0.234725 0 2 0.234725 0
gene 2 3 4 -3.82952 0 3 -3.82952 1
gene 3 2 10 3.08289 0 14 3.08289 1
gene 3 10 4 4.17252 0 15 4.17252 0
gene 3 1 10 0.663121 0 120 0.663121 1
gene 3 10 45 -1.55783 0 141 -1.55783 1
gene 3 45 4 5.949 0 142 5.949 1
gene 1 2 45 0.295145 0 167 0.295145 1
genomeend 141

/* Organism #142 Fitness: 4 Error: 2 */
genomestart 142
trait 1 0 0 0 0 0 0 0 0 
trait 2 0.2 0 0 0 0 0 0 0 
trait 3 0.3 0 0 0 0 0 0 0 
node 1 1 1 3
node 2 3 1 1
node 3 1 1 1
node 4 2 0 2
node 10 1 0 0
node 45 2 0 0
gene 1 1 4 -4.59138 0 1 -4.59138 1
gene 3 2 4 3.52477 0 2 3.52477 0
gene 2 3 4 -7.87933 0 3 -7.87933 1
gene 3 2 10 4.30683 0 14 4.30683 1
gene 3 10 4 8 0 15 8 0
gene 3 1 10 1.79215 0 120 1.79215 1
gene 3 10 45 -1.90704 0 141 -1.90704 1
gene 3 45 4 3.98453 0 142 3.98453 1
gene 1 2 45 1.17415 0 167 1.17415 1
genomeend 142

/* Organism #143 Fitness: 8.99995 Error: 1.00001 */
genomestart 143
trait 1 0 0 0 0 0 0 0 0 
trait 2 0.2 0 0 0 0 0 0 0 
trait 3 0.3 0 0 0 0 0 0 0 
node 1 1 1 3
node 2 3 1 1
node 3 1 1 1
node 4 2 0 2
node 10 1 0 0
node 45 2 0 0
gene 1 1 4 -4.18167 0 1 -4.18167 1
gene 3 2 4 1.16546 0 2 1.16546 0
gene 2 3 4 -5.07941 0 3 -5.07941 1
gene 3 2 10 5.09597 0 14 5.09597 1
gene 3 10 4 8 0 15 8 0
gene 3 1 10 1.44447 0 120 1.44447 1
gene 3 10 45 -0.747948 0 141 -0.747948 1
gene 3 45 4 6.68854 0 142 6.68854 1
gene 1 2 45 2.08002 0 167 2.08002 1
genomeend 143

/* Species #18 : (Size 6) (AF 4.63162) (Age 6)  */


/* Organism #144 Fitness: 5.43401 Error: 1.6689 */
genomestart 144
trait 1 0 0 0 0 0 0 0 0 
trait 2 0.2 0 0 0 0 0 0 0 
trait 3 0.3 0 0 0 0 0 0 0 
node 1 1 1 3
node 2 3 1 1
node 3 1 1 1
node 4 2 0 2
node 10 1 0 0
node 15 1 0 0
node 40 1 0 0
gene 1 1 4 2.40074 0 1 2.40074 1
gene 3 2 4 3.10497 0 2 3.10497 0
gene 2 3 4 2.96472 0 3 2.96472 1
gene 3 2 10 2.73618 0 14 2.73618 1
gene 3 10 4 0.0498215 0 15 0.0498215 0
gene 1 3 10 1.54377 0 18 1.54377 1
gene 3 10 15 0.866485 0 27 0.866485 1
gene 3 15 4 -0.314722 0 28 -0.314722 1
gene 2 2 15 -3.79143 0 89 -3.79143 1
gene 2 3 40 -2.20081 0 115 -2.20081 1
gene 2 40 4 -4.4516 0 116 -4.4516 1
genomeend 144

/* Organism #145 Fitness: 4.98365 Error: 1.76759 */
genomestart 145
trait 1 0 0 0 0 0 0 0 0 
trait 2 0.2 0 0 0 0 0 0 0 
trait 3 0.3 0 0 0 0 0 0 0 
node 1 1 1 3
node 2 2 1 1
node 3 1 1 1
node 4 2 0 2
node 10 1 0 0
node 15 1 0 0
node 40 1 0 0
gene 1 1 4 0.0128178 0 1 0.0128178 1
gene 3 2 4 1.96514 0 2 1.96514 0
gene 2 3 4 2.33215 0 3 2.33215 0
gene 3 2 10 2.60251 0 14 2.60251 1
gene 3 10 4 0.81286 0 15 0.81286 0
gene 1 3 10 0.391472 0 18 0.391472 1
gene 3 10 15 1.20136 0 27 1.20136 1
gene 3 15 4 -0.80958 0 28 -0.80958 1
gene 2 2 15 -3.3964 0 89 -3.3964 1
gene 2 3 40 0.182424 0 115 0.182424 1
gene 2 40 4 1.15841 0 116 1.15841 1
gene 1 40 15 0.540971 0 189 0.540971 1
genomeend 145

/* Organism #146 Fitness: 5.41268 Error: 1.67348 */
genomestart 146
trait 1 0 0 0 0 0 0 0 0 
trait 2 0.2 0 0 0 0 0 0 0 
trait 3 0.3 0 0 0 0 0 0 0 
node 1 1 1 3
node 2 3 1 1
node 3 1 1 1
node 4 2 0 2
node 10 1 0 0
node 15 1 0 0
node 40 1 0 0
gene 1 1 4 -0.33433 0 1 -0.33433 1
gene 3 2 4 3.10497 0 2 3.10497 1
gene 2 3 4 2.18657 0 3 2.18657 1
gene 3 2 10 4.74796 0 14 4.74796 1
gene 3 10 4 1.30894 0 15 1.30894 0
gene 1 3 10 0.311361 0 18 0.311361 1
gene 3 10 15 -0.704825 0 27 -0.704825 1
gene 3 15 4 1.21647 0 28 1.21647 1
gene 2 2 15 -3.79143 0 89 -3.79143 1
gene 2 3 40 1.68134 0 115 1.68134 1
gene 2 40 4 -2.06314 0 116 -2.06314 1
genomeend 146

/* Organism #147 Fitness: 3.95856 Error: 2.01039 */
genomestart 147
trait 1 0 0 0 0 0 0 0 0 
trait 2 0.2 0 0 0 0 0 0 0 
trait 3 0.3 0 0 0 0 0 0 0 
node 1 1 1 3
node 2 3 1 1
node 3 1 1 1
node 4 2 0 2
node 10 1 0 0
node 15 1 0 0
node 40 1 0 0
gene 1 1 4 1.09035 0 1 1.09035 1
gene 3 2 4 1.90682 0 2 1.90682 0
gene 2 3 4 1.86415 0 3 1.86415 1
gene 3 2 10 1.28029 0 14 1.28029 1
gene 3 10 4 -2.30216 0 15 -2.30216 0
gene 1 3 10 0.971553 0 18 0.971553 1
gene 3 10 15 -0.722232 0 27 -0.722232 1
gene 3 15 4 1.88879 0 28 1.88879 1
gene 2 2 15 -4.58468 0 89 -4.58468 1
gene 2 3 40 -2.47681 0 115 -2.47681 1
gene 2 40 4 -4.4516 0 116 -4.4516 1
genomeend 147

/* Organism #148 Fitness: 4.00005 Error: 1.99999 */
genomestart 148
trait 1 0 0 0 0 0 0 0 0 
trait 2 0.2 0 0 0 0 0 0 0 
trait 3 0.3 0 0 0 0 0 0 0 
node 1 1 1 3
node 2 3 1 1
node 3 1 1 1
node 4 2 0 2
node 10 1 0 0
node 15 1 0 0
node 40 1 0 0
gene 1 1 4 2.40074 0 1 2.40074 1
gene 3 2 4 3.10497 0 2 3.10497 0
gene 2 3 4 2.33215 0 3 2.33215 0
gene 3 2 10 2.60251 0 14 2.60251 1
gene 3 10 4 0.0498215 0 15 0.0498215 0
gene 1 3 10 1.54377 0 18 1.54377 1
gene 3 10 15 1.20136 0 27 1.20136 1
gene 3 15 4 -0.80958 0 28 -0.80958 1
gene 2 2 15 -3.3964 0 89 -3.3964 1
gene 2 3 40 0.182424 0 115 0.182424 1
gene 2 40 4 1.15841 0 116 1.15841 1
genomeend 148

/* Organism #149 Fitness: 4.00076 Error: 1.99981 */
genomestart 149
trait 1 0 0 0 0 0 0 0 0 
trait 2 0.2 0 0 0 0 0 0 0 
trait 3 0.3 0 0 0 0 0 0 0 
node 1 1 1 3
node 2 3 1 1
node 3 1 1 1
node 4 2 0 2
node 10 1 0 0
node 15 1 0 0
node 40 1 0 0
gene 1 1 4 -0.161519 0 1 -0.161519 1
gene 3 2 4 0.143017 0 2 0.143017 0
gene 2 3 4 3.4555 0 3 3.4555 0
gene 3 2 10 2.66934 0 14 2.66934 1
gene 3 10 4 1.85808 0 15 1.85808 0
gene 1 3 10 -2.21053 0 18 -2.21053 1
gene 3 10 15 3.12749 0 27 3.12749 1
gene 3 15 4 -2.10791 0 28 -2.10791 1
gene 2 2 15 0.137867 0 89 0.137867 1
gene 2 3 40 -0.241653 0 115 -0.241653 1
gene 2 40 4 -2.23911 0 116 -2.23911 1
genomeend 149
