
/* Species #1 : (Size 15) (AF 8.09135) (Age 18)  */


/* Organism #0 Fitness: 9 Error: 1 */
genomestart 0
trait 1 0.102869 0 0.000316361 0 0 0 0 0 
trait 2 0.2 0 0 0 0 0 0 0 
trait 3 0.3 0 0.00808651 0 0 0 0 0.00478133 
node 1 2 1 3
node 2 1 1 1
node 3 2 1 1
node 4 1 0 2
gene 1 1 4 -3.79938 0 1 -3.79938 1
gene 1 2 4 8 0 2 8 1
gene 1 3 4 8 0 3 8 1
genomeend 0

/* Organism #1 Fitness: 9 Error: 1 */
genomestart 1
trait 1 0.104247 0 0.000450815 0.000459029 0 0 0 0 
trait 2 0.2 0 0 0 0 0 0 0.0130619 
trait 3 0.3 0 0.0115233 0 0 0 0 0.0068134 
node 1 2 1 3
node 2 1 1 1
node 3 2 1 1
node 4 1 0 2
gene 1 1 4 -3.76384 0 1 -3.76384 1
gene 1 2 4 7.75635 0 2 7.75635 1
gene 2 3 4 8 0 3 8 1
genomeend 1

/* Organism #2 Fitness: 8.97244 Error: 1.0046 */
genomestart 2
trait 1 0.102869 0 0.000316361 0 0 0 0 0 
trait 2 0.2 0 0 0 0 0 0 0 
trait 3 0.3 0 0.00808651 0 0 0 0 0.00478133 
node 1 2 1 3
node 2 1 1 1
node 3 2 1 1
node 4 1 0 2
gene 1 1 4 -5.86571 0 1 -5.86571 1
gene 1 2 4 8 0 2 8 1
gene 1 3 4 6.95901 0 3 6.95901 1
genomeend 2

/* Organism #3 Fitness: 8.80699 Error: 1.03234 */
genomestart 3
trait 1 0.104191 0 0.000427088 0.000918059 0 0 0 0 
trait 2 0.2 0 0 0 0 0 0 0.00653096 
trait 3 0.3 0 0.0109168 0 0 0 0 0.0064548 
node 1 2 1 3
node 2 1 1 1
node 3 2 1 1
node 4 1 0 2
gene 1 1 4 -5.78384 0 1 -5.78384 1
gene 1 2 4 6.47476 0 2 6.47476 1
gene 1 3 4 7.61959 0 3 7.61959 1
genomeend 3

/* Organism #4 Fitness: 5.59224 Error: 1.63521 */
genomestart 4
trait 1 0.104191 0 0.000427088 0.000918059 0 0 0 0 
trait 2 0.2 0 0 0 0 0 0 0.00653096 
trait 3 0.3 0 0.0109168 0 0 0 0 0.0064548 
node 1 2 1 3
node 2 1 1 1
node 3 2 1 1
node 4 1 0 2
gene 1 1 4 -5.62652 0 1 -5.62652 1
gene 1 2 4 5.5145 0 2 5.5145 1
gene 1 3 4 7.10306 0 3 7.10306 1
genomeend 4

/* Organism #5 Fitness: 4 Error: 2 */
genomestart 5
trait 1 0.104191 0 0.000427088 0.000918059 0 0 0 0 
trait 2 0.2 0 0 0 0 0 0 0.00653096 
trait 3 0.3 0 0.0109168 0 0 0 0 0.0064548 
node 1 2 1 3
node 2 1 1 1
node 3 2 1 1
node 4 1 0 2
gene 1 1 4 -4.52755 0 1 -4.52755 1
gene 1 2 4 0.0122837 0 2 0.0122837 1
gene 1 3 4 1.8392 0 3 1.8392 1
genomeend 5

/* Organism #6 Fitness: 8.99891 Error: 1.00018 */
genomestart 6
trait 1 0.106287 0 0.000640632 0.00137709 0 0 0 0 
trait 2 0.2 0 0 0 0 0 0 0.0293893 
trait 3 0.3 0 0.0163752 0 0 0 0 0.0096822 
node 1 2 1 3
node 2 1 1 1
node 3 2 1 1
node 4 1 0 2
gene 1 1 4 -1.7488 0 1 -1.7488 1
gene 1 2 4 5.98616 0 2 5.98616 1
gene 2 3 4 8 0 3 8 1
genomeend 6

/* Organism #7 Fitness: 8.99955 Error: 1.00007 */
genomestart 7
trait 1 0.104191 0 0.000427088 0.000918059 0 0 0 0 
trait 2 0.2 0 0 0 0 0 0 0.00653096 
trait 3 0.3 0 0.0109168 0 0 0 0 0.0064548 
node 1 2 1 3
node 2 1 1 1
node 3 2 1 1
node 4 1 0 2
gene 1 1 4 -1.92897 0 1 -1.92897 1
gene 1 2 4 7.22506 0 2 7.22506 1
gene 1 3 4 8 0 3 8 1
genomeend 7

/* Organism #8 Fitness: 8.99817 Error: 1.0003 */
genomestart 8
trait 1 0.104908 0 0.000506178 0.000918059 0 0 0 0 
trait 2 0.2 0 0 0 0 0 0 0.0163274 
trait 3 0.3 0 0.0129384 0 0 0 0 0.00765013 
node 1 2 1 3
node 2 1 1 1
node 3 2 1 1
node 4 1 0 2
gene 1 1 4 -1.64393 0 1 -1.64393 1
gene 1 2 4 8 0 2 8 1
gene 2 3 4 8 0 3 8 1
genomeend 8

/* Organism #9 Fitness: 9 Error: 1 */
genomestart 9
trait 1 0.104191 0 0.000427088 0.000918059 0 0 0 0 
trait 2 0.2 0 0 0 0 0 0 0.00653096 
trait 3 0.3 0 0.0109168 0 0 0 0 0.0064548 
node 1 2 1 3
node 2 1 1 1
node 3 2 1 1
node 4 1 0 2
gene 1 1 4 -3.98706 0 1 -3.98706 1
gene 1 2 4 8 0 2 8 1
gene 2 3 4 8 0 3 8 1
genomeend 9

/* Organism #10 Fitness: 4.00197 Error: 1.99951 */
genomestart 10
trait 1 0.104908 0 0.000506178 0.000918059 0 0 0 0 
trait 2 0.2 0 0 0 0 0 0 0.0163274 
trait 3 0.3 0 0.0129384 0 0 0 0 0.00765013 
node 1 2 1 3
node 2 1 1 1
node 3 2 1 1
node 4 1 0 2
gene 1 1 4 -6.1123 0 1 -6.1123 1
gene 1 2 4 -0.375607 0 2 -0.375607 1
gene 1 3 4 8 0 3 8 1
genomeend 10

/* Organism #11 Fitness: 9 Error: 1 */
genomestart 11
trait 1 0.105569 0 0.000561541 0.00137709 0 0 0 0 
trait 2 0.2 0 0 0 0 0 0 0.0195929 
trait 3 0.3 0 0.0143536 0 0 0 0 0.00848687 
node 1 2 1 3
node 2 1 1 1
node 3 2 1 1
node 4 1 0 2
gene 3 1 4 -3.64808 0 1 -3.64808 1
gene 1 2 4 8 0 2 8 1
gene 1 3 4 8 0 3 8 1
genomeend 11

/* Organism #12 Fitness: 9 Error: 1 */
genomestart 12
trait 1 0.104247 0 0.000450815 0.000459029 0 0 0 0 
trait 2 0.2 0 0 0 0 0 0 0.0130619 
trait 3 0.3 0 0.0115233 0 0 0 0 0.0068134 
node 1 2 1 3
node 2 1 1 1
node 3 2 1 1
node 4 1 0 2
gene 1 1 4 -3.27738 0 1 -3.27738 1
gene 1 2 4 6.39461 0 2 6.39461 1
gene 2 3 4 7.0846 0 3 7.0846 1
genomeend 12

/* Organism #13 Fitness: 9 Error: 1 */
genomestart 13
trait 1 0.106287 0 0.000640632 0.00137709 0 0 0 0 
trait 2 0.2 0 0 0 0 0 0 0.0293893 
trait 3 0.3 0 0.0163752 0 0 0 0 0.0096822 
node 1 2 1 3
node 2 3 1 1
node 3 2 1 1
node 4 1 0 2
gene 1 1 4 -3.72831 0 1 -3.72831 1
gene 1 2 4 7.5127 0 2 7.5127 1
gene 2 3 4 8 0 3 8 1
genomeend 13

/* Organism #14 Fitness: 9 Error: 1 */
genomestart 14
trait 1 0.105569 0 0.000561541 0.00137709 0 0 0 0 
trait 2 0.2 0 0 0 0 0 0 0.0195929 
trait 3 0.3 0 0.0143536 0 0 0 0 0.00848687 
node 1 2 1 3
node 2 1 1 1
node 3 2 1 1
node 4 1 0 2
gene 3 1 4 -3.72373 0 1 -3.72373 1
gene 1 2 4 8 0 2 8 1
gene 2 3 4 8 0 3 8 1
genomeend 14

/* Species #2 : (Size 14) (AF 7.90919) (Age 15)  */


/* Organism #15 Fitness: 9 Error: 1 */
genomestart 15
trait 1 0.1 0 0.222976 0 0 0 0 0 
trait 2 0.120606 0 0 0 0 0 0 0 
trait 3 0.484164 0 0 0 0 0 0 0 
node 1 2 1 3
node 2 3 1 1
node 3 1 1 1
node 4 2 0 2
node 7 1 0 0
gene 3 1 4 -3.26232 0 1 -3.26232 1
gene 3 2 4 -8 0 2 -8 1
gene 1 3 4 8 0 3 8 1
gene 1 3 7 1.88591 0 8 1.88591 1
gene 1 7 4 -0.690233 0 9 -0.690233 1
gene 3 2 7 -0.819002 0 12 -0.819002 1
genomeend 15

/* Organism #16 Fitness: 8.86202 Error: 1.02308 */
genomestart 16
trait 1 0.1 0 0.167232 0 0 0 0 0 
trait 2 0.139991 0 0 0.0483776 0.0264111 0.0229676 0 0 
trait 3 0.645592 0.0622883 0 0 0 0.0358802 0 0 
node 1 2 1 3
node 2 3 1 1
node 3 1 1 1
node 4 2 0 2
node 7 1 0 0
gene 3 1 4 -1.84298 0 1 -1.84298 1
gene 3 2 4 -6.70758 0 2 -6.70758 1
gene 1 3 4 7.78896 0 3 7.78896 1
gene 1 3 7 1.10645 0 8 1.10645 0
gene 1 7 4 2.2104 0 9 2.2104 1
gene 3 2 7 -0.436529 0 12 -0.436529 0
genomeend 16

/* Organism #17 Fitness: 8.99998 Error: 1 */
genomestart 17
trait 1 0.1 0 0.222976 0 0 0 0 0 
trait 2 0.144678 0 0 0.0372135 0.0203163 0.0176674 0 0 
trait 3 0.601256 0.0479141 0 0 0 0.0276002 0 0 
node 1 2 1 3
node 2 3 1 1
node 3 1 1 1
node 4 2 0 2
node 7 1 0 0
gene 3 1 4 -3.26232 0 1 -3.26232 1
gene 3 2 4 -8 0 2 -8 1
gene 1 3 4 8 0 3 8 1
gene 1 3 7 -0.755562 0 8 -0.755562 0
gene 1 7 4 4.71033 0 9 4.71033 1
gene 3 2 7 -0.564554 0 12 -0.564554 0
gene 2 1 7 -0.413862 0 138 -0.413862 1
genomeend 17

/* Organism #18 Fitness: 9 Error: 1 */
genomestart 18
trait 1 0.1 0 0.222976 0 0 0 0 0 
trait 2 0.132642 0 0 0.0186068 0.0101581 0.00883368 0 0 
trait 3 0.54271 0.023957 0 0 0 0.0138001 0 0 
node 1 2 1 3
node 2 3 1 1
node 3 1 1 1
node 4 2 0 2
node 7 1 0 0
gene 3 1 4 -3.26232 0 1 -3.26232 1
gene 3 2 4 -8 0 2 -8 1
gene 1 3 4 8 0 3 8 1
gene 1 3 7 1.88591 0 8 1.88591 0
gene 1 7 4 4.71033 0 9 4.71033 1
gene 3 2 7 -0.819002 0 12 -0.819002 0
genomeend 18

/* Organism #19 Fitness: 9 Error: 1 */
genomestart 19
trait 1 0.1 0 0.055744 0 0 0 0 0 
trait 2 0.142652 0 0 0.0893124 0.048759 0.0424017 0 0 
trait 3 0.792809 0.114994 0 0 0 0.0662404 0 0 
node 1 2 1 3
node 2 3 1 1
node 3 1 1 1
node 4 2 0 2
node 7 1 0 0
gene 3 1 4 -4.22844 0 1 -4.22844 1
gene 3 2 4 -6.77349 0 2 -6.77349 1
gene 1 3 4 8 0 3 8 1
gene 1 3 7 2.98722 0 8 2.98722 0
gene 1 7 4 6.21918 0 9 6.21918 1
gene 3 2 7 2.00175 0 12 2.00175 0
genomeend 19

/* Organism #20 Fitness: 8.87419 Error: 1.02104 */
genomestart 20
trait 1 0.1 0 0.167232 0 0 0 0 0 
trait 2 0.139991 0 0 0.0483776 0.0264111 0.0229676 0 0 
trait 3 0.645592 0.0622883 0 0 0 0.0358802 0 0 
node 1 2 1 3
node 2 3 1 1
node 3 1 1 1
node 4 2 0 2
node 7 1 0 0
gene 3 1 4 -3.18073 0 1 -3.18073 1
gene 3 2 4 -7.67817 0 2 -7.67817 1
gene 1 3 4 7.59937 0 3 7.59937 1
gene 1 3 7 0.198449 0 8 0.198449 1
gene 1 7 4 3.40351 0 9 3.40351 1
gene 3 2 7 0.39079 0 12 0.39079 0
genomeend 20

/* Organism #21 Fitness: 4.06366 Error: 1.98415 */
genomestart 21
trait 1 0 0 0 0.856929 0.38554 0 0 0 
trait 2 0.15 0 0 0.119083 0.0650121 0.0565355 0 0 
trait 3 0.895691 0.153325 0 0 0 0.0883206 0 0 
node 1 2 1 3
node 2 3 1 1
node 3 1 1 1
node 4 2 0 2
node 7 1 0 0
gene 3 1 4 -6.79044 0 1 -6.79044 1
gene 3 2 4 -7.73206 0 2 -7.73206 1
gene 1 3 4 5.95206 0 3 5.95206 1
gene 1 3 7 0.0822321 0 8 0.0822321 0
gene 1 7 4 3.53834 0 9 3.53834 1
gene 3 2 7 7.7834 0 12 7.7834 0
genomeend 21

/* Organism #22 Fitness: 8.99992 Error: 1.00001 */
genomestart 22
trait 1 0.1 0 0 0 0 0 0 0 
trait 2 0.15 0 0 0.119083 0.0650121 0.0565355 0 0 
trait 3 0.895691 0.153325 0 0 0 0.0883206 0 0 
node 1 2 1 3
node 2 3 1 1
node 3 1 1 1
node 4 2 0 2
node 7 1 0 0
gene 3 1 4 -5.73221 0 1 -5.73221 1
gene 3 2 4 -7.28702 0 2 -7.28702 1
gene 1 3 4 8 0 3 8 1
gene 1 3 7 0.217124 0 8 0.217124 0
gene 1 7 4 3.10834 0 9 3.10834 1
gene 3 2 7 4.98371 0 12 4.98371 0
genomeend 22

/* Organism #23 Fitness: 8.91944 Error: 1.01346 */
genomestart 23
trait 1 0.1 0 0.222976 0 0 0 0 0 
trait 2 0.120606 0 0 0 0 0 0 0 
trait 3 0.484164 0 0 0 0 0 0 0 
node 1 2 1 3
node 2 3 1 1
node 3 1 1 1
node 4 2 0 2
node 7 1 0 0
gene 3 1 4 -3.85438 0 1 -3.85438 1
gene 3 2 4 -6.34101 0 2 -6.34101 1
gene 1 3 4 8 0 3 8 1
gene 1 3 7 4.30123 0 8 4.30123 1
gene 1 7 4 1.32323 0 9 1.32323 1
gene 3 2 7 1.51177 0 12 1.51177 1
genomeend 23

/* Organism #24 Fitness: 8.99998 Error: 1 */
genomestart 24
trait 1 0.1 0 0.111488 0 0 0 0 0 
trait 2 0.147339 0 0 0.0781484 0.0426642 0.0371014 0 0 
trait 3 0.748473 0.10062 0 0 0 0.0579604 0 0 
node 1 2 1 3
node 2 3 1 1
node 3 1 1 1
node 4 2 0 2
node 7 1 0 0
gene 3 1 4 -5.6427 0 1 -5.6427 1
gene 3 2 4 -7.73812 0 2 -7.73812 1
gene 1 3 4 7.09185 0 3 7.09185 1
gene 1 3 7 2.73605 0 8 2.73605 1
gene 1 7 4 3.72103 0 9 3.72103 1
gene 3 2 7 4.06987 0 12 4.06987 0
genomeend 24

/* Organism #25 Fitness: 8.99999 Error: 1 */
genomestart 25
trait 1 0.1 0 0.167232 0 0 0 0 0 
trait 2 0.127955 0 0 0.0297708 0.016253 0.0141339 0 0 
trait 3 0.587046 0.0383312 0 0 0 0.0220801 0 0 
node 1 2 1 3
node 2 3 1 1
node 3 1 1 1
node 4 2 0 2
node 7 1 0 0
gene 3 1 4 -2.64929 0 1 -2.64929 1
gene 3 2 4 -7.89105 0 2 -7.89105 1
gene 1 3 4 7.30288 0 3 7.30288 1
gene 1 3 7 3.36757 0 8 3.36757 0
gene 1 7 4 1.32556 0 9 1.32556 1
gene 3 2 7 0.254257 0 12 0.254257 0
genomeend 25

/* Organism #26 Fitness: 8.99387 Error: 1.00102 */
genomestart 26
trait 1 0.1 0 0.111488 0 0 0 0 0 
trait 2 0 0 0 0.48909 0.131722 0 0 0 
trait 3 0.689927 0.0766625 0 0 0 0.0441603 0 0 
node 1 2 1 3
node 2 3 1 1
node 3 1 1 1
node 4 2 0 2
node 7 1 0 0
gene 3 1 4 -3.86675 0 1 -3.86675 1
gene 3 2 4 -5.53132 0 2 -5.53132 1
gene 1 3 4 8 0 3 8 1
gene 1 3 7 4.19161 0 8 4.19161 0
gene 1 7 4 4.60958 0 9 4.60958 1
gene 3 2 7 3.71452 0 12 3.71452 0
genomeend 26

/* Organism #27 Fitness: 3.99972 Error: 2.00007 */
genomestart 27
trait 1 0.1 0 0.222976 0 0 0 0 0 
trait 2 0.144678 0 0 0.0372135 0.0203163 0.0176674 0 0 
trait 3 0.601256 0.0479141 0 0 0 0.0276002 0 0 
node 1 2 1 3
node 2 3 1 1
node 3 1 1 1
node 4 2 0 2
node 7 1 0 0
gene 3 1 4 -1.93659 0 1 -1.93659 1
gene 3 2 4 -0.680944 0 2 -0.680944 1
gene 1 3 4 7.42343 0 3 7.42343 1
gene 1 3 7 0.388043 0 8 0.388043 0
gene 1 7 4 3.33913 0 9 3.33913 1
gene 3 2 7 -0.0908307 0 12 -0.0908307 0
genomeend 27

/* Organism #28 Fitness: 4.01583 Error: 1.99605 */
genomestart 28
trait 1 0.1 0 0 0 0 0 0 0 
trait 2 0.15 0 0 0.119083 0.0650121 0.0565355 0 0 
trait 3 0.895691 0.153325 0 0 0 0.0883206 0 0 
node 1 2 1 3
node 2 3 1 1
node 3 1 1 1
node 4 2 0 2
node 7 1 0 0
gene 3 1 4 -2.49969 0 1 -2.49969 1
gene 3 2 4 -8 0 2 -8 1
gene 1 3 4 1.37707 0 3 1.37707 1
gene 1 3 7 3.26493 0 8 3.26493 0
gene 1 7 4 3.49455 0 9 3.49455 1
gene 3 2 7 5.90926 0 12 5.90926 0
genomeend 28

/* Species #3 : (Size 10) (AF 4.77903) (Age 13)  */


/* Organism #29 Fitness: 8.97693 Error: 1.00385 */
genomestart 29
trait 1 0.173443 0 0.00809885 0 0 0 0 0 
trait 2 0.2 0 0.0419782 0.0546701 0.0497375 0 0.0849788 0 
trait 3 0.225 0 0 0 0 0 0 0 
node 1 1 1 3
node 2 2 1 1
node 3 1 1 1
node 4 2 0 2
node 12 1 0 0
gene 2 1 4 -1.27127 0 1 -1.27127 1
gene 1 2 4 0.529191 0 2 0.529191 0
gene 1 3 4 2.6758 0 3 2.6758 1
gene 3 2 12 4.13766 0 20 4.13766 1
gene 2 12 4 5.0143 0 21 5.0143 1
gene 2 1 12 -0.830355 0 30 -0.830355 1
gene 3 3 12 -0.861965 0 107 0 1
genomeend 29

/* Organism #30 Fitness: 4 Error: 2 */
genomestart 30
trait 1 0.173443 0 0.00809885 0 0 0 0 0 
trait 2 0.2 0 0.0419782 0.0546701 0.0497375 0 0.0849788 0 
trait 3 0.225 0 0 0 0 0 0 0 
node 1 1 1 3
node 2 2 1 1
node 3 1 1 1
node 4 2 0 2
node 12 1 0 0
gene 2 1 4 -1.99936 0 1 -1.99936 1
gene 1 2 4 0.681707 0 2 0.681707 0
gene 1 3 4 4.21485 0 3 4.21485 1
gene 3 2 12 6.10443 0 20 6.10443 1
gene 2 12 4 7.41877 0 21 7.41877 1
gene 2 1 12 0.635525 0 30 0.635525 1
gene 3 3 12 -0.0322428 0 107 -0.0322428 1
genomeend 30

/* Organism #31 Fitness: 5.72926 Error: 1.60641 */
genomestart 31
trait 1 0.173443 0 0.00809885 0 0 0 0 0 
trait 2 0.2 0 0.0419782 0.0546701 0.0497375 0 0.0849788 0 
trait 3 0.225 0 0 0 0 0 0 0 
node 1 1 1 3
node 2 2 1 1
node 3 1 1 1
node 4 2 0 2
node 12 1 0 0
gene 2 1 4 -2.53984 0 1 -2.53984 1
gene 1 2 4 -1.7317 0 2 -1.7317 1
gene 1 3 4 2.36665 0 3 2.36665 1
gene 3 2 12 3.17145 0 20 3.17145 1
gene 2 12 4 0.0855567 0 21 0.0855567 1
gene 2 1 12 -0.550958 0 30 -0.550958 1
gene 3 3 12 2.16776 0 107 2.16776 1
genomeend 31

/* Organism #32 Fitness: 5.19824 Error: 1.72003 */
genomestart 32
trait 1 0.173443 0 0.00809885 0 0 0 0 0 
trait 2 0.2 0 0.0419782 0.0546701 0.0497375 0 0.0849788 0 
trait 3 0.225 0 0 0 0 0 0 0 
node 1 1 1 3
node 2 2 1 1
node 3 1 1 1
node 4 2 0 2
node 12 1 0 0
gene 2 1 4 -0.019303 0 1 -0.019303 1
gene 1 2 4 0.529191 0 2 0.529191 0
gene 1 3 4 0.261559 0 3 0.261559 1
gene 3 2 12 4.83173 0 20 4.83173 1
gene 2 12 4 6.63315 0 21 6.63315 1
gene 2 1 12 -1.3406 0 30 -1.3406 1
gene 3 3 12 -1.24978 0 107 -1.24978 1
genomeend 32

/* Organism #33 Fitness: 4.00015 Error: 1.99996 */
genomestart 33
trait 1 0.173443 0 0.00809885 0 0 0 0 0 
trait 2 0.2 0 0.0419782 0.0546701 0.0497375 0 0.0849788 0 
trait 3 0.225 0 0 0 0 0 0 0 
node 1 1 1 3
node 2 2 1 1
node 3 1 1 1
node 4 2 0 2
node 12 1 0 0
gene 2 1 4 -2.20939 0 1 -2.20939 1
gene 1 2 4 -0.782189 0 2 -0.782189 0
gene 1 3 4 0.261559 0 3 0.261559 1
gene 3 2 12 6.47393 0 20 6.47393 1
gene 2 12 4 6.78757 0 21 6.78757 1
gene 2 1 12 -0.857265 0 30 -0.857265 1
gene 3 3 12 -3.46695 0 107 -3.46695 1
genomeend 33

/* Organism #34 Fitness: 4.03025 Error: 1.99245 */
genomestart 34
trait 1 0.173443 0 0.00809885 0 0 0 0 0 
trait 2 0.2 0 0.0419782 0.0546701 0.0497375 0 0.0849788 0 
trait 3 0.225 0 0 0 0 0 0 0 
node 1 1 1 3
node 2 2 1 1
node 3 1 1 1
node 4 2 0 2
node 12 1 0 0
gene 2 1 4 0.98901 0 1 0.98901 1
gene 1 2 4 -0.910596 0 2 -0.910596 0
gene 1 3 4 1.64828 0 3 1.64828 1
gene 3 2 12 6.26801 0 20 6.26801 1
gene 2 12 4 3.87836 0 21 3.87836 1
gene 2 1 12 -1.5736 0 30 -1.5736 1
gene 3 3 12 -1.67311 0 107 -1.67311 1
genomeend 34

/* Organism #35 Fitness: 4.00008 Error: 1.99998 */
genomestart 35
trait 1 0.173443 0 0.00809885 0 0 0 0 0 
trait 2 0.2 0 0.0419782 0.0546701 0.0497375 0 0.0849788 0 
trait 3 0.225 0 0 0 0 0 0 0 
node 1 2 1 3
node 2 2 1 1
node 3 1 1 1
node 4 2 0 2
node 12 1 0 0
gene 2 1 4 -1.72805 0 1 -1.72805 1
gene 1 2 4 1.20647 0 2 1.20647 1
gene 1 3 4 6.20206 0 3 6.20206 1
gene 3 2 12 3.0747 0 20 3.0747 1
gene 2 12 4 3.93188 0 21 3.93188 1
gene 2 1 12 1.53704 0 30 1.53704 1
gene 3 3 12 1.04559 0 107 1.04559 1
genomeend 35

/* Organism #36 Fitness: 4 Error: 2 */
genomestart 36
trait 1 0.173443 0 0.00809885 0 0 0 0 0 
trait 2 0.2 0 0.0419782 0.0546701 0.0497375 0 0.0849788 0 
trait 3 0.225 0 0 0 0 0 0 0 
node 1 1 1 3
node 2 2 1 1
node 3 1 1 1
node 4 2 0 2
node 12 1 0 0
gene 2 1 4 -0.884474 0 1 -0.884474 1
gene 1 2 4 -1.72811 0 2 -1.72811 0
gene 1 3 4 3.79896 0 3 3.79896 1
gene 3 2 12 4.13732 0 20 4.13732 1
gene 2 12 4 5.30983 0 21 5.30983 1
gene 2 1 12 1.15553 0 30 1.15553 1
gene 3 3 12 -0.268838 0 107 -0.268838 1
genomeend 36

/* Organism #37 Fitness: 3.85542 Error: 2.03648 */
genomestart 37
trait 1 0.173443 0 0.00809885 0 0 0 0 0 
trait 2 0.2 0 0.0419782 0.0546701 0.0497375 0 0.0849788 0 
trait 3 0.225 0 0 0 0 0 0 0 
node 1 1 1 3
node 2 2 1 1
node 3 1 1 1
node 4 2 0 2
node 12 1 0 0
gene 2 1 4 -1.20965 0 1 -1.20965 1
gene 1 2 4 0.481735 0 2 0.481735 1
gene 1 3 4 0.539033 0 3 0.539033 1
gene 3 2 12 1.30558 0 20 1.30558 1
gene 2 12 4 6.7822 0 21 6.7822 1
gene 2 1 12 1.48 0 30 1.48 1
gene 3 3 12 -1.76547 0 107 -1.76547 1
genomeend 37

/* Organism #38 Fitness: 4 Error: 2 */
genomestart 38
trait 1 0.173443 0 0.00809885 0 0 0 0 0 
trait 2 0.2 0 0.0419782 0.0546701 0.0497375 0 0.0849788 0 
trait 3 0.225 0 0 0 0 0 0 0 
node 1 1 1 3
node 2 2 1 1
node 3 1 1 1
node 4 2 0 2
node 12 1 0 0
gene 2 1 4 -1.50985 0 1 -1.50985 1
gene 1 2 4 -1.28651 0 2 -1.28651 0
gene 1 3 4 4.24743 0 3 4.24743 1
gene 3 2 12 5.83236 0 20 5.83236 1
gene 2 12 4 5.0143 0 21 5.0143 1
gene 2 1 12 0.577158 0 30 0.577158 1
gene 3 3 12 1.8659 0 107 1.8659 1
genomeend 38

/* Species #4 : (Size 16) (AF 8.03649) (Age 10)  */


/* Organism #39 Fitness: 9.37234 Error: 0.938572 */
genomestart 39
trait 1 0.1 0 0 0 0 0 0 0 
trait 2 0.2 0 0 0 0 0 0 0 
trait 3 0.3 0 0 0 0 0 0 0 
node 1 2 1 3
node 2 3 1 1
node 3 2 1 1
node 4 2 0 2
node 7 1 0 0
node 18 1 0 0
gene 3 1 4 -2.67032 0 1 -2.67032 1
gene 3 2 4 -3.19628 0 2 -3.19628 1
gene 1 3 4 6.25381 0 3 6.25381 1
gene 1 3 7 -5.3562 0 8 -5.3562 1
gene 1 7 4 6.39849 0 9 6.39849 1
gene 3 2 7 3.55605 0 12 3.55605 1
gene 1 3 18 2.26659 0 35 2.26659 1
gene 1 18 7 -2.03468 0 36 -2.03468 1
gene 1 1 7 0.109195 0 119 0 1
genomeend 39

/* Organism #40 Fitness: 8.98921 Error: 1.0018 */
genomestart 40
trait 1 0.1 0 0 0 0 0 0 0 
trait 2 0.2 0 0 0 0 0 0 0 
trait 3 0.3 0 0 0 0 0 0 0 
node 1 2 1 3
node 2 3 1 1
node 3 2 1 1
node 4 2 0 2
node 7 1 0 0
node 18 1 0 0
gene 3 1 4 -1.36875 0 1 -1.36875 1
gene 3 2 4 -1.84164 0 2 -1.84164 1
gene 1 3 4 6.42418 0 3 6.42418 1
gene 1 3 7 -3.65932 0 8 -3.65932 1
gene 1 7 4 8 0 9 8 1
gene 3 2 7 4.51662 0 12 4.51662 1
gene 1 3 18 2.18054 0 35 2.18054 1
gene 1 18 7 -1.83847 0 36 -1.83847 1
genomeend 40

/* Organism #41 Fitness: 12.5652 Error: 0.455251 */
/* ##------$ WINNER 41 SPECIES #4 $------## */
genomestart 41
trait 1 0.1 0 0 0 0 0 0 0 
trait 2 0.2 0 0 0 0 0 0 0 
trait 3 0.3 0 0 0 0 0 0 0 
node 1 2 1 3
node 2 3 1 1
node 3 2 1 1
node 4 2 0 2
node 7 1 0 0
node 18 1 0 0
gene 3 1 4 -3.15286 0 1 -3.15286 1
gene 3 2 4 -3.19628 0 2 -3.19628 1
gene 1 3 4 6.25381 0 3 6.25381 1
gene 1 3 7 -3.44813 0 8 -3.44813 1
gene 1 7 4 6.87416 0 9 6.87416 1
gene 3 2 7 2.95414 0 12 2.95414 1
gene 1 3 18 2.39257 0 35 2.39257 1
gene 1 18 7 -2.64149 0 36 -2.64149 1
gene 1 1 7 0.109195 0 119 0 1
genomeend 41

/* Organism #42 Fitness: 8.95937 Error: 1.00678 */
genomestart 42
trait 1 0.1 0 0 0 0 0 0 0 
trait 2 0.2 0 0 0 0 0 0 0 
trait 3 0.3 0 0 0 0 0 0 0 
node 1 2 1 3
node 2 2 1 1
node 3 2 1 1
node 4 2 0 2
node 7 1 0 0
node 18 1 0 0
gene 3 1 4 -1.274 0 1 -1.274 1
gene 3 2 4 1.3152 0 2 1.3152 1
gene 1 3 4 8 0 3 8 1
gene 1 3 7 -2.73499 0 8 -2.73499 1
gene 1 7 4 7.98313 0 9 7.98313 1
gene 2 2 7 4.94304 0 12 4.94304 1
gene 1 3 18 0.988952 0 35 0.988952 1
gene 1 18 7 0.584658 0 36 0.584658 1
gene 1 1 7 -0.980026 0 119 -0.980026 1
genomeend 42

/* Organism #43 Fitness: 8.99999 Error: 1 */
genomestart 43
trait 1 0.1 0 0 0 0 0 0 0 
trait 2 0.2 0 0 0 0 0 0 0 
trait 3 0.3 0 0 0 0 0 0 0 
node 1 2 1 3
node 2 3 1 1
node 3 2 1 1
node 4 2 0 2
node 7 1 0 0
node 18 1 0 0
gene 3 1 4 -2.67032 0 1 -2.67032 1
gene 3 2 4 -0.013266 0 2 -0.013266 1
gene 1 3 4 6.25381 0 3 6.25381 1
gene 1 3 7 -5.3562 0 8 -5.3562 1
gene 1 7 4 6.87416 0 9 6.87416 1
gene 3 2 7 3.55605 0 12 3.55605 1
gene 1 3 18 2.39257 0 35 2.39257 1
gene 1 18 7 -2.03468 0 36 -2.03468 1
genomeend 43

/* Organism #44 Fitness: 3.99911 Error: 2.00022 */
genomestart 44
trait 1 0.1 0 0 0 0 0 0 0 
trait 2 0.2 0 0 0 0 0 0 0 
trait 3 0.3 0 0 0 0 0 0 0 
node 1 2 1 3
node 2 2 1 1
node 3 2 1 1
node 4 2 0 2
node 7 1 0 0
node 18 1 0 0
gene 3 1 4 -1.70934 0 1 -1.70934 1
gene 3 2 4 -2.30063 0 2 -2.30063 1
gene 1 3 4 8 0 3 8 1
gene 1 3 7 -4.34331 0 8 -4.34331 1
gene 1 7 4 6.18353 0 9 6.18353 1
gene 3 2 7 0.656177 0 12 0.656177 1
gene 1 3 18 -0.0471568 0 35 -0.0471568 1
gene 1 18 7 -3.85651 0 36 -3.85651 1
genomeend 44

/* Organism #45 Fitness: 4.19205 Error: 1.95255 */
genomestart 45
trait 1 0.1 0 0 0 0 0 0 0 
trait 2 0.2 0 0 0 0 0 0 0 
trait 3 0.3 0 0 0 0 0 0 0 
node 1 2 1 3
node 2 3 1 1
node 3 2 1 1
node 4 2 0 2
node 7 1 0 0
node 18 1 0 0
gene 3 1 4 -1.97655 0 1 -1.97655 1
gene 3 2 4 -2.09204 0 2 -2.09204 1
gene 1 3 4 4.67745 0 3 4.67745 1
gene 1 3 7 -3.69279 0 8 -3.69279 1
gene 1 7 4 -1.91046 0 9 -1.91046 1
gene 3 2 7 -0.0389111 0 12 -0.0389111 1
gene 1 3 18 1.20563 0 35 1.20563 1
gene 1 18 7 -3.78858 0 36 -3.78858 1
genomeend 45

/* Organism #46 Fitness: 9.37234 Error: 0.938572 */
genomestart 46
trait 1 0.1 0 0 0 0 0 0 0 
trait 2 0.2 0 0 0 0 0 0 0 
trait 3 0.3 0 0 0 0 0 0 0 
node 1 2 1 3
node 2 3 1 1
node 3 2 1 1
node 4 2 0 2
node 7 1 0 0
node 18 1 0 0
gene 3 1 4 -2.67032 0 1 -2.67032 1
gene 3 2 4 -3.19628 0 2 -3.19628 1
gene 1 3 4 6.25381 0 3 6.25381 1
gene 1 3 7 -5.3562 0 8 -5.3562 1
gene 1 7 4 6.39849 0 9 6.39849 1
gene 3 2 7 3.55605 0 12 3.55605 1
gene 1 3 18 2.26659 0 35 2.26659 1
gene 1 18 7 -2.03468 0 36 -2.03468 1
gene 1 1 7 0.109195 0 119 0 1
genomeend 46

/* Organism #47 Fitness: 9.02128 Error: 0.996455 */
genomestart 47
trait 1 0.1 0 0 0 0 0 0 0 
trait 2 0.2 0 0 0 0 0 0 0 
trait 3 0.3 0 0.0363475 0 0 0 0.291208 0 
node 1 2 1 3
node 2 2 1 1
node 3 2 1 1
node 4 2 0 2
node 7 1 0 0
node 18 1 0 0
gene 3 1 4 -4.16951 0 1 -4.16951 1
gene 3 2 4 -0.486084 0 2 -0.486084 1
gene 1 3 4 5.77871 0 3 5.77871 1
gene 1 3 7 -2.64427 0 8 -2.64427 1
gene 1 7 4 8 0 9 8 1
gene 3 2 7 2.95414 0 12 2.95414 1
gene 1 3 18 3.31629 0 35 3.31629 1
gene 1 18 7 -1.98152 0 36 -1.98152 1
genomeend 47

/* Organism #48 Fitness: 8.93737 Error: 1.01046 */
genomestart 48
trait 1 0.1 0 0 0 0 0 0 0 
trait 2 0.2 0 0 0 0 0 0 0 
trait 3 0.577963 0.448256 0.63097 0 0 0 0 0 
node 1 2 1 3
node 2 3 1 1
node 3 2 1 1
node 4 2 0 2
node 7 1 0 0
node 18 1 0 0
gene 3 1 4 -4.97126 0 1 -4.97126 1
gene 3 2 4 -3.64109 0 2 -3.64109 1
gene 1 3 4 5.89529 0 3 5.89529 1
gene 1 3 7 -5.78987 0 8 -5.78987 1
gene 1 7 4 7.14948 0 9 7.14948 1
gene 3 2 7 1.19995 0 12 1.19995 1
gene 1 3 18 3.14743 0 35 3.14743 1
gene 1 18 7 -4.14992 0 36 -4.14992 1
genomeend 48

/* Organism #49 Fitness: 8.99993 Error: 1.00001 */
genomestart 49
trait 1 0.1 0 0 0 0 0 0 0 
trait 2 0.2 0 0 0 0 0 0 0 
trait 3 0.3 0 0 0 0 0 0 0 
node 1 2 1 3
node 2 3 1 1
node 3 2 1 1
node 4 2 0 2
node 7 1 0 0
node 18 1 0 0
gene 3 1 4 -2.15562 0 1 -2.15562 1
gene 3 2 4 -0.833995 0 2 -0.833995 1
gene 1 3 4 5.27813 0 3 5.27813 1
gene 1 3 7 -5.3562 0 8 -5.3562 1
gene 1 7 4 6.38537 0 9 6.38537 1
gene 3 2 7 5.60385 0 12 5.60385 1
gene 1 3 18 1.094 0 35 1.094 1
gene 1 18 7 -3.78889 0 36 -3.78889 1
gene 1 1 7 0.266732 0 119 0.266732 1
genomeend 49

/* Organism #50 Fitness: 9 Error: 1 */
genomestart 50
trait 1 0.1 0 0 0 0 0 0 0 
trait 2 0.2 0 0 0 0 0 0 0 
trait 3 0.3 0 0 0 0 0 0 0 
node 1 2 1 3
node 2 2 1 1
node 3 2 1 1
node 4 2 0 2
node 7 1 0 0
node 18 1 0 0
gene 3 1 4 -3.15286 0 1 -3.15286 1
gene 3 2 4 -0.013266 0 2 -0.013266 1
gene 1 3 4 7.33195 0 3 7.33195 1
gene 1 3 7 -3.44813 0 8 -3.44813 1
gene 1 7 4 6.87416 0 9 6.87416 1
gene 3 2 7 2.95414 0 12 2.95414 1
gene 1 3 18 2.39257 0 35 2.39257 1
gene 1 18 7 -2.64149 0 36 -2.64149 1
gene 1 2 18 -0.235481 0 139 -0.235481 1
genomeend 50

/* Organism #51 Fitness: 9.17882 Error: 0.970343 */
genomestart 51
trait 1 0.1 0 0 0 0 0 0 0 
trait 2 0.2 0 0 0 0 0 0 0 
trait 3 0.3 0 0 0 0 0 0 0 
node 1 2 1 3
node 2 3 1 1
node 3 2 1 1
node 4 2 0 2
node 7 1 0 0
node 18 1 0 0
gene 3 1 4 -2.42205 0 1 -2.42205 1
gene 3 2 4 -2.66137 0 2 -2.66137 1
gene 1 3 4 5.79168 0 3 5.79168 1
gene 1 3 7 -4.57043 0 8 -4.57043 1
gene 1 7 4 8 0 9 8 1
gene 3 2 7 5.29187 0 12 5.29187 1
gene 1 3 18 2.48725 0 35 2.48725 1
gene 1 18 7 -4.52723 0 36 -4.52723 1
genomeend 51

/* Organism #52 Fitness: 4.05377 Error: 1.9866 */
genomestart 52
trait 1 0.1 0 0 0 0 0 0 0 
trait 2 0.2 0 0 0 0 0 0 0 
trait 3 0.3 0 0 0 0 0 0 0 
node 1 2 1 3
node 2 3 1 1
node 3 2 1 1
node 4 2 0 2
node 7 1 0 0
node 18 1 0 0
gene 3 1 4 -2.72639 0 1 -2.72639 1
gene 3 2 4 -4.54031 0 2 -4.54031 1
gene 1 3 4 4.84767 0 3 4.84767 1
gene 1 3 7 -5.71144 0 8 -5.71144 1
gene 1 7 4 6.39422 0 9 6.39422 1
gene 3 2 7 1.718 0 12 1.718 1
gene 1 3 18 0.81254 0 35 0.81254 1
gene 1 18 7 0.0173803 0 36 0.0173803 1
gene 1 1 7 0.907941 0 119 0.907941 1
genomeend 52

/* Organism #53 Fitness: 8.94301 Error: 1.00951 */
genomestart 53
trait 1 0.1 0 0 0 0 0 0 0 
trait 2 0.2 0 0 0 0 0 0 0 
trait 3 0.3 0 0 0 0 0 0 0 
node 1 2 1 3
node 2 2 1 1
node 3 2 1 1
node 4 2 0 2
node 7 1 0 0
node 18 1 0 0
gene 3 1 4 -4.30425 0 1 -4.30425 1
gene 3 2 4 -4.63904 0 2 -4.63904 1
gene 1 3 4 8 0 3 8 1
gene 1 3 7 -4.92132 0 8 -4.92132 1
gene 1 7 4 6.40398 0 9 6.40398 1
gene 3 2 7 4.9486 0 12 4.9486 1
gene 1 3 18 2.38333 0 35 2.38333 1
gene 1 18 7 -3.92798 0 36 -3.92798 1
gene 1 1 7 0.138493 0 119 0.138493 1
genomeend 53

/* Organism #54 Fitness: 4 Error: 2 */
genomestart 54
trait 1 0.1 0 0 0 0 0 0 0 
trait 2 0.2 0 0 0 0 0 0 0 
trait 3 0.3 0 0 0 0 0 0 0 
node 1 2 1 3
node 2 2 1 1
node 3 2 1 1
node 4 2 0 2
node 7 1 0 0
node 18 1 0 0
gene 3 1 4 -0.820713 0 1 -0.820713 1
gene 3 2 4 0.575884 0 2 0.575884 1
gene 1 3 4 8 0 3 8 1
gene 1 3 7 -0.763039 0 8 -0.763039 1
gene 1 7 4 6.10601 0 9 6.10601 1
gene 3 2 7 0.704701 0 12 0.704701 1
gene 1 3 18 -0.507752 0 35 -0.507752 1
gene 1 18 7 -1.9113 0 36 -1.9113 1
gene 1 1 7 1.20931 0 119 1.20931 1
genomeend 54

/* Species #5 : (Size 14) (AF 7.78754) (Age 8)  */


/* Organism #55 Fitness: 9 Error: 1 */
genomestart 55
trait 1 0.1 0 0 0 0 0 0 0 
trait 2 0.2 0 0 0 0 0 0 0 
trait 3 0.3 0 0 0 0 0 0 0 
node 1 2 1 3
node 2 3 1 1
node 3 1 1 1
node 4 2 0 2
node 7 1 0 0
node 29 1 0 0
node 35 1 0 0
gene 3 1 4 -1.50462 0 1 -1.50462 1
gene 3 2 4 -8 0 2 -8 1
gene 1 3 4 8 0 3 8 1
gene 1 3 7 -1.76983 0 8 -1.76983 1
gene 2 7 4 -2.56596 0 9 -2.56596 1
gene 3 2 7 1.9125 0 12 1.9125 1
gene 1 1 7 1.24829 0 54 1.24829 1
gene 1 7 29 2.53645 0 64 2.53645 0
gene 1 29 4 -2.23933 0 65 -2.23933 1
gene 1 7 35 1.19974 0 77 1.19974 1
gene 1 35 29 2.3204 0 78 2.3204 1
genomeend 55

/* Organism #56 Fitness: 9 Error: 1 */
genomestart 56
trait 1 0.1 0 0 0 0 0 0 0 
trait 2 0.2 0 0 0 0 0 0 0 
trait 3 0.3 0 0 0 0 0 0 0 
node 1 2 1 3
node 2 2 1 1
node 3 1 1 1
node 4 2 0 2
node 7 1 0 0
node 29 1 0 0
node 35 1 0 0
node 47 1 0 0
gene 3 1 4 -1.19043 0 1 -1.19043 1
gene 3 2 4 -8 0 2 -8 1
gene 1 3 4 6.23773 0 3 6.23773 1
gene 1 3 7 0.915098 0 8 0.915098 1
gene 2 7 4 -1.25822 0 9 -1.25822 0
gene 3 2 7 1.18961 0 12 1.18961 1
gene 1 1 7 0.249636 0 54 0.249636 1
gene 1 7 29 2.02954 0 64 2.02954 0
gene 1 29 4 -1.81243 0 65 -1.81243 1
gene 1 7 35 2.11232 0 77 2.11232 1
gene 1 35 29 1.94266 0 78 1.94266 1
gene 1 3 47 0.432051 0 122 0.432051 1
gene 1 47 7 -1.63778 0 123 -1.63778 1
genomeend 56

/* Organism #57 Fitness: 9 Error: 1 */
genomestart 57
trait 1 0.1 0 0 0 0 0 0 0 
trait 2 0.2 0 0 0 0 0 0 0 
trait 3 0.3 0 0 0 0 0 0 0 
node 1 2 1 3
node 2 2 1 1
node 3 1 1 1
node 4 2 0 2
node 7 1 0 0
node 29 1 0 0
node 35 1 0 0
node 47 1 0 0
gene 3 1 4 -1.0857 0 1 -1.0857 1
gene 3 2 4 -7.54471 0 2 -7.54471 1
gene 1 3 4 7.40646 0 3 7.40646 1
gene 1 3 7 -1.76983 0 8 -1.76983 0
gene 2 7 4 -2.56596 0 9 -2.56596 0
gene 3 2 7 0.548914 0 12 0.548914 1
gene 1 1 7 0.914243 0 54 0.914243 1
gene 1 7 29 2.53645 0 64 2.53645 0
gene 1 29 4 -2.50237 0 65 -2.50237 1
gene 1 7 35 1.19974 0 77 1.19974 1
gene 1 35 29 2.55194 0 78 2.55194 1
gene 1 3 47 1 0 122 0 1
gene 1 47 7 -0.112003 0 123 0 1
genomeend 57

/* Organism #58 Fitness: 8.99867 Error: 1.00022 */
genomestart 58
trait 1 0.1 0 0 0 0 0 0 0 
trait 2 0.2 0 0 0 0 0 0 0 
trait 3 0.3 0 0 0 0 0 0 0 
node 1 2 1 3
node 2 3 1 1
node 3 1 1 1
node 4 2 0 2
node 7 1 0 0
node 29 1 0 0
node 35 1 0 0
gene 3 1 4 -1.51004 0 1 -1.51004 1
gene 3 2 4 -5.99669 0 2 -5.99669 1
gene 1 3 4 8 0 3 8 1
gene 1 3 7 -2.79769 0 8 -2.79769 1
gene 2 7 4 -0.275849 0 9 -0.275849 1
gene 3 2 7 -0.0663205 0 12 -0.0663205 1
gene 1 1 7 0.715968 0 54 0.715968 1
gene 1 7 29 0.141438 0 64 0.141438 0
gene 1 29 4 -2.2092 0 65 -2.2092 1
gene 1 7 35 1.19974 0 77 1.19974 1
gene 1 35 29 2.3204 0 78 2.3204 1
genomeend 58

/* Organism #59 Fitness: 9 Error: 1 */
genomestart 59
trait 1 0.1 0 0 0 0 0 0 0 
trait 2 0.2 0 0 0 0 0 0 0 
trait 3 0.3 0 0 0 0 0 0 0 
node 1 2 1 3
node 2 2 1 1
node 3 1 1 1
node 4 2 0 2
node 7 1 0 0
node 29 1 0 0
node 35 1 0 0
node 47 1 0 0
gene 3 1 4 -1.19043 0 1 -1.19043 1
gene 3 2 4 -7.65853 0 2 -7.65853 1
gene 1 3 4 7.70323 0 3 7.70323 1
gene 1 3 7 -0.940914 0 8 -0.940914 0
gene 2 7 4 -1.3674 0 9 -1.3674 0
gene 3 2 7 1.23071 0 12 1.23071 1
gene 1 1 7 1.08127 0 54 1.08127 1
gene 1 7 29 1.42413 0 64 1.42413 0
gene 1 29 4 -2.43661 0 65 -2.43661 1
gene 1 7 35 1.19974 0 77 1.19974 1
gene 1 35 29 2.49406 0 78 2.49406 1
gene 1 3 47 1 0 122 0 1
gene 1 47 7 -0.112003 0 123 0 1
genomeend 59

/* Organism #60 Fitness: 4.00079 Error: 1.9998 */
genomestart 60
trait 1 0.1 0 0 0 0 0 0 0 
trait 2 0.2 0 0 0 0 0 0 0 
trait 3 0.3 0 0 0 0 0 0 0 
node 1 2 1 3
node 2 3 1 1
node 3 1 1 1
node 4 2 0 2
node 7 1 0 0
node 29 1 0 0
node 35 1 0 0
node 47 1 0 0
gene 3 1 4 -3.35963 0 1 -3.35963 1
gene 3 2 4 -6.66311 0 2 -6.66311 1
gene 1 3 4 5.67064 0 3 5.67064 1
gene 1 3 7 1.80937 0 8 1.80937 0
gene 2 7 4 0.673391 0 9 0.673391 0
gene 3 2 7 -0.29355 0 12 -0.29355 1
gene 1 1 7 -0.295434 0 54 -0.295434 1
gene 1 7 29 -0.954863 0 64 -0.954863 0
gene 1 29 4 -4.50468 0 65 -4.50468 1
gene 1 7 35 3.14599 0 77 3.14599 1
gene 1 35 29 0.812922 0 78 0.812922 1
gene 1 3 47 1 0 122 1 1
gene 1 47 7 -0.626316 0 123 -0.626316 1
genomeend 60

/* Organism #61 Fitness: 9 Error: 1 */
genomestart 61
trait 1 0.1 0 0 0 0 0 0 0 
trait 2 0.2 0 0 0 0 0 0 0 
trait 3 0.3 0 0 0 0 0 0 0 
node 1 2 1 3
node 2 3 1 1
node 3 1 1 1
node 4 2 0 2
node 7 1 0 0
node 29 1 0 0
node 35 1 0 0
gene 3 1 4 -1.50462 0 1 -1.50462 1
gene 3 2 4 -7.54471 0 2 -7.54471 1
gene 1 3 4 7.40646 0 3 7.40646 1
gene 1 3 7 -0.112003 0 8 -0.112003 0
gene 2 7 4 -2.56596 0 9 -2.56596 0
gene 3 2 7 0.548914 0 12 0.548914 1
gene 1 1 7 0.914243 0 54 0.914243 1
gene 1 7 29 2.53645 0 64 2.53645 0
gene 1 29 4 -2.50237 0 65 -2.50237 1
gene 1 7 35 1.19974 0 77 1.19974 1
gene 1 35 29 2.55194 0 78 2.55194 1
gene 2 1 29 0.17185 0 140 0.17185 1
genomeend 61

/* Organism #62 Fitness: 9 Error: 1 */
genomestart 62
trait 1 0.1 0 0 0 0 0 0 0 
trait 2 0.2 0 0 0 0 0 0 0 
trait 3 0.3 0 0 0 0 0 0 0 
node 1 2 1 3
node 2 3 1 1
node 3 1 1 1
node 4 2 0 2
node 7 1 0 0
node 29 1 0 0
node 35 1 0 0
gene 3 1 4 -2.06799 0 1 -2.06799 1
gene 3 2 4 -8 0 2 -8 1
gene 1 3 4 8 0 3 8 1
gene 1 3 7 -0.58029 0 8 -0.58029 1
gene 2 7 4 -0.13554 0 9 -0.13554 1
gene 3 2 7 0.436167 0 12 0.436167 1
gene 1 1 7 -0.396737 0 54 -0.396737 1
gene 1 7 29 3.67052 0 64 3.67052 0
gene 1 29 4 -2.19554 0 65 -2.19554 1
gene 1 7 35 1.19974 0 77 1.19974 1
gene 1 35 29 3.25114 0 78 3.25114 1
genomeend 62

/* Organism #63 Fitness: 5.62471 Error: 1.62835 */
genomestart 63
trait 1 0.1 0 0 0 0 0 0 0 
trait 2 0.2 0 0 0 0 0 0 0 
trait 3 0.3 0 0 0 0 0 0 0 
node 1 1 1 3
node 2 3 1 1
node 3 1 1 1
node 4 2 0 2
node 7 1 0 0
node 29 1 0 0
node 35 1 0 0
gene 3 1 4 0.451064 0 1 0.451064 1
gene 3 2 4 -6.86995 0 2 -6.86995 1
gene 1 3 4 7.79553 0 3 7.79553 1
gene 1 3 7 -1.89243 0 8 -1.89243 1
gene 2 7 4 -1.87796 0 9 -1.87796 0
gene 3 2 7 3.42408 0 12 3.42408 1
gene 1 1 7 1.26917 0 54 1.26917 1
gene 1 7 29 0.708853 0 64 0.708853 0
gene 1 29 4 -1.55362 0 65 -1.55362 1
gene 1 7 35 -0.374477 0 77 -0.374477 1
gene 1 35 29 2.3204 0 78 2.3204 1
genomeend 63

/* Organism #64 Fitness: 6.87228 Error: 1.3785 */
genomestart 64
trait 1 0.1 0 0 0 0 0 0 0 
trait 2 0.2 0 0 0 0 0 0 0 
trait 3 0.3 0 0 0 0 0 0 0 
node 1 2 1 3
node 2 3 1 1
node 3 1 1 1
node 4 2 0 2
node 7 1 0 0
node 29 1 0 0
node 35 1 0 0
gene 3 1 4 -0.370628 0 1 -0.370628 1
gene 3 2 4 -8 0 2 -8 1
gene 1 3 4 8 0 3 8 1
gene 1 3 7 -0.15532 0 8 -0.15532 1
gene 2 7 4 -4.42713 0 9 -4.42713 1
gene 3 2 7 1.73488 0 12 1.73488 1
gene 1 1 7 1.10035 0 54 1.10035 1
gene 1 7 29 1.94302 0 64 1.94302 0
gene 1 29 4 -3.44863 0 65 -3.44863 1
gene 1 7 35 1.19974 0 77 1.19974 1
gene 1 35 29 0.474868 0 78 0.474868 1
genomeend 64

/* Organism #65 Fitness: 4.50245 Error: 1.8781 */
genomestart 65
trait 1 0.1 0 0 0 0 0 0 0 
trait 2 0 0 0 0.0628376 0 0 0 0 
trait 3 0.3 0 0 0 0 0 0 0 
node 1 2 1 3
node 2 3 1 1
node 3 1 1 1
node 4 2 0 2
node 7 1 0 0
node 29 1 0 0
node 35 1 0 0
node 47 1 0 0
gene 3 1 4 -2.40524 0 1 -2.40524 1
gene 3 2 4 -8 0 2 -8 1
gene 1 3 4 4.93484 0 3 4.93484 1
gene 1 3 7 -1.8714 0 8 -1.8714 0
gene 2 7 4 1.40126 0 9 1.40126 0
gene 3 2 7 -1.88974 0 12 -1.88974 1
gene 1 1 7 -1.55242 0 54 -1.55242 1
gene 1 7 29 -1.47459 0 64 -1.47459 0
gene 1 29 4 -2.93153 0 65 -2.93153 1
gene 1 7 35 3.0613 0 77 3.0613 1
gene 1 35 29 3.2586 0 78 3.2586 1
gene 1 3 47 0.106265 0 122 0.106265 1
gene 1 47 7 -0.112003 0 123 -0.112003 1
genomeend 65

/* Organism #66 Fitness: 7.02905 Error: 1.34876 */
genomestart 66
trait 1 0.1 0 0 0 0 0 0 0 
trait 2 0.2 0 0 0 0 0 0 0 
trait 3 0.3 0 0 0 0 0 0 0 
node 1 2 1 3
node 2 2 1 1
node 3 1 1 1
node 4 2 0 2
node 7 1 0 0
node 29 1 0 0
node 35 1 0 0
gene 3 1 4 0.994646 0 1 0.994646 1
gene 3 2 4 -8 0 2 -8 1
gene 1 3 4 6.12296 0 3 6.12296 1
gene 1 3 7 0.56835 0 8 0.56835 1
gene 2 7 4 -5.05871 0 9 -5.05871 0
gene 3 2 7 1.67507 0 12 1.67507 1
gene 1 1 7 0.316099 0 54 0.316099 1
gene 1 7 29 1.47334 0 64 1.47334 1
gene 1 29 4 -1.12371 0 65 -1.12371 1
gene 1 7 35 -0.955992 0 77 -0.955992 1
gene 1 35 29 2.43617 0 78 2.43617 1
genomeend 66

/* Organism #67 Fitness: 9 Error: 1 */
genomestart 67
trait 1 0.1 0 0 0 0 0 0 0 
trait 2 0.2 0 0 0 0 0 0 0 
trait 3 0.3 0 0 0 0 0 0 0 
node 1 2 1 3
node 2 3 1 1
node 3 1 1 1
node 4 2 0 2
node 7 2 0 0
node 29 1 0 0
node 35 1 0 0
node 47 1 0 0
gene 3 1 4 -3.50421 0 1 -3.50421 1
gene 3 2 4 -5.84544 0 2 -5.84544 1
gene 3 3 4 8 0 3 8 1
gene 1 3 7 -0.781884 0 8 -0.781884 1
gene 2 7 4 0.599994 0 9 0.599994 0
gene 3 2 7 -0.110286 0 12 -0.110286 1
gene 1 1 7 0.224296 0 54 0.224296 1
gene 1 7 29 0.905316 0 64 0.905316 0
gene 1 29 4 -2.25959 0 65 -2.25959 1
gene 1 7 35 -1.03032 0 77 -1.03032 1
gene 1 35 29 4.52107 0 78 4.52107 1
gene 1 3 47 1.58916 0 122 1.58916 1
gene 1 47 7 0.704749 0 123 0.704749 1
genomeend 67

/* Organism #68 Fitness: 8.99766 Error: 1.00039 */
genomestart 68
trait 1 0.1 0 0 0 0 0 0 0 
trait 2 0.2 0 0 0 0 0 0 0 
trait 3 0.3 0 0 0 0 0 0 0 
node 1 2 1 3
node 2 3 1 1
node 3 1 1 1
node 4 2 0 2
node 7 1 0 0
node 29 1 0 0
node 35 1 0 0
gene 3 1 4 -1.39788 0 1 -1.39788 1
gene 3 2 4 -7.43113 0 2 -7.43113 1
gene 1 3 4 8 0 3 8 1
gene 1 3 7 -2.97332 0 8 -2.97332 1
gene 1 7 4 -2.47143 0 9 -2.47143 0
gene 3 2 7 0.631638 0 12 0.631638 1
gene 1 1 7 -0.353935 0 54 -0.353935 1
gene 1 7 29 3.90231 0 64 3.90231 0
gene 1 29 4 -0.87199 0 65 -0.87199 1
gene 1 7 35 3.26508 0 77 3.26508 1
gene 1 35 29 0.835826 0 78 0.835826 1
genomeend 68

/* Species #6 : (Size 9) (AF 5.99461) (Age 8)  */


/* Organism #69 Fitness: 8.14989 Error: 1.1452 */
genomestart 69
trait 1 0.173443 0 0.00809885 0 0 0 0 0 
trait 2 0.2 0 0.0419782 0.0546701 0.0497375 0 0.0849788 0 
trait 3 0.225 0 0 0 0 0 0 0 
node 1 1 1 3
node 2 2 1 1
node 3 1 1 1
node 4 3 0 2
node 12 1 0 0
node 31 1 0 0
gene 2 1 4 -4.19411 0 1 -4.19411 1
gene 1 2 4 3.30561 0 2 3.30561 0
gene 1 3 4 1.08172 0 3 1.08172 1
gene 1 2 12 2.7766 0 20 2.7766 1
gene 1 12 4 2.14736 0 21 2.14736 0
gene 2 1 12 -1.09964 0 30 -1.09964 1
gene 1 3 12 -2.5032 0 49 -2.5032 1
gene 1 12 31 1.62105 0 68 1.62105 1
gene 1 31 4 6.82157 0 69 6.82157 1
genomeend 69

/* Organism #70 Fitness: 8.61558 Error: 1.06477 */
genomestart 70
trait 1 0.173443 0 0.00809885 0 0 0 0 0 
trait 2 0.2 0 0.0419782 0.0546701 0.0497375 0 0.0849788 0 
trait 3 0.225 0 0 0 0 0 0 0 
node 1 1 1 3
node 2 2 1 1
node 3 1 1 1
node 4 2 0 2
node 12 1 0 0
node 31 1 0 0
gene 2 1 4 -4.19411 0 1 -4.19411 1
gene 1 2 4 3.30561 0 2 3.30561 0
gene 1 3 4 0.330836 0 3 0.330836 0
gene 1 2 12 2.7766 0 20 2.7766 1
gene 1 12 4 2.14736 0 21 2.14736 0
gene 2 1 12 -0.767895 0 30 -0.767895 1
gene 1 3 12 0.792804 0 49 0.792804 1
gene 1 12 31 0.346894 0 68 0.346894 1
gene 1 31 4 6.82157 0 69 6.82157 1
genomeend 70

/* Organism #71 Fitness: 1.00013 Error: 2.99994 */
genomestart 71
trait 1 0.173443 0 0.00809885 0 0 0 0 0 
trait 2 0.2 0 0.0419782 0.0546701 0.0497375 0 0.0849788 0 
trait 3 0.225 0 0 0 0 0 0 0 
node 1 1 1 3
node 2 2 1 1
node 3 1 1 1
node 4 3 0 2
node 12 1 0 0
node 31 1 0 0
gene 2 1 4 -5.7459 0 1 -5.7459 1
gene 1 2 4 5.31816 0 2 5.31816 1
gene 1 3 4 -1.10851 0 3 -1.10851 1
gene 1 2 12 3.94507 0 20 3.94507 1
gene 1 12 4 3.62911 0 21 3.62911 1
gene 2 1 12 0.0946226 0 30 0.0946226 1
gene 1 3 12 -3.56586 0 49 -3.56586 1
gene 1 12 31 0.699774 0 68 0.699774 1
gene 1 31 4 6.1391 0 69 6.1391 1
genomeend 71

/* Organism #72 Fitness: 6.57856 Error: 1.43513 */
genomestart 72
trait 1 0.09794 0 0.591063 0 0 0 0 0 
trait 2 0.2 0 0.0419782 0.0546701 0.0497375 0 0.0849788 0 
trait 3 0.225 0 0 0 0 0 0 0 
node 1 1 1 3
node 2 2 1 1
node 3 1 1 1
node 4 3 0 2
node 12 1 0 0
node 31 1 0 0
gene 2 1 4 -3.19523 0 1 -3.19523 1
gene 1 2 4 0.823847 0 2 0.823847 0
gene 1 3 4 2.38128 0 3 2.38128 1
gene 1 2 12 2.7766 0 20 2.7766 1
gene 1 12 4 4.20049 0 21 4.20049 0
gene 2 1 12 -0.680029 0 30 -0.680029 1
gene 1 3 12 0.905408 0 49 0.905408 1
gene 1 12 31 1.53766 0 68 1.53766 1
gene 1 31 4 5.57237 0 69 5.57237 1
genomeend 72

/* Organism #73 Fitness: 4 Error: 2 */
genomestart 73
trait 1 0.173443 0 0.00809885 0 0 0 0 0 
trait 2 0.2 0 0.0419782 0.0546701 0.0497375 0 0.0849788 0 
trait 3 0.225 0 0 0 0 0 0 0 
node 1 1 1 3
node 2 2 1 1
node 3 1 1 1
node 4 2 0 2
node 12 1 0 0
node 31 1 0 0
node 45 1 0 0
gene 2 1 4 -3.95347 0 1 -3.95347 1
gene 1 2 4 1.03926 0 2 1.03926 0
gene 1 3 4 1.92817 0 3 1.92817 0
gene 1 2 12 -0.123377 0 20 -0.123377 1
gene 1 12 4 0.785165 0 21 0.785165 0
gene 2 1 12 -2.89778 0 30 -2.89778 1
gene 1 3 12 -0.36194 0 49 -0.36194 1
gene 1 12 31 1.43518 0 68 1.43518 1
gene 1 31 4 3.30439 0 69 3.30439 1
gene 1 3 45 0.599521 0 117 0.599521 1
gene 1 45 4 2.03385 0 118 2.03385 1
genomeend 73

/* Organism #74 Fitness: 5.24055 Error: 1.71077 */
genomestart 74
trait 1 0.173443 0 0.00809885 0 0 0 0 0 
trait 2 0.2 0 0.0419782 0.0546701 0.0497375 0 0.0849788 0 
trait 3 0.225 0 0 0 0 0 0 0 
node 1 1 1 3
node 2 2 1 1
node 3 1 1 1
node 4 3 0 2
node 12 1 0 0
node 31 1 0 0
gene 2 1 4 -3.82254 0 1 -3.82254 1
gene 1 2 4 5.60572 0 2 5.60572 0
gene 1 3 4 0.928903 0 3 0.928903 1
gene 1 2 12 1.3745 0 20 1.3745 1
gene 1 12 4 2.14736 0 21 2.14736 0
gene 2 1 12 -1.6531 0 30 -1.6531 1
gene 1 3 12 -2.74209 0 49 -2.74209 1
gene 1 12 31 1.78959 0 68 1.78959 1
gene 1 31 4 8 0 69 8 1
genomeend 74

/* Organism #75 Fitness: 4.00922 Error: 1.9977 */
genomestart 75
trait 1 0.173443 0 0.00809885 0 0 0 0 0 
trait 2 0.2 0 0.0419782 0.0546701 0.0497375 0 0.0849788 0 
trait 3 0.225 0 0 0 0 0 0 0 
node 1 1 1 3
node 2 2 1 1
node 3 1 1 1
node 4 3 0 2
node 12 1 0 0
node 31 1 0 0
gene 2 1 4 -3.72515 0 1 -3.72515 1
gene 1 2 4 2.17244 0 2 2.17244 1
gene 1 3 4 -0.191879 0 3 -0.191879 0
gene 1 2 12 2.43202 0 20 2.43202 1
gene 1 12 4 2.19698 0 21 2.19698 1
gene 2 1 12 -2.1439 0 30 -2.1439 1
gene 1 3 12 -1.59085 0 49 -1.59085 1
gene 1 12 31 0.983973 0 68 0.983973 1
gene 1 31 4 5.54037 0 69 5.54037 1
genomeend 75

/* Organism #76 Fitness: 8.20768 Error: 1.1351 */
genomestart 76
trait 1 0.173443 0 0.00809885 0 0 0 0 0 
trait 2 0.2 0 0.0419782 0.0546701 0.0497375 0 0.0849788 0 
trait 3 0.225 0 0 0 0 0 0 0 
node 1 1 1 3
node 2 2 1 1
node 3 1 1 1
node 4 3 0 2
node 12 1 0 0
node 31 1 0 0
gene 2 1 4 -3.2562 0 1 -3.2562 1
gene 1 2 4 3.30561 0 2 3.30561 0
gene 1 3 4 1.08172 0 3 1.08172 0
gene 1 2 12 1.40804 0 20 1.40804 1
gene 1 12 4 2.14736 0 21 2.14736 0
gene 2 1 12 -0.767895 0 30 -0.767895 1
gene 1 3 12 -2.5032 0 49 -2.5032 1
gene 1 12 31 0.346894 0 68 0.346894 1
gene 1 31 4 4.35194 0 69 3.75046 1
genomeend 76

/* Organism #77 Fitness: 8.14989 Error: 1.1452 */
genomestart 77
trait 1 0.173443 0 0.00809885 0 0 0 0 0 
trait 2 0.2 0 0.0419782 0.0546701 0.0497375 0 0.0849788 0 
trait 3 0.225 0 0 0 0 0 0 0 
node 1 1 1 3
node 2 2 1 1
node 3 1 1 1
node 4 3 0 2
node 12 1 0 0
node 31 1 0 0
gene 2 1 4 -4.19411 0 1 -4.19411 1
gene 1 2 4 3.30561 0 2 3.30561 0
gene 1 3 4 1.08172 0 3 1.08172 1
gene 1 2 12 2.7766 0 20 2.7766 1
gene 1 12 4 2.14736 0 21 2.14736 0
gene 2 1 12 -1.09964 0 30 -1.09964 1
gene 1 3 12 -2.5032 0 49 -2.5032 1
gene 1 12 31 1.62105 0 68 1.62105 1
gene 1 31 4 6.82157 0 69 6.82157 1
genomeend 77

/* Species #7 : (Size 14) (AF 5.89232) (Age 7)  */


/* Organism #78 Fitness: 8.99999 Error: 1 */
genomestart 78
trait 1 0.1 0 0.695273 0 0.455763 0 0 0 
trait 2 0.2 0 0 0 0 0 0 0 
trait 3 0.3 0 0 0 0 0 0 0 
node 1 2 1 3
node 2 3 1 1
node 3 1 1 1
node 4 2 0 2
node 7 1 0 0
node 18 1 0 0
node 32 1 0 0
gene 3 1 4 -2.79376 0 1 -2.79376 1
gene 3 2 4 4.53501 0 2 4.53501 1
gene 1 3 4 2.66652 0 3 2.66652 1
gene 1 3 7 2.97665 0 8 2.97665 1
gene 1 7 4 3.79034 0 9 3.79034 1
gene 3 2 7 0.98941 0 12 0.98941 1
gene 1 3 18 -0.796472 0 35 -0.796472 1
gene 1 18 7 0.859935 0 36 0.859935 0
gene 1 18 32 3.33093 0 70 3.33093 1
gene 1 32 7 -0.681707 0 71 -0.681707 1
gene 3 3 32 0.976928 0 102 0.976928 1
genomeend 78

/* Organism #79 Fitness: 8.94589 Error: 1.00903 */
genomestart 79
trait 1 0.1 0 0.347636 0 0.227882 0 0 0 
trait 2 0.2 0 0 0 0 0 0 0 
trait 3 0.3 0 0 0 0 0 0 0 
node 1 2 1 3
node 2 3 1 1
node 3 1 1 1
node 4 2 0 2
node 7 1 0 0
node 18 1 0 0
node 32 1 0 0
gene 3 1 4 -3.62326 0 1 -3.62326 1
gene 3 2 4 4.5769 0 2 4.5769 1
gene 1 3 4 4.55195 0 3 4.55195 1
gene 1 3 7 0.671964 0 8 0.671964 1
gene 1 7 4 8 0 9 8 1
gene 3 2 7 -1.20273 0 12 -1.20273 1
gene 1 3 18 -0.039079 0 35 -0.039079 1
gene 1 18 7 -0.0845363 0 36 -0.0845363 0
gene 1 18 32 2.2981 0 70 2.2981 1
gene 1 32 7 -0.817225 0 71 -0.817225 1
gene 3 3 32 -2.55162 0 102 -2.55162 1
gene 3 1 32 0.260079 0 126 0.260079 1
genomeend 79

/* Organism #80 Fitness: 4.20714 Error: 1.94887 */
genomestart 80
trait 1 0.1 0 0.347636 0 0.227882 0 0 0 
trait 2 0.2 0 0 0 0 0 0 0 
trait 3 0.3 0 0 0 0 0 0 0 
node 1 2 1 3
node 2 3 1 1
node 3 1 1 1
node 4 2 0 2
node 7 1 0 0
node 18 1 0 0
node 32 1 0 0
gene 3 1 4 -2.39489 0 1 -2.39489 1
gene 3 2 4 3.01651 0 2 3.01651 1
gene 1 3 4 1.10561 0 3 1.10561 1
gene 1 3 7 -0.489456 0 8 -0.489456 1
gene 1 7 4 6.00702 0 9 6.00702 1
gene 3 2 7 -0.467582 0 12 -0.467582 1
gene 1 3 18 1.77006 0 35 1.77006 1
gene 1 18 7 1.42006 0 36 1.42006 1
gene 1 18 32 2.38958 0 70 2.38958 1
gene 1 32 7 -0.715934 0 71 -0.715934 1
gene 3 3 32 0.217933 0 102 0.217933 1
genomeend 80

/* Organism #81 Fitness: 4.00262 Error: 1.99935 */
genomestart 81
trait 1 0.1 0 0.347636 0 0.227882 0 0 0 
trait 2 0.2 0 0 0 0 0 0 0 
trait 3 0.3 0 0 0 0 0 0 0 
node 1 2 1 3
node 2 3 1 1
node 3 1 1 1
node 4 2 0 2
node 7 1 0 0
node 18 2 0 0
node 32 1 0 0
gene 3 1 4 -1.43294 0 1 -1.43294 1
gene 3 2 4 2.88289 0 2 2.88289 1
gene 1 3 4 1.56468 0 3 1.56468 1
gene 1 3 7 3.67514 0 8 3.67514 1
gene 1 7 4 6.76315 0 9 6.76315 1
gene 3 2 7 0.935507 0 12 0.935507 1
gene 1 3 18 -0.401944 0 35 -0.401944 1
gene 1 18 7 -0.624607 0 36 -0.624607 0
gene 1 18 32 0.405423 0 70 0.405423 1
gene 1 32 7 -0.0614338 0 71 -0.0614338 1
gene 3 3 32 -3.09561 0 102 -3.09561 1
gene 3 1 32 0.254509 0 126 0.254509 1
genomeend 81

/* Organism #82 Fitness: 4 Error: 2 */
genomestart 82
trait 1 0.1 0 0.347636 0 0.227882 0 0 0 
trait 2 0.2 0 0 0 0 0 0 0 
trait 3 0.3 0 0 0 0 0 0 0 
node 1 2 1 3
node 2 3 1 1
node 3 1 1 1
node 4 2 0 2
node 7 1 0 0
node 18 1 0 0
node 32 1 0 0
gene 3 1 4 1.94266 0 1 1.94266 1
gene 3 2 4 -1.32305 0 2 -1.32305 1
gene 1 3 4 3.38454 0 3 3.38454 1
gene 1 3 7 3.32189 0 8 3.32189 1
gene 1 7 4 7.02446 0 9 7.02446 1
gene 3 2 7 0.304651 0 12 0.304651 1
gene 1 3 18 0.491028 0 35 0.491028 1
gene 1 18 7 -0.421995 0 36 -0.421995 1
gene 1 18 32 3.62474 0 70 3.62474 1
gene 1 32 7 0.254509 0 71 0.254509 1
gene 3 3 32 -3.9998 0 102 -3.9998 1
gene 3 1 32 0.260079 0 126 0.260079 1
genomeend 82

/* Organism #83 Fitness: 4.00033 Error: 1.99992 */
genomestart 83
trait 1 0.1 0 0.347636 0 0.227882 0 0 0 
trait 2 0.2 0 0 0 0 0 0 0 
trait 3 0.3 0 0 0 0 0 0 0 
node 1 2 1 3
node 2 3 1 1
node 3 1 1 1
node 4 2 0 2
node 7 1 0 0
node 18 1 0 0
node 32 1 0 0
gene 3 1 4 -1.1952 0 1 -1.1952 1
gene 3 2 4 4.82143 0 2 4.82143 1
gene 1 3 4 4.14636 0 3 4.14636 1
gene 1 3 7 1.75049 0 8 1.75049 1
gene 1 7 4 6.27714 0 9 6.27714 1
gene 3 2 7 -0.388119 0 12 -0.388119 1
gene 1 3 18 -1.24593 0 35 -1.24593 1
gene 1 18 7 0.674795 0 36 0.674795 0
gene 1 18 32 1.88504 0 70 1.88504 1
gene 1 32 7 -0.009476 0 71 -0.009476 1
gene 3 3 32 -2.55818 0 102 -2.55818 1
gene 3 1 32 -0.942579 0 126 -0.942579 1
genomeend 83

/* Organism #84 Fitness: 4.00017 Error: 1.99996 */
genomestart 84
trait 1 0.1 0 0.347636 0 0.227882 0 0 0 
trait 2 0.2 0 0 0 0 0 0 0 
trait 3 0.3 0 0 0 0 0 0 0 
node 1 2 1 3
node 2 3 1 1
node 3 1 1 1
node 4 2 0 2
node 7 1 0 0
node 18 1 0 0
node 32 1 0 0
gene 3 1 4 -3.38224 0 1 -3.38224 1
gene 3 2 4 3.65022 0 2 3.65022 1
gene 1 3 4 1.24226 0 3 1.24226 1
gene 1 3 7 -0.816919 0 8 -0.816919 1
gene 1 7 4 5.4074 0 9 5.4074 1
gene 3 2 7 2.097 0 12 2.097 1
gene 1 3 18 0.394681 0 35 0.394681 1
gene 1 18 7 1.70418 0 36 1.70418 0
gene 1 18 32 0.596698 0 70 0.596698 1
gene 1 32 7 -0.772851 0 71 -0.772851 1
gene 3 3 32 -1.73579 0 102 -1.73579 1
genomeend 84

/* Organism #85 Fitness: 8.99994 Error: 1.00001 */
genomestart 85
trait 1 0.1 0 0.347636 0 0.227882 0 0 0 
trait 2 0.2 0 0 0 0 0 0 0 
trait 3 0.3 0 0 0 0 0 0 0 
node 1 2 1 3
node 2 3 1 1
node 3 1 1 1
node 4 2 0 2
node 7 1 0 0
node 18 1 0 0
node 32 1 0 0
gene 3 1 4 -2.51288 0 1 -2.51288 1
gene 3 2 4 3.53554 0 2 3.53554 1
gene 1 3 4 3.20503 0 3 3.20503 1
gene 1 3 7 1.6667 0 8 1.6667 1
gene 1 7 4 6.21593 0 9 6.21593 1
gene 3 2 7 1.15232 0 12 1.15232 1
gene 1 3 18 0.39581 0 35 0.39581 1
gene 1 18 7 0.46981 0 36 0.46981 0
gene 1 18 32 1.98106 0 70 1.98106 1
gene 1 32 7 -0.733047 0 71 -0.733047 1
gene 3 3 32 -1.66948 0 102 -1.66948 1
gene 3 1 32 0.260079 0 126 0.260079 1
genomeend 85

/* Organism #86 Fitness: 5.00217 Error: 1.76345 */
genomestart 86
trait 1 0.1 0 0.347636 0 0.227882 0 0 0 
trait 2 0.2 0 0 0 0 0 0 0 
trait 3 0.3 0 0 0 0 0 0 0 
node 1 2 1 3
node 2 3 1 1
node 3 1 1 1
node 4 2 0 2
node 7 1 0 0
node 18 1 0 0
node 32 1 0 0
gene 3 1 4 0.0987808 0 1 0.0987808 1
gene 3 2 4 3.83829 0 2 3.83829 1
gene 1 3 4 5.037 0 3 5.037 1
gene 1 3 7 -0.511658 0 8 -0.511658 1
gene 1 7 4 7.57071 0 9 7.57071 1
gene 3 2 7 1.44387 0 12 1.44387 1
gene 1 3 18 2.2157 0 35 2.2157 1
gene 1 18 7 -0.782006 0 36 -0.782006 0
gene 1 18 32 0.200873 0 70 0.200873 1
gene 1 32 7 -1.30044 0 71 -1.30044 1
gene 3 3 32 0.0848415 0 102 0.0848415 1
genomeend 86

/* Organism #87 Fitness: 4 Error: 2 */
genomestart 87
trait 1 0.1 0 0.347636 0 0.227882 0 0 0 
trait 2 0.2 0 0 0 0 0 0 0 
trait 3 0.3 0 0 0 0 0 0 0 
node 1 2 1 3
node 2 3 1 1
node 3 1 1 1
node 4 2 0 2
node 7 1 0 0
node 18 1 0 0
node 32 1 0 0
gene 3 1 4 -1.64024 0 1 -1.64024 1
gene 3 2 4 6.72609 0 2 6.72609 1
gene 1 3 4 2.82445 0 3 2.82445 1
gene 1 3 7 2.94353 0 8 2.94353 1
gene 1 7 4 5.09249 0 9 5.09249 1
gene 3 2 7 0.558031 0 12 0.558031 1
gene 1 3 18 -0.0618152 0 35 -0.0618152 1
gene 1 18 7 1.27781 0 36 1.27781 0
gene 1 18 32 -0.587344 0 70 -0.587344 1
gene 1 32 7 0.482559 0 71 0.482559 1
gene 3 3 32 -2.55162 0 102 -2.55162 1
gene 3 1 32 0.82728 0 126 0.82728 1
genomeend 87

/* Organism #88 Fitness: 4.02702 Error: 1.99326 */
genomestart 88
trait 1 0.1 0 0.695273 0 0.455763 0 0 0 
trait 2 0.2 0 0 0 0 0 0 0 
trait 3 0.3 0 0 0 0 0 0 0 
node 1 2 1 3
node 2 3 1 1
node 3 1 1 1
node 4 2 0 2
node 7 1 0 0
node 18 1 0 0
node 32 1 0 0
gene 3 1 4 -2.31582 0 1 -2.31582 1
gene 3 2 4 5.69853 0 2 5.69853 1
gene 1 3 4 2.00426 0 3 2.00426 1
gene 1 3 7 3.47051 0 8 3.47051 1
gene 1 7 4 -0.702231 0 9 -0.702231 1
gene 3 2 7 0.803323 0 12 0.803323 1
gene 1 3 18 -0.796472 0 35 -0.796472 1
gene 1 18 7 -0.670873 0 36 -0.670873 0
gene 1 18 32 4.58402 0 70 4.58402 1
gene 1 32 7 0.445036 0 71 0.445036 1
gene 3 3 32 -1.14101 0 102 -1.14101 1
genomeend 88

/* Organism #89 Fitness: 8.99883 Error: 1.00019 */
genomestart 89
trait 1 0.1 0 0.347636 0 0.227882 0 0 0 
trait 2 0.2 0 0 0 0 0 0 0 
trait 3 0.3 0 0 0 0 0 0 0 
node 1 2 1 3
node 2 3 1 1
node 3 1 1 1
node 4 2 0 2
node 7 1 0 0
node 18 1 0 0
node 32 1 0 0
gene 3 1 4 -2.23199 0 1 -2.23199 1
gene 3 2 4 4.53501 0 2 4.53501 1
gene 1 3 4 3.38454 0 3 3.38454 1
gene 1 3 7 0.356746 0 8 0.356746 1
gene 1 7 4 5.4074 0 9 5.4074 1
gene 3 2 7 0.98941 0 12 0.98941 1
gene 1 3 18 0.793237 0 35 0.793237 1
gene 1 18 7 0.859935 0 36 0.859935 0
gene 1 18 32 2.43101 0 70 2.43101 1
gene 1 32 7 -0.75016 0 71 -0.75016 1
gene 3 3 32 -0.787347 0 102 -0.787347 1
gene 3 1 32 0.260079 0 126 0.260079 1
gene 1 32 4 -0.0738243 0 141 -0.0738243 1
genomeend 89

/* Organism #90 Fitness: 4.31313 Error: 1.92319 */
genomestart 90
trait 1 0.1 0 0.695273 0 0.455763 0 0 0 
trait 2 0.2 0 0 0 0 0 0 0 
trait 3 0.3 0 0 0 0 0 0 0 
node 1 2 1 3
node 2 3 1 1
node 3 1 1 1
node 4 2 0 2
node 7 1 0 0
node 18 1 0 0
node 32 1 0 0
gene 3 1 4 -2.79376 0 1 -2.79376 1
gene 3 2 4 4.53501 0 2 4.53501 1
gene 1 3 4 0.513398 0 3 0.513398 1
gene 1 3 7 4.9219 0 8 4.9219 1
gene 1 7 4 1.77541 0 9 1.77541 1
gene 3 2 7 2.55066 0 12 2.55066 1
gene 1 3 18 0.775155 0 35 0.775155 1
gene 1 18 7 3.19811 0 36 3.19811 0
gene 1 18 32 2.2396 0 70 2.2396 1
gene 1 32 7 -1.3609 0 71 -1.3609 1
gene 3 3 32 -0.890957 0 102 -0.890957 1
genomeend 90

/* Organism #91 Fitness: 8.99526 Error: 1.00079 */
genomestart 91
trait 1 0.1 0 0.695273 0 0.0827662 0 0 0 
trait 2 0.2 0 0 0 0 0 0 0 
trait 3 0.3 0 0 0 0 0 0 0 
node 1 2 1 3
node 2 3 1 1
node 3 1 1 1
node 4 2 0 2
node 7 1 0 0
node 18 1 0 0
node 32 1 0 0
gene 3 1 4 -1.55744 0 1 -1.55744 1
gene 3 2 4 3.19227 0 2 3.19227 1
gene 1 3 4 -0.159307 0 3 -0.159307 1
gene 1 3 7 5.21571 0 8 5.21571 1
gene 1 7 4 4.55948 0 9 4.55948 1
gene 3 2 7 -0.524079 0 12 -0.524079 1
gene 1 3 18 -2.38931 0 35 -2.38931 1
gene 1 18 7 0.276345 0 36 0.276345 0
gene 1 18 32 1.39758 0 70 1.39758 1
gene 1 32 7 -1.69897 0 71 -1.69897 1
gene 3 3 32 2.99435 0 102 2.99435 1
genomeend 91

/* Species #8 : (Size 14) (AF 7.64062) (Age 7)  */


/* Organism #92 Fitness: 8.99999 Error: 1 */
genomestart 92
trait 1 0.1 0 0 0 0 0 0 0 
trait 2 0.2 0 0 0 0 0 0 0 
trait 3 0.3 0 0 0 0 0 0 0 
node 1 2 1 3
node 2 3 1 1
node 3 1 1 1
node 4 2 0 2
node 7 1 0 0
node 18 3 0 0
node 33 1 0 0
gene 3 1 4 2.22945 0 1 2.22945 1
gene 3 2 4 7.37136 0 2 7.37136 1
gene 1 3 4 5.03819 0 3 5.03819 1
gene 1 3 7 -0.847346 0 8 -0.847346 1
gene 1 7 4 2.46261 0 9 2.46261 0
gene 3 2 7 5.18105 0 12 5.18105 1
gene 1 3 18 -0.418332 0 35 -0.418332 1
gene 1 18 7 0.60715 0 36 0.60715 1
gene 1 7 33 0.65775 0 73 0.65775 1
gene 1 33 4 -7.23708 0 74 -7.23708 1
genomeend 92

/* Organism #93 Fitness: 8.78357 Error: 1.03629 */
genomestart 93
trait 1 0.1 0 0 0 0 0 0 0 
trait 2 0.2 0 0 0 0 0 0 0 
trait 3 0.3 0 0 0 0 0 0 0 
node 1 2 1 3
node 2 3 1 1
node 3 1 1 1
node 4 2 0 2
node 7 1 0 0
node 18 1 0 0
node 33 1 0 0
gene 3 1 4 -1.39241 0 1 -1.39241 1
gene 3 2 4 7.56691 0 2 7.56691 1
gene 1 3 4 7.69925 0 3 7.69925 1
gene 1 3 7 0.895032 0 8 0.895032 1
gene 1 7 4 0.414365 0 9 0.414365 0
gene 3 2 7 7.20641 0 12 7.20641 1
gene 1 3 18 1.24912 0 35 1.24912 1
gene 1 18 7 1.79043 0 36 1.79043 1
gene 1 7 33 2.17399 0 73 2.17399 1
gene 1 33 4 0.726493 0 74 0.726493 1
genomeend 93

/* Organism #94 Fitness: 4.00268 Error: 1.99933 */
genomestart 94
trait 1 0.1 0 0 0 0 0 0 0 
trait 2 0.2 0 0 0 0 0 0 0 
trait 3 0.3 0 0 0 0 0 0 0 
node 1 2 1 3
node 2 3 1 1
node 3 1 1 1
node 4 2 0 2
node 7 1 0 0
node 18 3 0 0
node 33 1 0 0
gene 3 1 4 4.59998 0 1 4.59998 1
gene 3 2 4 8 0 2 8 1
gene 1 3 4 4.88094 0 3 4.88094 1
gene 1 3 7 -2.3957 0 8 -2.3957 1
gene 1 7 4 0.0681326 0 9 0.0681326 1
gene 3 2 7 6.3477 0 12 6.3477 1
gene 1 3 18 -1.24287 0 35 -1.24287 1
gene 1 18 7 2.64777 0 36 2.64777 1
gene 1 7 33 0.0492111 0 73 0.0492111 1
gene 1 33 4 -5.68415 0 74 -5.68415 1
genomeend 94

/* Organism #95 Fitness: 9 Error: 1 */
genomestart 95
trait 1 0.1 0 0 0 0 0 0 0 
trait 2 0.2 0 0 0 0 0 0 0 
trait 3 0.3 0 0 0 0 0 0 0 
node 1 2 1 3
node 2 3 1 1
node 3 1 1 1
node 4 2 0 2
node 7 1 0 0
node 18 3 0 0
node 33 1 0 0
gene 3 1 4 4.10649 0 1 4.10649 1
gene 3 2 4 8 0 2 8 1
gene 1 3 4 4.80037 0 3 4.80037 1
gene 1 3 7 -1.56598 0 8 -1.56598 1
gene 1 7 4 2.09601 0 9 2.09601 0
gene 3 2 7 7.2869 0 12 7.2869 1
gene 1 3 18 1.01741 0 35 1.01741 1
gene 1 18 7 0.199881 0 36 0.199881 1
gene 1 7 33 2.26516 0 73 2.26516 1
gene 1 33 4 -8 0 74 -8 1
genomeend 95

/* Organism #96 Fitness: 8.99908 Error: 1.00015 */
genomestart 96
trait 1 0.1 0 0 0 0 0 0 0 
trait 2 0.2 0 0 0 0 0 0 0 
trait 3 0.3 0 0 0 0 0 0 0 
node 1 2 1 3
node 2 3 1 1
node 3 1 1 1
node 4 2 0 2
node 7 1 0 0
node 18 3 0 0
node 33 1 0 0
gene 3 1 4 2.15564 0 1 2.15564 1
gene 3 2 4 6.45909 0 2 6.45909 1
gene 1 3 4 7.66419 0 3 7.66419 1
gene 1 3 7 0.223777 0 8 0.223777 1
gene 1 7 4 0.322466 0 9 0.322466 0
gene 3 2 7 7.13855 0 12 7.13855 1
gene 1 3 18 -0.526788 0 35 -0.526788 1
gene 1 18 7 -0.564951 0 36 -0.564951 0
gene 1 7 33 2.2705 0 73 2.2705 1
gene 1 33 4 -3.95306 0 74 -3.95306 1
genomeend 96

/* Organism #97 Fitness: 5.01768 Error: 1.75998 */
genomestart 97
trait 1 0.1 0 0 0 0 0 0 0 
trait 2 0.2 0 0 0 0 0 0 0 
trait 3 0.3 0 0 0 0 0 0 0 
node 1 2 1 3
node 2 3 1 1
node 3 1 1 1
node 4 2 0 2
node 7 2 0 0
node 18 1 0 0
node 33 1 0 0
gene 3 1 4 0.241249 0 1 0.241249 1
gene 3 2 4 8 0 2 8 1
gene 1 3 4 4.87217 0 3 4.87217 1
gene 1 3 7 -2.17322 0 8 -2.17322 1
gene 1 7 4 -2.04665 0 9 -2.04665 0
gene 3 2 7 6.42216 0 12 6.42216 1
gene 1 3 18 -1.89283 0 35 -1.89283 1
gene 1 18 7 -0.227607 0 36 -0.227607 1
gene 1 7 33 -2.63924 0 73 -2.63924 1
gene 1 33 4 -0.816294 0 74 -0.816294 1
genomeend 97

/* Organism #98 Fitness: 1.10386 Error: 2.94935 */
genomestart 98
trait 1 0.1 0 0 0 0 0 0 0 
trait 2 0.2 0 0 0 0 0 0 0 
trait 3 0.3 0 0 0 0 0 0 0 
node 1 2 1 3
node 2 3 1 1
node 3 1 1 1
node 4 2 0 2
node 7 1 0 0
node 18 3 0 0
node 33 1 0 0
gene 3 1 4 4.14914 0 1 4.14914 1
gene 3 2 4 -1.19434 0 2 -1.19434 1
gene 1 3 4 4.72118 0 3 4.72118 1
gene 1 3 7 1.68058 0 8 1.68058 1
gene 1 7 4 2.46261 0 9 2.46261 0
gene 3 2 7 7.12645 0 12 7.12645 1
gene 1 3 18 -1.51975 0 35 -1.51975 1
gene 1 18 7 -1.34725 0 36 -1.34725 1
gene 1 7 33 0.88084 0 73 0.88084 1
gene 1 33 4 -6.58315 0 74 -6.58315 1
genomeend 98

/* Organism #99 Fitness: 8.99997 Error: 1.00001 */
genomestart 99
trait 1 0.1 0 0 0 0 0 0 0 
trait 2 0.2 0 0 0 0 0 0 0 
trait 3 0.3 0 0 0 0 0 0 0 
node 1 2 1 3
node 2 3 1 1
node 3 1 1 1
node 4 2 0 2
node 7 1 0 0
node 18 1 0 0
node 33 1 0 0
node 49 1 0 0
gene 3 1 4 -2.88423 0 1 -2.88423 1
gene 3 2 4 7.98326 0 2 7.98326 1
gene 1 3 4 7.9978 0 3 7.9978 1
gene 1 3 7 -2.58087 0 8 -2.58087 1
gene 1 7 4 -1.95425 0 9 -1.95425 0
gene 3 2 7 5.14283 0 12 5.14283 1
gene 1 3 18 -1.28849 0 35 -1.28849 1
gene 1 18 7 0.71572 0 36 0.71572 0
gene 1 7 33 -0.0450911 0 73 -0.0450911 1
gene 1 33 4 -5.22973 0 74 -5.22973 1
gene 1 18 49 3.07801 0 128 3.07801 1
gene 1 49 7 2.63289 0 129 2.63289 1
genomeend 99

/* Organism #100 Fitness: 8.99997 Error: 1 */
genomestart 100
trait 1 0.1 0 0.45732 0 0 0 0 0.326609 
trait 2 0.2 0 0 0 0 0 0 0 
trait 3 0.3 0 0 0 0 0 0 0 
node 1 2 1 3
node 2 3 1 1
node 3 1 1 1
node 4 2 0 2
node 7 1 0 0
node 18 3 0 0
node 33 1 0 0
gene 3 1 4 0.972472 0 1 0.972472 1
gene 3 2 4 7.87675 0 2 7.87675 1
gene 1 3 4 6.22711 0 3 6.22711 1
gene 1 3 7 -0.301065 0 8 -0.301065 1
gene 1 7 4 2.68815 0 9 2.68815 1
gene 3 2 7 3.24557 0 12 3.24557 1
gene 1 3 18 1.00276 0 35 1.00276 1
gene 1 18 7 2.38836 0 36 2.38836 1
gene 1 7 33 1.54912 0 73 1.54912 1
gene 1 33 4 -7.38838 0 74 -7.38838 1
genomeend 100

/* Organism #101 Fitness: 8.99999 Error: 1 */
genomestart 101
trait 1 0.1 0 0 0 0 0 0 0 
trait 2 0.2 0 0 0 0 0 0 0 
trait 3 0.3 0 0 0 0 0 0 0 
node 1 2 1 3
node 2 3 1 1
node 3 1 1 1
node 4 2 0 2
node 7 1 0 0
node 18 1 0 0
node 33 1 0 0
gene 3 1 4 -0.729087 0 1 -0.729087 1
gene 3 2 4 7.98326 0 2 7.98326 1
gene 1 3 4 6.44135 0 3 6.44135 1
gene 1 3 7 -0.456862 0 8 -0.456862 1
gene 1 7 4 -1.95425 0 9 -1.95425 0
gene 3 2 7 5.56169 0 12 5.56169 1
gene 1 3 18 0.378124 0 35 0.378124 1
gene 1 18 7 0.71572 0 36 0.71572 1
gene 1 7 33 -0.236747 0 73 -0.236747 1
gene 1 33 4 -4.87083 0 74 -4.87083 1
gene 2 18 33 0.293924 0 142 0.293924 1
genomeend 101

/* Organism #102 Fitness: 8.96238 Error: 1.00628 */
genomestart 102
trait 1 0.1 0 0 0 0 0 0 0 
trait 2 0.2 0 0 0 0 0 0 0 
trait 3 0.3 0 0 0 0 0 0 0 
node 1 2 1 3
node 2 3 1 1
node 3 1 1 1
node 4 2 0 2
node 7 1 0 0
node 18 1 0 0
node 33 1 0 0
gene 3 1 4 1.54866 0 1 1.54866 1
gene 3 2 4 7.14438 0 2 7.14438 1
gene 1 3 4 4.42232 0 3 4.42232 1
gene 1 3 7 1.96509 0 8 1.96509 1
gene 1 7 4 -2.56607 0 9 -2.56607 0
gene 3 2 7 -0.706427 0 12 -0.706427 1
gene 1 3 18 0.378124 0 35 0.378124 1
gene 1 18 7 0.71572 0 36 0.71572 0
gene 1 7 33 -0.236747 0 73 -0.236747 1
gene 1 33 4 -7.19344 0 74 -7.19344 1
genomeend 102

/* Organism #103 Fitness: 8.99974 Error: 1.00004 */
genomestart 103
trait 1 0.1 0 0 0 0 0 0 0 
trait 2 0.2 0 0 0 0 0 0 0 
trait 3 0.3 0 0 0 0 0 0 0 
node 1 2 1 3
node 2 3 1 1
node 3 1 1 1
node 4 2 0 2
node 7 1 0 0
node 18 1 0 0
node 33 1 0 0
gene 3 1 4 -0.729087 0 1 -0.729087 1
gene 3 2 4 7.98326 0 2 7.98326 1
gene 1 3 4 6.44135 0 3 6.44135 1
gene 1 3 7 -0.456862 0 8 -0.456862 1
gene 1 7 4 -1.95425 0 9 -1.95425 0
gene 3 2 7 5.56169 0 12 5.56169 1
gene 1 3 18 0.378124 0 35 0.378124 1
gene 1 18 7 0.71572 0 36 0.71572 1
gene 1 7 33 -0.236747 0 73 -0.236747 1
gene 1 33 4 -4.87083 0 74 -4.87083 1
genomeend 103

/* Organism #104 Fitness: 7.53756 Error: 1.25454 */
genomestart 104
trait 1 0.1 0 0 0 0 0 0 0 
trait 2 0.2 0 0 0 0 0 0 0 
trait 3 0.3 0 0 0 0 0 0 0 
node 1 2 1 3
node 2 3 1 1
node 3 1 1 1
node 4 2 0 2
node 7 1 0 0
node 18 1 0 0
node 33 1 0 0
gene 3 1 4 0.593013 0 1 0.593013 1
gene 3 2 4 -2.34611 0 2 -2.34611 1
gene 1 3 4 3.56433 0 3 3.56433 1
gene 1 3 7 -1.59688 0 8 -1.59688 1
gene 1 7 4 1.33782 0 9 1.33782 1
gene 3 2 7 5.10968 0 12 5.10968 1
gene 1 3 18 -1.92339 0 35 -1.92339 1
gene 1 18 7 -1.61296 0 36 -1.61296 1
gene 1 7 33 1.0786 0 73 1.0786 1
gene 1 33 4 -7.87126 0 74 -7.87126 1
genomeend 104

/* Organism #105 Fitness: 8.56222 Error: 1.07387 */
genomestart 105
trait 1 0.1 0 0 0 0 0 0 0 
trait 2 0.2 0 0 0 0 0 0 0 
trait 3 0.3 0 0 0 0 0 0 0 
node 1 2 1 3
node 2 3 1 1
node 3 1 1 1
node 4 2 0 2
node 7 3 0 0
node 18 3 0 0
node 33 1 0 0
gene 3 1 4 0.425275 0 1 0.425275 1
gene 3 2 4 5.85902 0 2 5.85902 1
gene 1 3 4 8 0 3 8 1
gene 1 3 7 -0.787149 0 8 -0.787149 1
gene 1 7 4 1.34121 0 9 1.34121 0
gene 3 2 7 3.31156 0 12 3.31156 1
gene 1 3 18 0.902661 0 35 0.902661 1
gene 1 18 7 1.39483 0 36 1.39483 1
gene 1 7 33 -0.366604 0 73 -0.366604 1
gene 1 33 4 -6.33496 0 74 -6.33496 1
genomeend 105

/* Species #9 : (Size 11) (AF 5.58453) (Age 7)  */


/* Organism #106 Fitness: 8.58035 Error: 1.07078 */
genomestart 106
trait 1 0.1 0 0 0 0 0 0 0 
trait 2 0.2 0 0 0 0 0 0 0 
trait 3 0.3 0 0 0 0 0 0 0 
node 1 2 1 3
node 2 3 1 1
node 3 1 1 1
node 4 2 0 2
node 7 1 0 0
node 29 1 0 0
node 34 1 0 0
gene 3 1 4 1.60352 0 1 1.60352 1
gene 3 2 4 2.71615 0 2 2.71615 0
gene 1 3 4 5.59603 0 3 5.59603 1
gene 1 3 7 1.98827 0 8 1.98827 1
gene 1 7 4 0.867813 0 9 0.867813 0
gene 3 2 7 -1.75459 0 12 -1.75459 1
gene 1 7 29 1.61304 0 64 1.61304 1
gene 2 29 4 -2.91786 0 65 -2.91786 1
gene 3 2 34 0.0158544 0 75 0.0158544 1
gene 3 34 4 1.37661 0 76 1.37661 1
genomeend 106

/* Organism #107 Fitness: 4.01649 Error: 1.99588 */
genomestart 107
trait 1 0.1 0 0 0 0 0 0 0 
trait 2 0.2 0 0 0 0 0 0 0 
trait 3 0.3 0 0 0 0 0 0 0 
node 1 2 1 3
node 2 3 1 1
node 3 1 1 1
node 4 2 0 2
node 7 1 0 0
node 29 1 0 0
node 34 1 0 0
gene 3 1 4 -0.480056 0 1 -0.480056 1
gene 3 2 4 1.95669 0 2 1.95669 0
gene 1 3 4 2.50511 0 3 2.50511 1
gene 1 3 7 -1.6307 0 8 -1.6307 1
gene 1 7 4 1.73729 0 9 1.73729 0
gene 3 2 7 -0.840251 0 12 -0.840251 1
gene 1 7 29 4.19823 0 64 4.19823 1
gene 2 29 4 -1.86216 0 65 -1.86216 1
gene 3 2 34 -1.10172 0 75 -1.10172 1
gene 2 34 4 0.728248 0 76 0.728248 1
genomeend 107

/* Organism #108 Fitness: 4.04636 Error: 1.98844 */
genomestart 108
trait 1 0.1 0 0 0 0 0 0 0 
trait 2 0.2 0 0 0 0 0 0 0 
trait 3 0.3 0 0 0 0 0 0 0 
node 1 2 1 3
node 2 3 1 1
node 3 1 1 1
node 4 2 0 2
node 7 1 0 0
node 29 1 0 0
node 34 1 0 0
gene 3 1 4 1.07143 0 1 1.07143 1
gene 3 2 4 2.55081 0 2 2.55081 0
gene 1 3 4 7.77947 0 3 7.77947 1
gene 1 3 7 0.920347 0 8 0.920347 1
gene 1 7 4 2.87791 0 9 2.87791 0
gene 3 2 7 -0.257729 0 12 -0.257729 1
gene 1 7 29 2.65952 0 64 2.65952 1
gene 2 29 4 -1.87099 0 65 -1.87099 1
gene 3 2 34 0.415036 0 75 0.415036 1
gene 3 34 4 -0.0479904 0 76 -0.0479904 0
genomeend 108

/* Organism #109 Fitness: 5.7726 Error: 1.59738 */
genomestart 109
trait 1 0.1 0 0 0 0 0 0 0 
trait 2 0.2 0 0 0 0 0 0 0 
trait 3 0.3 0 0 0 0 0 0 0 
node 1 2 1 3
node 2 3 1 1
node 3 1 1 1
node 4 2 0 2
node 7 1 0 0
node 29 1 0 0
node 34 1 0 0
node 50 1 0 0
gene 3 1 4 -0.573061 0 1 -0.573061 1
gene 3 2 4 2.69326 0 2 2.69326 0
gene 1 3 4 3.85563 0 3 3.85563 1
gene 1 3 7 4.29707 0 8 4.29707 1
gene 1 7 4 -0.0836016 0 9 -0.0836016 0
gene 3 2 7 0.0528733 0 12 0.0528733 1
gene 1 7 29 3.23518 0 64 3.23518 1
gene 2 29 4 -0.544374 0 65 -0.544374 1
gene 3 2 34 -2.15264 0 75 -2.15264 1
gene 3 34 4 3.73875 0 76 3.73875 0
gene 3 34 50 -0.550111 0 131 -0.550111 1
gene 3 50 4 2.13118 0 132 2.13118 1
genomeend 109

/* Organism #110 Fitness: 3.56795 Error: 2.1111 */
genomestart 110
trait 1 0.1 0 0 0 0 0 0 0 
trait 2 0.2 0 0 0 0 0 0 0 
trait 3 0.289349 0.445845 0 0 0.270272 0 0 0 
node 1 2 1 3
node 2 3 1 1
node 3 1 1 1
node 4 2 0 2
node 7 1 0 0
node 29 1 0 0
node 34 1 0 0
gene 3 1 4 0.741829 0 1 0.741829 1
gene 3 2 4 3.27639 0 2 3.27639 0
gene 1 3 4 0.429319 0 3 0.429319 1
gene 1 3 7 1.36105 0 8 1.36105 1
gene 1 7 4 1.49745 0 9 1.49745 0
gene 3 2 7 -3.64917 0 12 -3.64917 1
gene 1 7 29 0.0383427 0 64 0.0383427 1
gene 2 29 4 -2.41575 0 65 -2.41575 1
gene 3 2 34 2.24386 0 75 2.24386 1
gene 2 34 4 0.037843 0 76 0.037843 0
genomeend 110

/* Organism #111 Fitness: 8.05386 Error: 1.16207 */
genomestart 111
trait 1 0.1 0 0 0 0 0 0 0 
trait 2 0.2 0 0 0 0 0 0 0 
trait 3 0.3 0 0 0 0 0 0 0 
node 1 2 1 3
node 2 3 1 1
node 3 1 1 1
node 4 2 0 2
node 7 1 0 0
node 29 1 0 0
node 34 1 0 0
gene 3 1 4 1.42056 0 1 1.42056 1
gene 3 2 4 2.71615 0 2 2.71615 0
gene 1 3 4 1.41133 0 3 1.41133 1
gene 1 3 7 -1.35229 0 8 -1.35229 1
gene 1 7 4 1.02704 0 9 1.02704 0
gene 3 2 7 -2.42584 0 12 -2.42584 1
gene 1 7 29 2.03507 0 64 2.03507 1
gene 2 29 4 -2.91786 0 65 -2.91786 1
gene 3 2 34 0.0158544 0 75 0.0158544 1
gene 2 34 4 0.728248 0 76 0.728248 1
genomeend 111

/* Organism #112 Fitness: 8.99854 Error: 1.00024 */
genomestart 112
trait 1 0.1 0 0 0 0 0 0 0 
trait 2 0.2 0 0 0 0 0 0 0 
trait 3 0.3 0 0 0 0 0 0 0 
node 1 2 1 3
node 2 3 1 1
node 3 1 1 1
node 4 2 0 2
node 7 1 0 0
node 29 1 0 0
node 34 1 0 0
gene 3 1 4 1.53287 0 1 1.53287 1
gene 3 2 4 5.06928 0 2 5.06928 0
gene 1 3 4 6.36189 0 3 6.36189 1
gene 1 3 7 1.25987 0 8 1.25987 1
gene 1 7 4 2.87105 0 9 2.87105 0
gene 3 2 7 -3.27883 0 12 -3.27883 1
gene 1 7 29 2.88299 0 64 2.88299 1
gene 2 29 4 -5.11298 0 65 -5.11298 1
gene 3 2 34 1.50432 0 75 1.50432 1
gene 3 34 4 2.73087 0 76 2.73087 1
genomeend 112

/* Organism #113 Fitness: 4 Error: 2 */
genomestart 113
trait 1 0.1 0 0 0 0 0 0 0 
trait 2 0.2 0 0 0 0 0 0 0 
trait 3 0.3 0 0 0 0 0 0 0 
node 1 2 1 3
node 2 3 1 1
node 3 1 1 1
node 4 2 0 2
node 7 1 0 0
node 29 1 0 0
node 34 1 0 0
gene 3 1 4 3.80604 0 1 3.80604 1
gene 3 2 4 1.47969 0 2 1.47969 0
gene 1 3 4 6.90001 0 3 6.90001 1
gene 1 3 7 2.72681 0 8 2.72681 1
gene 1 7 4 0.484424 0 9 0.484424 0
gene 3 2 7 -1.377 0 12 -1.377 1
gene 1 7 29 0.525437 0 64 0.525437 1
gene 2 29 4 -0.592498 0 65 -0.592498 1
gene 3 2 34 1.25849 0 75 1.25849 1
gene 2 34 4 0.728248 0 76 0.728248 1
genomeend 113

/* Organism #114 Fitness: 6.39378 Error: 1.47141 */
genomestart 114
trait 1 0.1 0 0 0 0 0 0 0 
trait 2 0.2 0 0 0 0 0 0 0 
trait 3 0.3 0 0 0 0 0 0 0 
node 1 1 1 3
node 2 3 1 1
node 3 1 1 1
node 4 2 0 2
node 7 1 0 0
node 29 1 0 0
node 34 1 0 0
gene 3 1 4 0.910443 0 1 0.910443 1
gene 3 2 4 2.463 0 2 2.463 0
gene 1 3 4 6.97356 0 3 6.97356 1
gene 1 3 7 4.34048 0 8 4.34048 1
gene 1 7 4 0.783124 0 9 0.783124 0
gene 3 2 7 -1.24271 0 12 -1.24271 1
gene 1 7 29 2.0126 0 64 2.0126 1
gene 2 29 4 -1.05607 0 65 -1.05607 1
gene 3 2 34 -2.16218 0 75 -2.16218 1
gene 3 34 4 1.37661 0 76 1.37661 0
genomeend 114

/* Organism #115 Fitness: 3.99996 Error: 2.00001 */
genomestart 115
trait 1 0.1 0 0 0 0 0 0 0 
trait 2 0.2 0 0 0 0 0 0 0 
trait 3 0.3 0 0 0 0 0 0 0 
node 1 2 1 3
node 2 3 1 1
node 3 1 1 1
node 4 2 0 2
node 7 1 0 0
node 29 1 0 0
node 34 1 0 0
node 50 1 0 0
gene 3 1 4 0.22515 0 1 0.22515 1
gene 3 2 4 1.35296 0 2 1.35296 0
gene 1 3 4 5.59603 0 3 5.59603 1
gene 1 3 7 4.10671 0 8 4.10671 1
gene 1 7 4 2.57113 0 9 2.57113 0
gene 3 2 7 1.3184 0 12 1.3184 1
gene 1 7 29 1.13771 0 64 1.13771 1
gene 2 29 4 -3.60162 0 65 -3.60162 1
gene 3 2 34 0.276559 0 75 0.276559 1
gene 3 34 4 -0.706885 0 76 -0.706885 0
gene 3 34 50 0.615009 0 131 0.615009 1
gene 3 50 4 1.37661 0 132 1.37661 1
genomeend 115

/* Organism #116 Fitness: 3.99996 Error: 2.00001 */
genomestart 116
trait 1 0.1 0 0 0 0 0 0 0 
trait 2 0.2 0 0 0 0 0 0 0 
trait 3 0.3 0 0 0 0 0 0 0 
node 1 2 1 3
node 2 3 1 1
node 3 1 1 1
node 4 2 0 2
node 7 1 0 0
node 29 1 0 0
node 34 1 0 0
gene 3 1 4 -0.721686 0 1 -0.721686 1
gene 3 2 4 1.47183 0 2 1.47183 0
gene 1 3 4 0.109485 0 3 0.109485 1
gene 1 3 7 -2.09091 0 8 -2.09091 1
gene 1 7 4 0.885666 0 9 0.885666 0
gene 3 2 7 -2.38922 0 12 -2.38922 1
gene 3 7 29 -0.0759682 0 64 -0.0759682 1
gene 2 29 4 -4.68137 0 65 -4.68137 1
gene 3 2 34 1.14817 0 75 1.14817 1
gene 2 34 4 0.728248 0 76 0.728248 1
genomeend 116

/* Species #11 : (Size 14) (AF 6.65799) (Age 4)  */


/* Organism #117 Fitness: 9 Error: 1 */
genomestart 117
trait 1 0.1 0 0 0 0 0 0 0 
trait 2 0.2 0 0 0 0 0 0 0 
trait 3 0.3 0 0 0 0 0 0 0 
node 1 2 1 3
node 2 3 1 1
node 3 1 1 1
node 4 2 0 2
node 7 1 0 0
node 29 1 0 0
gene 3 1 4 -2.44892 0 1 -2.44892 1
gene 3 2 4 -7.02914 0 2 -7.02914 1
gene 1 3 4 5.96011 0 3 5.96011 1
gene 1 3 7 0.908116 0 8 0.908116 1
gene 1 7 4 -0.0141911 0 9 -0.0141911 0
gene 3 2 7 2.8737 0 12 2.8737 1
gene 1 1 7 -0.284486 0 54 -0.284486 1
gene 1 7 29 -0.178472 0 64 -0.678472 1
gene 1 29 4 -2.24273 0 65 -1.66437 1
gene 2 3 29 -0.324351 0 101 -0.324351 1
genomeend 117

/* Organism #118 Fitness: 8.9975 Error: 1.00042 */
genomestart 118
trait 1 0.1 0 0 0 0 0 0 0 
trait 2 0.2 0 0 0 0 0 0 0 
trait 3 0.3 0 0 0 0 0 0 0 
node 1 2 1 3
node 2 3 1 1
node 3 1 1 1
node 4 2 0 2
node 7 1 0 0
node 29 1 0 0
gene 3 1 4 -4.37975 0 1 -4.37975 1
gene 3 2 4 -7.02914 0 2 -7.02914 1
gene 1 3 4 5.96011 0 3 5.96011 1
gene 1 3 7 -4.03966 0 8 -4.03966 1
gene 1 7 4 3.73348 0 9 3.73348 0
gene 3 2 7 2.8737 0 12 2.8737 1
gene 1 1 7 1.20322 0 54 1.20322 1
gene 1 7 29 -0.178472 0 64 -0.678472 1
gene 1 29 4 -2.24273 0 65 -1.66437 1
gene 2 3 29 -3.84617 0 101 -3.84617 1
gene 3 2 29 0.438124 0 143 0.438124 1
genomeend 118

/* Organism #119 Fitness: 9 Error: 1 */
genomestart 119
trait 1 0.1 0 0 0 0 0 0 0 
trait 2 0.2 0 0 0 0 0 0 0 
trait 3 0.3 0 0 0 0 0 0 0 
node 1 2 1 3
node 2 3 1 1
node 3 1 1 1
node 4 2 0 2
node 7 1 0 0
node 29 1 0 0
gene 3 1 4 -2.44892 0 1 -2.44892 1
gene 3 2 4 -7.02914 0 2 -7.02914 1
gene 1 3 4 5.96011 0 3 5.96011 1
gene 1 3 7 0.908116 0 8 0.908116 1
gene 1 7 4 -0.0141911 0 9 -0.0141911 0
gene 3 2 7 2.8737 0 12 2.8737 1
gene 1 1 7 -0.284486 0 54 -0.284486 1
gene 1 7 29 -0.948759 0 64 -0.948759 1
gene 1 29 4 -2.24273 0 65 -1.66437 1
gene 2 3 29 -0.324351 0 101 -0.324351 1
genomeend 119

/* Organism #120 Fitness: 5.08544 Error: 1.74491 */
genomestart 120
trait 1 0.1 0 0 0 0 0 0 0 
trait 2 0.2 0 0 0 0 0 0 0 
trait 3 0.3 0 0 0 0 0 0 0 
node 1 2 1 3
node 2 3 1 1
node 3 1 1 1
node 4 2 0 2
node 7 1 0 0
node 29 1 0 0
gene 3 1 4 -0.755448 0 1 -0.755448 1
gene 3 2 4 -7.28797 0 2 -7.28797 1
gene 1 3 4 0.533845 0 3 0.533845 1
gene 1 3 7 -0.887364 0 8 -0.887364 1
gene 1 7 4 1.09737 0 9 1.09737 1
gene 3 2 7 0.377209 0 12 0.377209 1
gene 1 1 7 -0.214827 0 54 -0.214827 1
gene 1 7 29 1.19961 0 64 1.19961 1
gene 1 29 4 -3.38763 0 65 -3.38763 1
gene 2 3 29 -1.69584 0 101 -1.69584 1
genomeend 120

/* Organism #121 Fitness: 4.01751 Error: 1.99563 */
genomestart 121
trait 1 0.1 0 0 0 0 0 0 0 
trait 2 0.2 0 0 0 0 0 0 0 
trait 3 0.3 0 0 0 0 0 0 0 
node 1 2 1 3
node 2 3 1 1
node 3 1 1 1
node 4 2 0 2
node 7 1 0 0
node 29 1 0 0
gene 3 1 4 -2.4142 0 1 -2.4142 1
gene 3 2 4 2.43324 0 2 2.43324 1
gene 1 3 4 5.96011 0 3 5.96011 1
gene 1 3 7 -0.586833 0 8 -0.586833 1
gene 1 7 4 2.10639 0 9 2.10639 0
gene 3 2 7 -0.0480667 0 12 -0.0480667 1
gene 1 1 7 0.818453 0 54 0.818453 1
gene 1 7 29 2.2251 0 64 2.2251 0
gene 1 29 4 -2.24273 0 65 -2.24273 1
gene 2 3 29 -1.58049 0 101 -1.58049 1
genomeend 121

/* Organism #122 Fitness: 4.14647 Error: 1.96371 */
genomestart 122
trait 1 0.1 0 0 0 0 0 0 0 
trait 2 0.2 0 0 0 0 0 0 0 
trait 3 0.3 0 0 0 0 0 0 0 
node 1 3 1 3
node 2 3 1 1
node 3 1 1 1
node 4 2 0 2
node 7 1 0 0
node 29 1 0 0
gene 3 1 4 -5.87424 0 1 -5.87424 1
gene 3 2 4 -6.60737 0 2 -6.60737 1
gene 1 3 4 8 0 3 8 1
gene 1 3 7 3.38164 0 8 3.38164 1
gene 1 7 4 -0.389416 0 9 -0.389416 0
gene 3 2 7 1.95761 0 12 1.95761 1
gene 1 1 7 -1.89006 0 54 -1.89006 1
gene 1 7 29 -0.718726 0 64 -0.718726 0
gene 1 29 4 -2.84921 0 65 -2.84921 1
gene 2 3 29 0.788446 0 101 0.788446 1
genomeend 122

/* Organism #123 Fitness: 4.1003 Error: 1.97508 */
genomestart 123
trait 1 0.1 0 0 0 0 0 0 0 
trait 2 0.2 0 0 0 0 0 0 0 
trait 3 0.3 0 0 0 0 0 0 0 
node 1 2 1 3
node 2 3 1 1
node 3 1 1 1
node 4 2 0 2
node 7 1 0 0
node 29 1 0 0
gene 3 1 4 -2.18432 0 1 -2.18432 1
gene 3 2 4 -0.420087 0 2 -0.420087 1
gene 1 3 4 1.71949 0 3 1.71949 1
gene 1 3 7 2.83551 0 8 2.83551 1
gene 1 7 4 1.20769 0 9 1.20769 0
gene 3 2 7 0.265282 0 12 0.265282 1
gene 1 1 7 1.65527 0 54 1.65527 1
gene 1 7 29 -1.63184 0 64 -1.63184 1
gene 1 29 4 -2.17483 0 65 -2.17483 1
gene 2 3 29 1.21798 0 101 1.21798 1
genomeend 123

/* Organism #124 Fitness: 1 Error: 3 */
genomestart 124
trait 1 0.1 0 0 0 0 0 0 0 
trait 2 0.2 0 0 0 0 0 0 0 
trait 3 0.3 0 0 0 0 0 0 0 
node 1 2 1 3
node 2 3 1 1
node 3 1 1 1
node 4 2 0 2
node 7 1 0 0
node 29 1 0 0
gene 3 1 4 1.68813 0 1 1.68813 1
gene 3 2 4 -7.16121 0 2 -7.16121 1
gene 1 3 4 6.92671 0 3 6.92671 1
gene 1 3 7 0.908116 0 8 0.908116 1
gene 1 7 4 1.97729 0 9 1.97729 0
gene 3 2 7 -0.45732 0 12 -0.45732 1
gene 1 1 7 -1.74152 0 54 -1.74152 1
gene 1 7 29 -2.60729 0 64 -2.60729 1
gene 1 29 4 2.17307 0 65 2.17307 1
gene 2 3 29 1.48677 0 101 1.48677 1
genomeend 124

/* Organism #125 Fitness: 9 Error: 1 */
genomestart 125
trait 1 0.1 0 0 0 0 0 0 0 
trait 2 0.2 0 0 0 0 0 0 0 
trait 3 0.3 0 0 0 0 0 0 0 
node 1 2 1 3
node 2 3 1 1
node 3 1 1 1
node 4 2 0 2
node 7 1 0 0
node 29 1 0 0
gene 3 1 4 -4.37975 0 1 -4.37975 1
gene 3 2 4 -7.02914 0 2 -7.02914 1
gene 1 3 4 7.60822 0 3 7.60822 1
gene 1 3 7 -4.03966 0 8 -4.03966 1
gene 1 7 4 3.73348 0 9 3.73348 0
gene 3 2 7 2.91192 0 12 2.91192 1
gene 1 1 7 -0.284486 0 54 -0.284486 1
gene 1 7 29 -0.926405 0 64 -0.926405 1
gene 1 29 4 -4.70611 0 65 -4.70611 1
gene 2 3 29 -3.84617 0 101 -3.84617 1
genomeend 125

/* Organism #126 Fitness: 9 Error: 1 */
genomestart 126
trait 1 0.1 0 0 0 0 0 0 0 
trait 2 0.2 0 0 0 0 0 0 0 
trait 3 0.3 0 0 0 0 0 0 0 
node 1 2 1 3
node 2 3 1 1
node 3 1 1 1
node 4 2 0 2
node 7 1 0 0
node 29 1 0 0
gene 3 1 4 -2.44892 0 1 -2.44892 1
gene 3 2 4 -7.02914 0 2 -7.02914 1
gene 1 3 4 5.96011 0 3 5.96011 1
gene 1 3 7 0.908116 0 8 0.908116 1
gene 1 7 4 -0.0141911 0 9 -0.0141911 0
gene 3 2 7 2.8737 0 12 2.8737 1
gene 1 1 7 -0.284486 0 54 -0.284486 1
gene 1 7 29 -0.178472 0 64 -0.678472 0
gene 1 29 4 -2.24273 0 65 -1.66437 1
gene 2 3 29 -0.324351 0 101 -0.324351 1
gene 1 4 7 -0.58208 0 144 -0.58208 1
genomeend 126

/* Organism #127 Fitness: 8.99186 Error: 1.00136 */
genomestart 127
trait 1 0.1 0 0 0 0 0 0 0 
trait 2 0.2 0 0 0 0 0 0 0 
trait 3 0.3 0 0 0 0 0 0 0 
node 1 2 1 3
node 2 3 1 1
node 3 1 1 1
node 4 2 0 2
node 7 1 0 0
node 29 1 0 0
node 52 1 0 0
gene 3 1 4 -1.21551 0 1 -1.21551 1
gene 3 2 4 -8 0 2 -8 1
gene 1 3 4 5.64676 0 3 5.64676 1
gene 1 3 7 -1.50842 0 8 -1.50842 1
gene 1 7 4 -0.49707 0 9 -0.49707 0
gene 3 2 7 4.89669 0 12 4.89669 1
gene 1 1 7 -2.67912 0 54 -2.67912 1
gene 1 7 29 1.25605 0 64 1.25605 0
gene 1 29 4 -0.410398 0 65 -0.410398 1
gene 2 3 29 0.876934 0 101 0.876934 1
gene 1 7 52 0.881527 0 135 0.881527 1
gene 1 52 29 -0.33549 0 136 -0.33549 1
genomeend 127

/* Organism #128 Fitness: 8.1103 Error: 1.15214 */
genomestart 128
trait 1 0.1 0 0 0 0 0 0 0 
trait 2 0.2 0 0 0 0 0 0 0 
trait 3 0.3 0 0 0 0 0 0 0 
node 1 2 1 3
node 2 3 1 1
node 3 1 1 1
node 4 2 0 2
node 7 1 0 0
node 29 1 0 0
gene 3 1 4 -3.60038 0 1 -3.60038 1
gene 3 2 4 -8 0 2 -8 1
gene 1 3 4 3.94925 0 3 3.94925 1
gene 1 3 7 3.06822 0 8 3.06822 1
gene 1 7 4 3.26846 0 9 3.26846 0
gene 3 2 7 0.713981 0 12 0.713981 1
gene 1 1 7 -0.557932 0 54 -0.557932 1
gene 1 7 29 -1.09592 0 64 -1.09592 1
gene 1 29 4 -3.08466 0 65 -3.08466 1
gene 2 3 29 -1.96791 0 101 -1.96791 1
genomeend 128

/* Organism #129 Fitness: 8.76237 Error: 1.03987 */
genomestart 129
trait 1 0.1 0 0 0 0 0 0 0 
trait 2 0.2 0 0 0 0 0 0 0 
trait 3 0.3 0 0 0 0 0 0 0 
node 1 2 1 3
node 2 3 1 1
node 3 1 1 1
node 4 2 0 2
node 7 1 0 0
node 29 1 0 0
gene 3 1 4 0.0395596 0 1 0.0395596 1
gene 3 2 4 -8 0 2 -8 1
gene 1 3 4 0.613804 0 3 0.613804 1
gene 1 3 7 1.21437 0 8 1.21437 1
gene 1 7 4 1.798 0 9 1.798 0
gene 3 2 7 4.83047 0 12 4.83047 1
gene 1 1 7 0.964789 0 54 0.964789 1
gene 1 7 29 -0.174261 0 64 -0.174261 0
gene 1 29 4 -3.02973 0 65 -3.02973 1
gene 2 3 29 -1.37045 0 101 -1.37045 1
genomeend 129

/* Organism #130 Fitness: 4.00007 Error: 1.99998 */
genomestart 130
trait 1 0.1 0 0 0 0 0 0 0 
trait 2 0.2 0 0 0 0 0 0 0 
trait 3 0.3 0 0 0 0 0 0 0 
node 1 2 1 3
node 2 3 1 1
node 3 1 1 1
node 4 2 0 2
node 7 1 0 0
node 29 1 0 0
gene 3 1 4 -4.31795 0 1 -4.31795 1
gene 3 2 4 -4.88704 0 2 -4.88704 1
gene 1 3 4 5.92471 0 3 5.92471 1
gene 1 3 7 2.41562 0 8 2.41562 1
gene 1 7 4 -0.209357 0 9 -0.209357 0
gene 3 2 7 1.46695 0 12 1.46695 1
gene 1 1 7 1.42211 0 54 1.42211 1
gene 1 7 29 -0.377438 0 64 -0.377438 1
gene 1 29 4 -3.83755 0 65 -3.83755 1
gene 2 3 29 1.7655 0 101 1.7655 1
genomeend 130

/* Species #12 : (Size 8) (AF 4.65185) (Age 3)  */


/* Organism #131 Fitness: 5.31844 Error: 1.69383 */
genomestart 131
trait 1 0.1 0 0 0 0 0 0 0 
trait 2 0.639314 0.391491 0 0 0 0 0 0 
trait 3 0.3 0 0 0 0 0 0 0 
node 1 2 1 3
node 2 3 1 1
node 3 1 1 1
node 4 2 0 2
node 7 1 0 0
node 18 1 0 0
node 32 1 0 0
node 38 1 0 0
gene 3 1 4 0.160199 0 1 0.160199 1
gene 3 2 4 3.22806 0 2 3.22806 1
gene 1 3 4 2.02639 0 3 2.02639 1
gene 1 3 7 2.29807 0 8 2.29807 1
gene 1 7 4 0.981723 0 9 0.981723 1
gene 3 2 7 -1.36944 0 12 -1.36944 1
gene 1 3 18 0.606006 0 35 0.606006 0
gene 1 18 7 -4.78211 0 36 -4.78211 0
gene 1 18 32 3.07564 0 70 3.07564 1
gene 1 32 7 -1.03635 0 71 -1.03635 1
gene 1 3 38 1.02596 0 88 1.02596 1
gene 1 38 18 4.22109 0 89 4.22109 1
genomeend 131

/* Organism #132 Fitness: 4.03162 Error: 1.99211 */
genomestart 132
trait 1 0.1 0 0 0 0 0 0 0 
trait 2 0.2 0 0 0 0 0 0 0 
trait 3 0.3 0 0 0 0 0 0 0 
node 1 2 1 3
node 2 3 1 1
node 3 1 1 1
node 4 2 0 2
node 7 1 0 0
node 18 1 0 0
node 32 1 0 0
node 38 1 0 0
gene 3 1 4 0.981758 0 1 0.981758 1
gene 3 2 4 3.97805 0 2 3.97805 1
gene 1 3 4 2.64821 0 3 2.64821 1
gene 1 3 7 1.6101 0 8 1.6101 1
gene 1 7 4 1.91925 0 9 1.91925 1
gene 3 2 7 0.017243 0 12 0.017243 1
gene 1 3 18 1.26711 0 35 1.26711 0
gene 1 18 7 -0.816233 0 36 -0.816233 0
gene 1 18 32 2.98164 0 70 2.98164 1
gene 1 32 7 -2.78437 0 71 -2.78437 1
gene 1 3 38 0.941343 0 88 0.941343 1
gene 1 38 18 -0.0830103 0 89 -0.0830103 1
genomeend 132

/* Organism #133 Fitness: 4.04886 Error: 1.98782 */
genomestart 133
trait 1 0.1 0 0 0 0 0 0 0 
trait 2 0.639314 0.391491 0 0 0 0 0 0 
trait 3 0.3 0 0 0 0 0 0 0 
node 1 2 1 3
node 2 3 1 1
node 3 1 1 1
node 4 2 0 2
node 7 1 0 0
node 18 1 0 0
node 32 1 0 0
node 38 1 0 0
gene 3 1 4 0.892666 0 1 0.892666 1
gene 3 2 4 3.01901 0 2 3.01901 1
gene 1 3 4 3.18335 0 3 3.18335 1
gene 1 3 7 2.29807 0 8 2.29807 1
gene 1 7 4 0.270566 0 9 0.270566 1
gene 3 2 7 -0.564669 0 12 -0.564669 1
gene 1 3 18 -0.0893582 0 35 -0.0893582 0
gene 1 18 7 -0.830256 0 36 -0.830256 0
gene 1 18 32 3.07564 0 70 3.07564 1
gene 3 32 7 -1.85667 0 71 -1.85667 1
gene 1 3 38 2.45643 0 88 2.45643 1
gene 1 38 18 4.22109 0 89 4.22109 1
genomeend 133

/* Organism #134 Fitness: 1.8945 Error: 2.62359 */
genomestart 134
trait 1 0.1 0 0 0 0 0 0 0 
trait 2 0.639314 0.391491 0 0 0 0 0 0 
trait 3 0.3 0 0 0 0 0 0 0 
node 1 2 1 3
node 2 3 1 1
node 3 1 1 1
node 4 2 0 2
node 7 1 0 0
node 18 1 0 0
node 32 1 0 0
node 38 1 0 0
gene 3 1 4 0.124111 0 1 0.124111 1
gene 3 2 4 -1.36357 0 2 -1.36357 1
gene 1 3 4 2.0061 0 3 2.0061 1
gene 1 3 7 0.617183 0 8 0.617183 1
gene 1 7 4 2.12699 0 9 2.12699 1
gene 3 2 7 -0.735878 0 12 -0.735878 1
gene 1 3 18 3.02139 0 35 3.02139 0
gene 1 18 7 -5.40667 0 36 -5.40667 0
gene 1 18 32 4.85449 0 70 4.85449 1
gene 1 32 7 -2.53504 0 71 -2.53504 1
gene 1 3 38 -0.680639 0 88 -0.680639 1
gene 1 38 18 2.06519 0 89 2.06519 1
genomeend 134

/* Organism #135 Fitness: 5.6852 Error: 1.61563 */
genomestart 135
trait 1 0.1 0 0 0 0 0 0 0 
trait 2 0.639314 0.391491 0 0 0 0 0 0 
trait 3 0.3 0 0 0 0 0 0 0 
node 1 2 1 3
node 2 3 1 1
node 3 1 1 1
node 4 2 0 2
node 7 1 0 0
node 18 1 0 0
node 32 1 0 0
node 38 1 0 0
gene 3 1 4 0.0830103 0 1 0.0830103 1
gene 3 2 4 2.69063 0 2 2.69063 1
gene 1 3 4 2.50469 0 3 2.50469 1
gene 1 3 7 0.855281 0 8 0.855281 1
gene 1 7 4 2.35628 0 9 2.35628 1
gene 3 2 7 -2.04947 0 12 -2.04947 1
gene 1 3 18 1.6032 0 35 1.6032 0
gene 1 18 7 -6.75353 0 36 -6.75353 0
gene 1 18 32 0.718558 0 70 0.718558 1
gene 1 32 7 -1.09136 0 71 -1.09136 1
gene 1 3 38 -2.39723 0 88 -2.39723 1
gene 1 38 18 2.85371 0 89 2.85371 1
genomeend 135

/* Organism #136 Fitness: 8.23672 Error: 1.13003 */
genomestart 136
trait 1 0.1 0 0 0 0 0 0 0 
trait 2 0.419657 0.195746 0 0 0 0 0 0 
trait 3 0.3 0 0 0 0 0 0 0 
node 1 2 1 3
node 2 3 1 1
node 3 1 1 1
node 4 2 0 2
node 7 1 0 0
node 18 1 0 0
node 32 1 0 0
node 38 1 0 0
gene 3 1 4 -0.386006 0 1 -0.386006 1
gene 3 2 4 2.67014 0 2 2.67014 1
gene 1 3 4 3.73539 0 3 3.73539 1
gene 1 3 7 2.67001 0 8 2.67001 1
gene 1 7 4 3.45956 0 9 3.45956 1
gene 3 2 7 2.11463 0 12 2.11463 1
gene 1 3 18 3.74461 0 35 3.74461 0
gene 1 18 7 -1.98509 0 36 -1.98509 0
gene 1 18 32 4.10572 0 70 4.10572 1
gene 1 32 7 -4.15446 0 71 -4.15446 1
gene 1 3 38 0.363933 0 88 0.363933 1
gene 1 38 18 3.28703 0 89 3.28703 1
genomeend 136

/* Organism #137 Fitness: 3.99949 Error: 2.00013 */
genomestart 137
trait 1 0.1 0 0 0 0 0 0 0 
trait 2 0.639314 0.391491 0 0 0 0 0 0 
trait 3 0.3 0 0 0 0 0 0 0 
node 1 2 1 3
node 2 3 1 1
node 3 1 1 1
node 4 2 0 2
node 7 1 0 0
node 18 1 0 0
node 32 1 0 0
node 38 1 0 0
gene 3 1 4 0.446158 0 1 0.446158 1
gene 3 2 4 1.41144 0 2 1.41144 1
gene 1 3 4 -0.305681 0 3 -0.305681 1
gene 1 3 7 4.41277 0 8 4.41277 1
gene 1 7 4 1.62505 0 9 1.62505 1
gene 3 2 7 0.352718 0 12 0.352718 1
gene 1 3 18 0.842524 0 35 0.842524 0
gene 1 18 7 -5.39554 0 36 -5.39554 0
gene 1 18 32 2.26324 0 70 2.26324 1
gene 1 32 7 0.892499 0 71 0.892499 1
gene 1 3 38 2.463 0 88 2.463 1
gene 1 38 18 5.08927 0 89 5.08927 1
genomeend 137

/* Organism #138 Fitness: 4.00001 Error: 2 */
genomestart 138
trait 1 0.1 0 0 0 0 0 0 0 
trait 2 0.2 0 0 0 0 0 0 0 
trait 3 0.3 0 0 0 0 0 0 0 
node 1 2 1 3
node 2 3 1 1
node 3 1 1 1
node 4 3 0 2
node 7 1 0 0
node 18 1 0 0
node 32 1 0 0
node 38 1 0 0
gene 3 1 4 2.68316 0 1 2.68316 1
gene 3 2 4 5.81603 0 2 5.81603 1
gene 1 3 4 2.03104 0 3 2.03104 1
gene 1 3 7 1.35878 0 8 1.35878 1
gene 1 7 4 1.01819 0 9 1.01819 1
gene 3 2 7 -0.902127 0 12 -0.902127 1
gene 1 3 18 2.76862 0 35 2.76862 1
gene 1 18 7 -2.66855 0 36 -2.66855 0
gene 1 18 32 0.851604 0 70 0.851604 1
gene 1 32 7 -2.64216 0 71 -2.64216 1
gene 1 3 38 -0.39758 0 88 -0.39758 1
gene 1 38 18 2.35298 0 89 2.35298 1
genomeend 138

/* Species #13 : (Size 9) (AF 4.99009) (Age 2)  */


/* Organism #139 Fitness: 4.0248 Error: 1.99381 */
genomestart 139
trait 1 0.1 0 0 0 0 0 0 0 
trait 2 0.2 0 0 0 0 0 0 0 
trait 3 0.3 0 0 0 0 0 0 0 
node 1 2 1 3
node 2 3 1 1
node 3 1 1 1
node 4 2 0 2
node 7 1 0 0
node 18 1 0 0
node 32 1 0 0
node 48 1 0 0
gene 3 1 4 -2.1486 0 1 -2.1486 1
gene 3 2 4 1.61065 0 2 1.61065 1
gene 1 3 4 3.15229 0 3 3.15229 1
gene 1 3 7 1.32941 0 8 1.32941 1
gene 1 7 4 3.86702 0 9 3.86702 0
gene 3 2 7 0.507447 0 12 0.507447 1
gene 1 3 18 1.9101 0 35 1.9101 1
gene 1 18 7 0.152882 0 36 0.152882 1
gene 1 18 32 0.209532 0 70 -0.290468 1
gene 1 32 7 -0.379818 0 71 0.145871 1
gene 1 7 48 1 0 124 0 1
gene 1 48 4 3.86702 0 125 0 1
genomeend 139

/* Organism #140 Fitness: 3.99999 Error: 2 */
genomestart 140
trait 1 0.1 0 0 0 0 0 0 0 
trait 2 0.2 0 0 0 0 0 0 0 
trait 3 0.3 0 0 0 0 0 0 0 
node 1 2 1 3
node 2 3 1 1
node 3 1 1 1
node 4 2 0 2
node 7 1 0 0
node 18 1 0 0
node 32 1 0 0
node 48 1 0 0
gene 3 1 4 -4.14894 0 1 -4.14894 1
gene 3 2 4 0.630932 0 2 0.630932 1
gene 1 3 4 0.880879 0 3 0.880879 1
gene 1 3 7 0.422399 0 8 0.422399 1
gene 1 7 4 4.19609 0 9 4.19609 0
gene 3 2 7 2.39212 0 12 2.39212 1
gene 1 3 18 1.97556 0 35 1.97556 1
gene 1 18 7 0.915387 0 36 0.915387 1
gene 1 18 32 -0.8371 0 70 -0.8371 1
gene 1 32 7 -0.625111 0 71 -0.625111 1
gene 1 7 48 -0.830256 0 124 -0.830256 1
gene 1 48 4 0.955229 0 125 0.955229 1
genomeend 140

/* Organism #141 Fitness: 7.90883 Error: 1.18774 */
genomestart 141
trait 1 0.1 0 0 0 0 0 0 0 
trait 2 0.2 0 0 0 0 0 0 0 
trait 3 0.3 0 0 0 0 0 0 0 
node 1 2 1 3
node 2 3 1 1
node 3 1 1 1
node 4 2 0 2
node 7 1 0 0
node 18 1 0 0
node 32 1 0 0
node 48 1 0 0
gene 3 1 4 -2.1486 0 1 -2.1486 1
gene 3 2 4 0.882252 0 2 0.882252 1
gene 1 3 4 3.15229 0 3 3.15229 1
gene 1 3 7 -0.166608 0 8 -0.166608 1
gene 1 7 4 4.21325 0 9 4.21325 0
gene 3 2 7 -1.32138 0 12 -1.32138 1
gene 1 3 18 -0.476699 0 35 -0.476699 1
gene 1 18 7 1.98941 0 36 1.98941 1
gene 1 18 32 0.291246 0 70 0.291246 1
gene 1 32 7 -0.626865 0 71 -0.626865 1
gene 1 7 48 -0.116672 0 124 -0.116672 1
gene 1 48 4 5.02657 0 125 5.02657 1
genomeend 141

/* Organism #142 Fitness: 4.00012 Error: 1.99997 */
genomestart 142
trait 1 0.1 0 0 0 0 0 0 0 
trait 2 0.2 0 0 0 0 0 0 0 
trait 3 0.3 0 0 0 0 0 0 0 
node 1 2 1 3
node 2 3 1 1
node 3 1 1 1
node 4 2 0 2
node 7 1 0 0
node 18 1 0 0
node 32 1 0 0
node 48 1 0 0
gene 3 1 4 -0.397351 0 1 -0.397351 1
gene 3 2 4 1.40076 0 2 1.40076 1
gene 1 3 4 3.15229 0 3 3.15229 1
gene 1 3 7 0.993858 0 8 0.993858 1
gene 1 7 4 1.69387 0 9 1.69387 0
gene 3 2 7 1.50929 0 12 1.50929 1
gene 1 3 18 0.173292 0 35 0.173292 1
gene 1 18 7 2.40477 0 36 2.40477 1
gene 1 18 32 0.595668 0 70 0.595668 1
gene 1 32 7 -2.14425 0 71 -2.14425 1
gene 1 7 48 0.333628 0 124 0.333628 1
gene 1 48 4 4.76762 0 125 4.76762 1
genomeend 142

/* Organism #143 Fitness: 4 Error: 2 */
genomestart 143
trait 1 0.1 0 0 0 0 0 0 0 
trait 2 0.2 0 0 0 0 0 0 0 
trait 3 0.3 0 0 0 0 0 0 0 
node 1 2 1 3
node 2 3 1 1
node 3 1 1 1
node 4 2 0 2
node 7 1 0 0
node 18 1 0 0
node 32 1 0 0
node 48 1 0 0
gene 3 1 4 -0.218383 0 1 -0.218383 1
gene 3 2 4 1.81742 0 2 1.81742 1
gene 3 3 4 5.58668 0 3 5.58668 1
gene 1 3 7 3.80553 0 8 3.80553 1
gene 1 7 4 6.24517 0 9 6.24517 0
gene 3 2 7 2.58927 0 12 2.58927 1
gene 1 3 18 4.27338 0 35 4.27338 1
gene 1 18 7 1.85688 0 36 1.85688 1
gene 1 18 32 1.75461 0 70 1.75461 1
gene 1 32 7 -1.00804 0 71 -1.00804 1
gene 1 7 48 1 0 124 1 1
gene 1 48 4 5.14239 0 125 5.14239 1
genomeend 143

/* Organism #144 Fitness: 3.99994 Error: 2.00002 */
genomestart 144
trait 1 0.1 0 0 0 0 0 0 0 
trait 2 0.2 0 0 0 0 0 0 0 
trait 3 0.3 0 0 0 0 0 0 0 
node 1 2 1 3
node 2 3 1 1
node 3 1 1 1
node 4 2 0 2
node 7 1 0 0
node 18 1 0 0
node 32 1 0 0
node 48 1 0 0
gene 3 1 4 0.196387 0 1 0.196387 1
gene 3 2 4 0.0381863 0 2 0.0381863 1
gene 1 3 4 1.50605 0 3 1.50605 1
gene 1 3 7 2.76164 0 8 2.76164 1
gene 1 7 4 6.29027 0 9 6.29027 0
gene 3 2 7 -1.07715 0 12 -1.07715 1
gene 1 3 18 1.9101 0 35 1.9101 1
gene 1 18 7 0.152882 0 36 0.152882 1
gene 1 18 32 -2.18617 0 70 -2.18617 1
gene 1 32 7 -2.02309 0 71 -2.02309 1
gene 1 7 48 2.45932 0 124 2.45932 1
gene 1 48 4 3.86702 0 125 3.86702 1
genomeend 144

/* Organism #145 Fitness: 4.00002 Error: 1.99999 */
genomestart 145
trait 1 0.1 0 0 0 0 0 0 0 
trait 2 0.2 0 0 0 0 0 0 0 
trait 3 0.3 0 0 0 0 0 0 0 
node 1 2 1 3
node 2 3 1 1
node 3 1 1 1
node 4 2 0 2
node 7 1 0 0
node 18 1 0 0
node 32 1 0 0
node 48 1 0 0
gene 3 1 4 -0.535394 0 1 -0.535394 1
gene 3 2 4 3.69621 0 2 3.69621 1
gene 1 3 4 2.90799 0 3 2.90799 1
gene 1 3 7 1.04566 0 8 1.04566 1
gene 1 7 4 5.04572 0 9 5.04572 0
gene 3 2 7 -0.533921 0 12 -0.533921 1
gene 1 3 18 1.48704 0 35 1.48704 1
gene 1 18 7 -1.35678 0 36 -1.35678 1
gene 1 18 32 0.786637 0 70 0.786637 1
gene 1 32 7 -2.10083 0 71 -2.10083 1
gene 1 7 48 1.22835 0 124 1.22835 1
gene 1 48 4 6.00942 0 125 6.00942 1
genomeend 145

/* Organism #146 Fitness: 8.94404 Error: 1.00934 */
genomestart 146
trait 1 0.1 0 0 0 0 0 0 0 
trait 2 0.2 0 0 0 0 0 0 0 
trait 3 0.3 0 0 0 0 0 0 0 
node 1 2 1 3
node 2 3 1 1
node 3 1 1 1
node 4 2 0 2
node 7 1 0 0
node 18 1 0 0
node 32 1 0 0
node 48 1 0 0
gene 3 1 4 -3.71344 0 1 -3.71344 1
gene 3 2 4 3.0995 0 2 3.0995 1
gene 1 3 4 1.65719 0 3 1.65719 1
gene 1 3 7 3.51576 0 8 3.51576 1
gene 1 7 4 4.30305 0 9 4.30305 0
gene 3 2 7 0.69834 0 12 0.69834 1
gene 1 3 18 0.702788 0 35 0.702788 1
gene 1 18 7 -0.3361 0 36 -0.3361 1
gene 1 18 32 -2.22981 0 70 -2.22981 1
gene 1 32 7 2.11637 0 71 2.11637 1
gene 1 7 48 1 0 124 1 1
gene 1 48 4 3.26458 0 125 3.26458 1
genomeend 146

/* Organism #147 Fitness: 4.03305 Error: 1.99176 */
genomestart 147
trait 1 0.1 0 0 0 0 0 0 0 
trait 2 0.2 0 0 0 0 0 0 0 
trait 3 0.3 0 0 0 0 0 0 0 
node 1 2 1 3
node 2 3 1 1
node 3 1 1 1
node 4 2 0 2
node 7 1 0 0
node 18 1 0 0
node 32 1 0 0
node 48 1 0 0
gene 3 1 4 -2.1486 0 1 -2.1486 1
gene 3 2 4 0.669347 0 2 0.669347 1
gene 1 3 4 -0.0653096 0 3 -0.0653096 1
gene 1 3 7 1.31247 0 8 1.31247 1
gene 1 7 4 -0.549486 0 9 -0.549486 0
gene 3 2 7 -0.512787 0 12 -0.512787 1
gene 1 3 18 3.20553 0 35 3.20553 1
gene 1 18 7 0.152882 0 36 0.152882 1
gene 1 18 32 1.55395 0 70 1.55395 1
gene 1 32 7 -2.12807 0 71 -2.12807 1
gene 1 7 48 0.794229 0 124 0.794229 1
gene 1 48 4 5.98073 0 125 5.98073 1
genomeend 147

/* Species #14 : (Size 1) (AF 4) (Age 1)  */


/* Organism #148 Fitness: 4 Error: 2 */
genomestart 148
trait 1 0.173443 0 0.00809885 0 0 0 0 0 
trait 2 0.2 0 0.0419782 0.0546701 0.0497375 0 0.0849788 0 
trait 3 0.225 0 0 0 0 0 0 0 
node 1 1 1 3
node 2 2 1 1
node 3 1 1 1
node 4 2 0 2
node 12 1 0 0
node 31 1 0 0
node 45 1 0 0
gene 2 1 4 -3.29419 0 1 -3.29419 1
gene 1 2 4 0.268897 0 2 0.268897 0
gene 1 3 4 -1.31602 0 3 -1.31602 0
gene 1 2 12 2.70256 0 20 2.70256 1
gene 1 12 4 0.319739 0 21 0.319739 0
gene 2 1 12 1.20841 0 30 1.20841 1
gene 1 3 12 1.26645 0 49 1.26645 1
gene 1 12 31 -1.08969 0 68 -1.08969 1
gene 1 31 4 -0.898083 0 69 -0.898083 1
gene 1 3 45 1 0 117 1 1
gene 1 45 4 -1.80782 0 118 -1.80782 1
genomeend 148

/* Species #15 : (Size 1) (AF 3.90599) (Age 1)  */


/* Organism #149 Fitness: 3.90599 Error: 2.02364 */
genomestart 149
trait 1 0.1 0 0 0 0 0 0 0 
trait 2 0.2 0 0 0 0 0 0 0 
trait 3 0.3 0 0 0 0 0 0 0 
node 1 2 1 3
node 2 3 1 1
node 3 1 1 1
node 4 2 0 2
node 7 1 0 0
node 18 1 0 0
node 33 1 0 0
node 49 1 0 0
gene 3 1 4 -0.721381 0 1 -0.721381 1
gene 3 2 4 -1.51242 0 2 -1.51242 1
gene 1 3 4 5.14775 0 3 5.14775 1
gene 1 3 7 -0.456862 0 8 -0.456862 1
gene 1 7 4 -1.95425 0 9 -1.95425 0
gene 3 2 7 7.63863 0 12 7.63863 1
gene 1 3 18 0.91937 0 35 0.91937 1
gene 1 18 7 -0.801965 0 36 -0.801965 0
gene 1 7 33 -0.893429 0 73 -0.893429 1
gene 1 33 4 -2.80198 0 74 -2.80198 1
gene 1 18 49 0.461882 0 128 0.461882 1
gene 1 49 7 2.01283 0 129 2.01283 1
genomeend 149
