
/* Species #2 : (Size 8) (AF 7.8152) (Age 39)  */


/* Organism #0 Fitness: 9 Error: 1 */
genomestart 0
trait 1 0.283283 0 0 0 0.0281152 0 0.182463 0 
trait 2 0.2 0 0 0 0 0 0 0 
trait 3 0 0 0 0.259789 0 0.483718 0 0 
node 1 1 1 3
node 2 1 1 1
node 3 1 1 1
node 4 1 0 2
node 9 1 0 0
gene 3 1 4 -3.16498 0 1 -3.16498 1
gene 2 2 4 7.66671 0 2 7.66671 1
gene 2 3 4 -8 0 3 -8 1
gene 2 3 9 1.32093 0 12 1.32093 1
gene 2 9 4 -4.32868 0 13 -4.32868 1
gene 1 2 9 -1.16102 0 31 -1.16102 1
genomeend 0

/* Organism #1 Fitness: 4.52183 Error: 1.87354 */
genomestart 1
trait 1 0.283283 0 0 0 0.0281152 0 0.182463 0 
trait 2 0.2 0 0 0 0 0 0 0 
trait 3 0 0 0 0.259789 0 0.483718 0 0 
node 1 1 1 3
node 2 1 1 1
node 3 1 1 1
node 4 1 0 2
node 9 1 0 0
gene 3 1 4 -4.95923 0 1 -4.95923 1
gene 2 2 4 5.22011 0 2 5.22011 1
gene 2 3 4 -8 0 3 -8 1
gene 2 3 9 2.37915 0 12 2.37915 1
gene 2 9 4 -4.91143 0 13 -4.91143 1
gene 1 2 9 -0.380657 0 31 -0.380657 1
genomeend 1

/* Organism #2 Fitness: 8.99976 Error: 1.00004 */
genomestart 2
trait 1 0.283283 0 0 0 0.0281152 0 0.182463 0 
trait 2 0.2 0 0 0 0 0 0 0 
trait 3 0 0 0 0.259789 0 0.483718 0 0 
node 1 1 1 3
node 2 1 1 1
node 3 1 1 1
node 4 1 0 2
node 9 1 0 0
gene 3 1 4 -0.879978 0 1 -0.879978 1
gene 2 2 4 6.82875 0 2 6.82875 1
gene 2 3 4 -8 0 3 -8 1
gene 2 3 9 2.12226 0 12 2.12226 1
gene 2 9 4 -5.43536 0 13 -5.43536 1
gene 1 2 9 -3.42541 0 31 -3.42541 1
genomeend 2

/* Organism #3 Fitness: 9 Error: 1 */
genomestart 3
trait 1 0.283283 0 0 0 0.0281152 0 0.182463 0 
trait 2 0.2 0 0 0 0 0 0 0 
trait 3 0 0 0 0.259789 0 0.483718 0 0 
node 1 1 1 3
node 2 1 1 1
node 3 1 1 1
node 4 1 0 2
node 9 1 0 0
gene 3 1 4 -2.13993 0 1 -2.13993 1
gene 2 2 4 7.07617 0 2 7.07617 1
gene 2 3 4 -8 0 3 -8 1
gene 2 3 9 2.35672 0 12 2.35672 1
gene 2 9 4 -2.5184 0 13 -2.5184 1
gene 1 2 9 -0.670202 0 31 -0.670202 1
genomeend 3

/* Organism #4 Fitness: 8.99999 Error: 1 */
genomestart 4
trait 1 0.283283 0 0 0 0.0281152 0 0.182463 0 
trait 2 0.2 0 0 0 0 0 0 0 
trait 3 0 0 0 0.259789 0 0.483718 0 0 
node 1 1 1 3
node 2 1 1 1
node 3 1 1 1
node 4 1 0 2
node 9 1 0 0
gene 3 1 4 -5.27319 0 1 -5.27319 1
gene 2 2 4 8 0 2 8 1
gene 2 3 4 -8 0 3 -8 1
gene 2 3 9 -0.127102 0 12 -0.127102 1
gene 2 9 4 -6.66579 0 13 -6.66579 1
gene 1 2 9 -1.80503 0 31 -1.80503 1
genomeend 4

/* Organism #5 Fitness: 9 Error: 1 */
genomestart 5
trait 1 0.283283 0 0 0 0.0281152 0 0.182463 0 
trait 2 0.2 0 0 0 0 0 0 0 
trait 3 0 0 0 0.259789 0 0.483718 0 0 
node 1 1 1 3
node 2 1 1 1
node 3 1 1 1
node 4 1 0 2
node 9 1 0 0
gene 3 1 4 -0.807955 0 1 -0.807955 1
gene 2 2 4 8 0 2 8 1
gene 2 3 4 -8 0 3 -8 1
gene 2 3 9 2.26723 0 12 2.26723 1
gene 2 9 4 -4.50683 0 13 -4.50683 1
gene 1 2 9 -0.554613 0 31 -0.554613 1
genomeend 5

/* Organism #6 Fitness: 9 Error: 1 */
genomestart 6
trait 1 0.283283 0 0 0 0.0281152 0 0.182463 0 
trait 2 0.2 0 0 0 0 0 0 0 
trait 3 0 0 0 0.259789 0 0.483718 0 0 
node 1 1 1 3
node 2 1 1 1
node 3 1 1 1
node 4 1 0 2
node 9 1 0 0
gene 3 1 4 -4.19864 0 1 -4.19864 1
gene 2 2 4 7.44659 0 2 7.44659 1
gene 2 3 4 -7.96536 0 3 -7.96536 1
gene 2 3 9 2.33383 0 12 2.33383 1
gene 2 9 4 -5.48754 0 13 -5.48754 1
gene 1 2 9 -1.11325 0 31 -1.11325 1
genomeend 6

/* Organism #7 Fitness: 4 Error: 2 */
genomestart 7
trait 1 0.283283 0 0 0 0.0281152 0 0.182463 0 
trait 2 0.2 0 0 0 0 0 0 0 
trait 3 0 0 0 0.259789 0 0.483718 0 0 
node 1 1 1 3
node 2 1 1 1
node 3 1 1 1
node 4 1 0 2
node 9 1 0 0
gene 3 1 4 -4.8911 0 1 -4.8911 1
gene 2 2 4 -0.215461 0 2 -0.215461 1
gene 2 3 4 0.876339 0 3 0.876339 1
gene 2 3 9 1.32093 0 12 1.32093 1
gene 2 9 4 -4.32868 0 13 -4.32868 1
gene 1 2 9 -1.16102 0 31 -1.16102 1
genomeend 7

/* Species #3 : (Size 8) (AF 7.70529) (Age 38)  */


/* Organism #8 Fitness: 9 Error: 1 */
genomestart 8
trait 1 0.1 0 0 0.206671 0 0.102237 0 0 
trait 2 0.373021 0 0.184637 0.103793 0.50304 0 0.43171 0 
trait 3 0.3 0 0 0 0 0 0 0 
node 1 3 1 3
node 2 3 1 1
node 3 2 1 1
node 4 1 0 2
node 11 1 0 0
gene 3 1 4 -4.23367 0 1 -4.23367 1
gene 1 2 4 0.322165 0 2 0.322165 1
gene 3 3 4 8 0 3 8 1
gene 2 2 11 5.27499 0 16 5.27499 1
gene 2 11 4 7.73448 0 17 7.73448 1
gene 1 1 11 -1.78644 0 32 -1.78644 1
genomeend 8

/* Organism #9 Fitness: 8.64656 Error: 1.0595 */
genomestart 9
trait 1 0.1 0 0 0.206671 0 0.102237 0 0 
trait 2 0.373021 0 0.184637 0.103793 0.50304 0 0.43171 0 
trait 3 0.563634 0.338206 0.428846 0 0.42262 0.186407 0 0 
node 1 3 1 3
node 2 3 1 1
node 3 2 1 1
node 4 1 0 2
node 11 1 0 0
gene 3 1 4 -2.38524 0 1 -2.38524 1
gene 1 2 4 2.50668 0 2 2.50668 1
gene 3 3 4 8 0 3 8 1
gene 2 2 11 3.39375 0 16 3.39375 1
gene 2 11 4 5.42301 0 17 5.42301 1
gene 1 1 11 -0.137906 0 32 -0.137906 1
genomeend 9

/* Organism #10 Fitness: 3.99995 Error: 2.00001 */
genomestart 10
trait 1 0.1 0 0 0.206671 0 0.102237 0 0 
trait 2 0.373021 0 0.184637 0.103793 0.50304 0 0.43171 0 
trait 3 0.563634 0.338206 0.428846 0 0.42262 0.186407 0 0 
node 1 3 1 3
node 2 3 1 1
node 3 2 1 1
node 4 1 0 2
node 11 1 0 0
gene 3 1 4 -2.30307 0 1 -2.30307 1
gene 1 2 4 1.45188 0 2 1.45188 1
gene 3 3 4 -2.20046 0 3 -2.20046 1
gene 2 2 11 7.5197 0 16 7.5197 1
gene 2 11 4 8 0 17 8 1
gene 1 1 11 -3.72291 0 32 -3.72291 1
genomeend 10

/* Organism #11 Fitness: 8.99573 Error: 1.00071 */
genomestart 11
trait 1 0.1 0 0 0.206671 0 0.102237 0 0 
trait 2 0.894918 0.206 0.184637 0.103793 0.488819 0 0.43171 0.992676 
trait 3 0.3 0 0 0 0 0 0 0 
node 1 3 1 3
node 2 3 1 1
node 3 2 1 1
node 4 1 0 2
node 11 1 0 0
gene 3 1 4 -6.52821 0 1 -6.52821 1
gene 1 2 4 0.322928 0 2 0.322928 1
gene 3 3 4 8 0 3 8 1
gene 2 2 11 6.14683 0 16 6.14683 1
gene 2 11 4 8 0 17 8 1
gene 1 1 11 -1.04591 0 32 -1.04591 1
genomeend 11

/* Organism #12 Fitness: 9 Error: 1 */
genomestart 12
trait 1 0.1 0 0 0.206671 0 0.102237 0 0 
trait 2 0.373021 0 0.184637 0.103793 0.50304 0 0.43171 0 
trait 3 0.827268 0.676412 0.857692 0 0.845241 0.372814 0 0 
node 1 3 1 3
node 2 3 1 1
node 3 2 1 1
node 4 1 0 2
node 11 2 0 0
gene 3 1 4 -4.63423 0 1 -4.63423 1
gene 2 2 4 0.881417 0 2 0.881417 1
gene 3 3 4 8 0 3 8 1
gene 2 2 11 3.48424 0 16 3.48424 1
gene 2 11 4 7.91927 0 17 7.91927 1
gene 1 1 11 -2.0283 0 32 -2.0283 1
genomeend 12

/* Organism #13 Fitness: 9 Error: 1 */
genomestart 13
trait 1 0.1 0 0 0.206671 0 0.102237 0 0 
trait 2 0.373021 0 0.184637 0.103793 0.50304 0 0.43171 0 
trait 3 0.563634 0.338206 0.428846 0 0.42262 0.186407 0 0 
node 1 3 1 3
node 2 3 1 1
node 3 2 1 1
node 4 1 0 2
node 11 1 0 0
gene 3 1 4 -4.53954 0 1 -4.53954 1
gene 1 2 4 2.42458 0 2 2.42458 1
gene 3 3 4 7.58266 0 3 7.58266 1
gene 2 2 11 5.02062 0 16 5.02062 1
gene 2 11 4 8 0 17 8 1
gene 1 1 11 -0.317278 0 32 -0.317278 1
genomeend 13

/* Organism #14 Fitness: 4.00005 Error: 1.99999 */
genomestart 14
trait 1 0.1 0 0 0.206671 0 0.102237 0 0 
trait 2 0.373021 0 0.184637 0.103793 0.50304 0 0.43171 0 
trait 3 0.563634 0.338206 0.428846 0 0.42262 0.186407 0 0 
node 1 3 1 3
node 2 3 1 1
node 3 2 1 1
node 4 1 0 2
node 11 2 0 0
gene 3 1 4 -5.91662 0 1 -5.91662 1
gene 1 2 4 -1.40411 0 2 -1.40411 1
gene 3 3 4 8 0 3 8 1
gene 2 2 11 5.19183 0 16 5.19183 1
gene 2 11 4 5.29414 0 17 5.29414 1
gene 1 1 11 -1.64209 0 32 -1.64209 1
genomeend 14

/* Organism #15 Fitness: 9 Error: 1 */
genomestart 15
trait 1 0.1 0 0 0.206671 0 0.102237 0 0 
trait 2 0.373021 0 0.184637 0.103793 0.50304 0 0.43171 0 
trait 3 0.563634 0.751091 0 0 0.537065 0.186407 0.434767 0.792261 
node 1 3 1 3
node 2 3 1 1
node 3 2 1 1
node 4 1 0 2
node 11 1 0 0
gene 3 1 4 -4.23367 0 1 -4.23367 1
gene 1 2 4 0.322165 0 2 0.322165 1
gene 3 3 4 8 0 3 8 1
gene 2 2 11 5.27499 0 16 5.27499 1
gene 2 11 4 7.73448 0 17 7.73448 1
gene 1 1 11 -1.78644 0 32 -1.78644 1
genomeend 15

/* Species #4 : (Size 8) (AF 6.38955) (Age 38)  */


/* Organism #16 Fitness: 9 Error: 1 */
genomestart 16
trait 1 0.289934 0.461105 0 0 0.242576 0 0.0938063 0 
trait 2 0.6 0 0 0.250011 0.601002 0.330125 0 0.688907 
trait 3 0.3 0 0 0 0 0 0 0 
node 1 3 1 3
node 2 2 1 1
node 3 3 1 1
node 4 2 0 2
node 12 1 0 0
gene 2 1 4 0.959349 0 1 0.959349 1
gene 1 2 4 5.85866 0 2 5.85866 1
gene 2 3 4 -5.41395 0 3 -5.41395 1
gene 3 3 12 5.69281 0 18 5.69281 1
gene 2 12 4 -8 0 19 -8 1
gene 3 2 12 -3.07194 0 52 -3.07194 1
gene 2 1 12 1.94293 0 301 1.94293 1
genomeend 16

/* Organism #17 Fitness: 1.02344 Error: 2.98835 */
genomestart 17
trait 1 0.289934 0.461105 0 0 0.242576 0 0.0938063 0 
trait 2 0.6 0 0 0.250011 0.601002 0.330125 0 0.688907 
trait 3 0.483309 0 0 0 0 0.455962 0 0 
node 1 3 1 3
node 2 2 1 1
node 3 3 1 1
node 4 2 0 2
node 12 1 0 0
gene 2 1 4 0.905179 0 1 0.905179 1
gene 1 2 4 3.04131 0 2 3.04131 1
gene 2 3 4 -2.19329 0 3 -2.19329 1
gene 3 3 12 2.50023 0 18 2.50023 1
gene 2 12 4 -7.63533 0 19 -7.63533 1
gene 3 2 12 -5.15189 0 52 -5.15189 1
gene 2 1 12 -2.1242 0 301 -2.1242 1
genomeend 17

/* Organism #18 Fitness: 8.99446 Error: 1.00092 */
genomestart 18
trait 1 0.289934 0.461105 0 0 0.242576 0 0.0938063 0 
trait 2 0.6 0 0 0.250011 0.601002 0.330125 0 0.688907 
trait 3 0.483309 0 0 0 0 0.455962 0 0 
node 1 3 1 3
node 2 2 1 1
node 3 3 1 1
node 4 2 0 2
node 12 1 0 0
gene 2 1 4 0.193106 0 1 0.193106 1
gene 1 2 4 7.05594 0 2 7.05594 1
gene 2 3 4 -2.36732 0 3 -2.36732 1
gene 3 3 12 5.25506 0 18 5.25506 1
gene 2 12 4 -6.32555 0 19 -6.32555 1
gene 3 2 12 -1.59946 0 52 -1.59946 1
gene 2 1 12 1.95544 0 301 1.95544 1
genomeend 18

/* Organism #19 Fitness: 4.0961 Error: 1.97612 */
genomestart 19
trait 1 0.289934 0.461105 0 0 0.242576 0 0.0938063 0 
trait 2 0.6 0 0 0.250011 0.601002 0.330125 0 0.688907 
trait 3 0.483309 0 0 0 0 0.455962 0 0 
node 1 3 1 3
node 2 2 1 1
node 3 3 1 1
node 4 2 0 2
node 12 1 0 0
gene 2 1 4 -3.01187 0 1 -3.01187 1
gene 1 2 4 2.25837 0 2 2.25837 1
gene 2 3 4 -0.823466 0 3 -0.823466 1
gene 3 3 12 6.02245 0 18 6.02245 1
gene 2 12 4 -8 0 19 -8 1
gene 3 2 12 -4.90072 0 52 -4.90072 1
gene 2 1 12 1.18203 0 301 1.18203 1
genomeend 19

/* Organism #20 Fitness: 9 Error: 1 */
genomestart 20
trait 1 0.289934 0.461105 0 0 0.242576 0 0.0938063 0 
trait 2 0.6 0 0 0.250011 0.601002 0.330125 0 0.688907 
trait 3 0.391655 0 0 0 0 0.227981 0 0 
node 1 3 1 3
node 2 2 1 1
node 3 3 1 1
node 4 2 0 2
node 12 1 0 0
gene 2 1 4 -0.684301 0 1 -0.684301 1
gene 1 2 4 5.27519 0 2 5.27519 1
gene 2 3 4 -5.41395 0 3 -5.41395 1
gene 3 3 12 4.6685 0 18 4.6685 1
gene 2 12 4 -8 0 19 -8 1
gene 3 2 12 -2.98942 0 52 -2.98942 1
gene 2 1 12 1.94293 0 301 1.94293 1
genomeend 20

/* Organism #21 Fitness: 8.99433 Error: 1.00095 */
genomestart 21
trait 1 0.289934 0.461105 0 0 0.242576 0 0.0938063 0 
trait 2 0.6 0 0 0.250011 0.601002 0.330125 0 0.688907 
trait 3 0.3 0 0 0 0 0 0 0 
node 1 3 1 3
node 2 2 1 1
node 3 3 1 1
node 4 2 0 2
node 12 1 0 0
gene 2 1 4 3.04605 0 1 3.04605 1
gene 3 2 4 8 0 2 8 1
gene 2 3 4 -4.45994 0 3 -4.45994 1
gene 3 3 12 4.62695 0 18 4.62695 1
gene 2 12 4 -8 0 19 -8 1
gene 3 2 12 -3.73221 0 52 -3.73221 1
gene 2 1 12 3.7101 0 301 3.7101 1
genomeend 21

/* Organism #22 Fitness: 9 Error: 1 */
genomestart 22
trait 1 0.289934 0.461105 0 0 0.242576 0 0.0938063 0 
trait 2 0.6 0 0 0.250011 0.601002 0.330125 0 0.688907 
trait 3 0.3 0 0 0 0 0 0 0 
node 1 3 1 3
node 2 2 1 1
node 3 3 1 1
node 4 2 0 2
node 12 1 0 0
gene 2 1 4 3.05536 0 1 3.05536 1
gene 1 2 4 4.3409 0 2 4.3409 1
gene 2 3 4 -5.6175 0 3 -5.6175 1
gene 3 3 12 6.12778 0 18 6.12778 1
gene 2 12 4 -7.91279 0 19 -7.91279 1
gene 3 2 12 -3.85138 0 52 -3.85138 1
gene 2 1 12 3.69431 0 301 3.69431 1
genomeend 22

/* Organism #23 Fitness: 1.0081 Error: 2.99596 */
genomestart 23
trait 1 0.289934 0.461105 0 0 0.242576 0 0.0938063 0 
trait 2 0.6 0 0 0.250011 0.601002 0.330125 0 0.688907 
trait 3 0.483309 0 0 0 0 0.455962 0 0 
node 1 3 1 3
node 2 2 1 1
node 3 3 1 1
node 4 2 0 2
node 12 1 0 0
gene 2 1 4 1.33442 0 1 1.33442 1
gene 3 2 4 3.88217 0 2 3.88217 1
gene 2 3 4 -3.24313 0 3 -3.24313 1
gene 3 3 12 6.38425 0 18 6.38425 1
gene 2 12 4 0.748695 0 19 0.748695 1
gene 3 2 12 -3.4646 0 52 -3.4646 1
gene 2 1 12 -0.321238 0 301 -0.321238 1
genomeend 23

/* Species #5 : (Size 9) (AF 7.88004) (Age 37)  */


/* Organism #24 Fitness: 9 Error: 1 */
genomestart 24
trait 1 0.1 0 0 0 0 0 0.0451912 0 
trait 2 0.4 0 0 0 0.0743431 0.120937 0 0.0292138 
trait 3 0.3 0 0 0 0 0 0 0 
node 1 3 1 3
node 2 2 1 1
node 3 3 1 1
node 4 3 0 2
node 14 1 0 0
node 19 1 0 0
gene 2 1 4 5.65705 0 1 5.65705 1
gene 1 2 4 -8 0 2 -8 1
gene 3 3 4 -1.56346 0 3 -1.56346 1
gene 3 3 14 -6.78583 0 24 -6.78583 1
gene 2 14 4 7.49771 0 25 7.49771 1
gene 1 2 19 -1.05971 0 43 -1.05971 1
gene 1 19 4 0.617599 0 44 0.617599 1
gene 1 1 19 -3.02887 0 72 -3.02887 1
gene 2 2 14 4.82035 0 128 4.82035 1
gene 3 19 14 -1.64013 0 255 -1.64013 1
gene 3 1 14 -2.49219 0 267 -2.49219 1
genomeend 24

/* Organism #25 Fitness: 8.99999 Error: 1 */
genomestart 25
trait 1 0.1 0 0 0 0 0 0.0451912 0 
trait 2 0.4 0 0 0 0.0743431 0.120937 0 0.0292138 
trait 3 0.3 0 0 0 0 0 0 0 
node 1 3 1 3
node 2 2 1 1
node 3 3 1 1
node 4 3 0 2
node 14 1 0 0
node 19 1 0 0
gene 2 1 4 6.21005 0 1 6.21005 1
gene 1 2 4 -7.85107 0 2 -7.85107 1
gene 3 3 4 -3.39442 0 3 -3.39442 1
gene 3 3 14 -4.63107 0 24 -4.63107 1
gene 2 14 4 5.55322 0 25 5.55322 1
gene 1 2 19 -1.08664 0 43 -1.08664 1
gene 1 19 4 -1.86945 0 44 -1.86945 1
gene 1 1 19 -4.75225 0 72 -4.75225 1
gene 2 2 14 4.54331 0 128 4.54331 1
gene 3 19 14 -3.05878 0 255 -3.05878 1
gene 3 1 14 -0.667333 0 267 -0.667333 1
genomeend 25

/* Organism #26 Fitness: 9 Error: 1 */
genomestart 26
trait 1 0.1 0 0 0 0 0 0.0451912 0 
trait 2 0.4 0 0 0 0.0743431 0.120937 0 0.0292138 
trait 3 0.3 0 0 0 0 0 0 0 
node 1 3 1 3
node 2 2 1 1
node 3 3 1 1
node 4 3 0 2
node 14 1 0 0
node 19 1 0 0
gene 2 1 4 5.65705 0 1 5.65705 1
gene 1 2 4 -8 0 2 -8 1
gene 3 3 4 -1.56346 0 3 -1.56346 1
gene 3 3 14 -6.78583 0 24 -6.78583 1
gene 2 14 4 7.49771 0 25 7.49771 1
gene 1 2 19 -1.05971 0 43 -1.05971 1
gene 1 19 4 0.617599 0 44 0.617599 1
gene 2 1 19 -3.02887 0 72 -3.02887 1
gene 2 2 14 4.82035 0 128 4.82035 1
gene 3 19 14 -1.64013 0 255 -1.64013 1
gene 3 1 14 -2.49219 0 267 -2.49219 1
genomeend 26

/* Organism #27 Fitness: 9 Error: 1 */
genomestart 27
trait 1 0.1 0 0 0 0 0 0.0451912 0 
trait 2 0.4 0 0 0 0.0743431 0.120937 0 0.0292138 
trait 3 0.3 0 0 0 0 0 0 0 
node 1 3 1 3
node 2 2 1 1
node 3 3 1 1
node 4 3 0 2
node 14 1 0 0
node 19 1 0 0
gene 2 1 4 5.65705 0 1 5.65705 1
gene 1 2 4 -8 0 2 -8 1
gene 3 3 4 -1.56346 0 3 -1.56346 1
gene 3 3 14 -6.78583 0 24 -6.78583 1
gene 2 14 4 7.49771 0 25 7.49771 1
gene 1 2 19 -1.05971 0 43 -1.05971 1
gene 1 19 4 -0.413812 0 44 -0.413812 1
gene 1 1 19 -3.02887 0 72 -3.02887 1
gene 2 2 14 4.82035 0 128 4.82035 1
gene 3 19 14 -1.64013 0 255 -1.64013 1
gene 3 1 14 -2.49219 0 267 -2.49219 1
genomeend 27

/* Organism #28 Fitness: 4 Error: 2 */
genomestart 28
trait 1 0.1 0 0 0 0 0 0.0451912 0 
trait 2 0.4 0 0 0 0.0743431 0.120937 0 0.0292138 
trait 3 0.3 0 0 0 0 0 0 0 
node 1 3 1 3
node 2 2 1 1
node 3 3 1 1
node 4 3 0 2
node 14 1 0 0
node 19 1 0 0
gene 2 1 4 5.65705 0 1 5.65705 1
gene 1 2 4 1.58155 0 2 1.58155 1
gene 3 3 4 -1.65059 0 3 -1.65059 1
gene 3 3 14 -4.71164 0 24 -4.71164 1
gene 2 14 4 7.35435 0 25 7.35435 1
gene 1 2 19 -3.10895 0 43 -3.10895 1
gene 1 19 4 0.944643 0 44 0.944643 1
gene 1 1 19 -2.07349 0 72 -2.07349 1
gene 2 2 14 -1.07105 0 128 -1.07105 1
gene 3 19 14 0.757866 0 255 0.757866 1
gene 3 1 14 -0.459044 0 267 -0.459044 1
genomeend 28

/* Organism #29 Fitness: 8.92042 Error: 1.01329 */
genomestart 29
trait 1 0.1 0 0 0 0 0 0.0451912 0 
trait 2 0.4 0 0 0 0.0743431 0.120937 0 0.0292138 
trait 3 0.3 0 0 0 0 0 0 0 
node 1 3 1 3
node 2 2 1 1
node 3 3 1 1
node 4 3 0 2
node 14 1 0 0
node 19 1 0 0
gene 2 1 4 7.15589 0 1 7.15589 1
gene 1 2 4 -8 0 2 -8 1
gene 3 3 4 -0.0309763 0 3 -0.0309763 1
gene 3 3 14 -7.52743 0 24 -7.52743 1
gene 2 14 4 7.86996 0 25 7.86996 1
gene 1 2 19 -2.06354 0 43 -2.06354 1
gene 1 19 4 1.36557 0 44 1.36557 1
gene 1 1 19 -5.47821 0 72 -5.47821 1
gene 2 2 14 4.65417 0 128 4.65417 1
gene 3 19 14 -2.18299 0 255 -2.18299 1
gene 3 1 14 0.86848 0 267 0.86848 1
genomeend 29

/* Organism #30 Fitness: 8.99998 Error: 1 */
genomestart 30
trait 1 0.1 0 0 0 0 0 0.0451912 0 
trait 2 0.4 0 0 0 0.0743431 0.120937 0 0.0292138 
trait 3 0.3 0 0 0 0 0 0 0 
node 1 3 1 3
node 2 2 1 1
node 3 3 1 1
node 4 3 0 2
node 14 1 0 0
node 19 1 0 0
gene 2 1 4 7.60131 0 1 7.60131 1
gene 1 2 4 -6.22619 0 2 -6.22619 1
gene 3 3 4 -4.04195 0 3 -4.04195 1
gene 3 3 14 -6.5194 0 24 -6.5194 1
gene 2 14 4 8 0 25 8 1
gene 1 2 19 -2.74059 0 43 -2.74059 1
gene 1 19 4 2.59594 0 44 2.59594 1
gene 1 1 19 -2.54637 0 72 -2.54637 1
gene 2 2 14 3.38414 0 128 3.38414 1
gene 3 19 14 -3.16025 0 255 -3.16025 1
gene 3 1 14 2.26325 0 267 2.26325 1
genomeend 30

/* Organism #31 Fitness: 4 Error: 2 */
genomestart 31
trait 1 0.1 0 0 0 0 0 0.0451912 0 
trait 2 0.4 0 0 0 0.0743431 0.120937 0 0.0292138 
trait 3 0.3 0 0 0 0 0 0 0 
node 1 3 1 3
node 2 2 1 1
node 3 3 1 1
node 4 3 0 2
node 14 1 0 0
node 19 1 0 0
gene 2 1 4 5.34851 0 1 5.34851 1
gene 1 2 4 2.4382 0 2 2.4382 1
gene 3 3 4 0.983077 0 3 0.983077 1
gene 3 3 14 -7.86298 0 24 -7.86298 1
gene 2 14 4 7.61246 0 25 7.61246 1
gene 1 2 19 -1.05971 0 43 -1.05971 1
gene 1 19 4 0.785985 0 44 0.785985 1
gene 1 1 19 -1.1523 0 72 -1.1523 1
gene 2 2 14 4.90671 0 128 4.90671 1
gene 3 19 14 2.33749 0 255 2.33749 1
gene 3 1 14 -3.2505 0 267 -3.2505 1
genomeend 31

/* Organism #32 Fitness: 9 Error: 1 */
genomestart 32
trait 1 0.1 0 0 0 0 0 0.0451912 0 
trait 2 0.4 0 0 0 0.0743431 0.120937 0 0.0292138 
trait 3 0.3 0 0 0 0 0 0 0 
node 1 3 1 3
node 2 2 1 1
node 3 3 1 1
node 4 3 0 2
node 14 1 0 0
node 19 1 0 0
gene 2 1 4 5.65705 0 1 5.65705 1
gene 1 2 4 -8 0 2 -8 1
gene 3 3 4 -1.56346 0 3 -1.56346 1
gene 3 3 14 -6.78583 0 24 -6.78583 1
gene 2 14 4 7.49771 0 25 7.49771 1
gene 1 2 19 -1.05971 0 43 -1.05971 1
gene 1 19 4 -0.413812 0 44 -0.413812 1
gene 1 1 19 -3.02887 0 72 -3.02887 1
gene 2 2 14 4.82035 0 128 4.82035 1
gene 3 19 14 -1.64013 0 255 -1.64013 1
gene 3 1 14 -2.49219 0 267 -2.49219 1
genomeend 32

/* Species #7 : (Size 6) (AF 6.85746) (Age 36)  */


/* Organism #33 Fitness: 9 Error: 1 */
genomestart 33
trait 1 0.1 0 0 0 0 0 0 0 
trait 2 0.2 0 0 0.120777 0 0 0 0 
trait 3 0.795819 0.680395 0 0 0 0 0 0 
node 1 2 1 3
node 2 1 1 1
node 3 2 1 1
node 4 1 0 2
node 11 1 0 0
node 16 1 0 0
gene 3 1 4 -5.15163 0 1 -5.15163 1
gene 2 2 4 8 0 2 8 1
gene 3 3 4 8 0 3 8 1
gene 2 2 11 -3.5334 0 16 -3.5334 1
gene 3 11 4 -6.92045 0 17 -6.92045 1
gene 2 3 11 -1.98536 0 28 -1.98536 1
gene 3 3 16 0.175481 0 34 0.175481 1
gene 3 16 4 5.01856 0 35 5.01856 1
gene 1 1 16 0.711653 0 99 0.711653 1
gene 2 11 16 -3.40831 0 118 -3.40831 1
genomeend 33

/* Organism #34 Fitness: 8.98486 Error: 1.00253 */
genomestart 34
trait 1 0.1 0 0 0 0 0 0 0 
trait 2 0.2 0 0 0.120777 0 0 0 0 
trait 3 0.778637 0.680395 0.768212 0 0 0 0.20014 0 
node 1 2 1 3
node 2 1 1 1
node 3 2 1 1
node 4 1 0 2
node 11 1 0 0
node 16 1 0 0
gene 3 1 4 -4.84965 0 1 -4.84965 1
gene 2 2 4 7.09703 0 2 7.09703 1
gene 3 3 4 6.13944 0 3 6.13944 1
gene 2 2 11 -3.65891 0 16 -3.65891 1
gene 3 11 4 -5.20692 0 17 -5.20692 1
gene 2 3 11 -0.648724 0 28 -0.648724 1
gene 3 3 16 -1.14162 0 34 -1.14162 1
gene 3 16 4 2.65689 0 35 2.65689 1
gene 1 1 16 0.687468 0 99 0.687468 1
gene 2 11 16 -3.79406 0 118 -3.79406 1
genomeend 34

/* Organism #35 Fitness: 4.60858 Error: 1.85324 */
genomestart 35
trait 1 0.1 0 0 0 0 0 0 0 
trait 2 0.2 0 0 0.120777 0 0 0 0 
trait 3 0.795819 0.680395 0 0 0 0 0 0 
node 1 2 1 3
node 2 1 1 1
node 3 2 1 1
node 4 1 0 2
node 11 1 0 0
node 16 1 0 0
node 130 1 0 0
gene 3 1 4 -5.15163 0 1 -5.15163 1
gene 2 2 4 8 0 2 8 1
gene 3 3 4 8 0 3 8 1
gene 2 2 11 -3.5334 0 16 -3.5334 1
gene 3 11 4 -6.92045 0 17 -6.92045 1
gene 2 3 11 -1.98536 0 28 -1.98536 0
gene 3 3 16 0.175481 0 34 0.175481 1
gene 3 16 4 5.7504 0 35 5.7504 1
gene 1 1 16 0.711653 0 99 0.711653 1
gene 2 11 16 -3.40831 0 118 -3.40831 1
gene 2 3 130 1 0 394 0 1
gene 2 130 11 -1.98536 0 395 0 1
genomeend 35

/* Organism #36 Fitness: 8.97624 Error: 1.00396 */
genomestart 36
trait 1 0.1 0 0 0 0 0 0 0 
trait 2 0.2 0 0 0.120777 0 0 0 0 
trait 3 0.795819 0.680395 0 0 0 0 0 0 
node 1 2 1 3
node 2 1 1 1
node 3 2 1 1
node 4 1 0 2
node 11 1 0 0
node 16 1 0 0
gene 3 1 4 -4.99042 0 1 -4.99042 1
gene 2 2 4 8 0 2 8 1
gene 3 3 4 8 0 3 8 1
gene 2 2 11 -1.00299 0 16 -1.00299 1
gene 3 11 4 -6.92045 0 17 -6.92045 1
gene 2 3 11 -1.70459 0 28 -1.70459 1
gene 3 3 16 -1.88383 0 34 -1.88383 1
gene 3 16 4 7.33034 0 35 7.33034 1
gene 1 1 16 2.9334 0 99 2.9334 1
gene 2 11 16 -2.55463 0 118 -2.55463 1
genomeend 36

/* Organism #37 Fitness: 5.57509 Error: 1.63884 */
genomestart 37
trait 1 0.1 0 0 0 0 0 0 0 
trait 2 0.2 0 0 0.120777 0 0 0 0 
trait 3 0.795819 0.680395 0 0 0 0 0 0 
node 1 2 1 3
node 2 1 1 1
node 3 2 1 1
node 4 1 0 2
node 11 1 0 0
node 16 1 0 0
gene 3 1 4 -0.191198 0 1 -0.191198 1
gene 2 2 4 8 0 2 8 1
gene 3 3 4 5.98868 0 3 5.98868 1
gene 2 2 11 -2.84307 0 16 -2.84307 1
gene 3 11 4 0.614032 0 17 0.614032 1
gene 2 3 11 -1.98536 0 28 -1.98536 1
gene 3 3 16 2.12531 0 34 2.12531 1
gene 3 16 4 6.43043 0 35 6.43043 1
gene 1 1 16 -2.28423 0 99 -2.28423 1
gene 2 11 16 -3.15134 0 118 -3.15134 1
genomeend 37

/* Organism #38 Fitness: 4 Error: 2 */
genomestart 38
trait 1 0.1 0 0 0 0 0 0 0 
trait 2 0.2 0 0 0.120777 0 0 0 0 
trait 3 0.795819 0.680395 0 0 0 0 0 0 
node 1 2 1 3
node 2 1 1 1
node 3 2 1 1
node 4 1 0 2
node 11 1 0 0
node 16 1 0 0
gene 3 1 4 -4.30062 0 1 -4.30062 1
gene 2 2 4 7.72785 0 2 7.72785 1
gene 3 3 4 6.89485 0 3 6.89485 1
gene 2 2 11 -2.18059 0 16 -2.18059 1
gene 3 11 4 -6.57086 0 17 -6.57086 1
gene 2 3 11 1.14467 0 28 1.14467 1
gene 3 3 16 0.189977 0 34 0.189977 1
gene 3 16 4 5.65205 0 35 5.65205 1
gene 1 1 16 1.59082 0 99 1.59082 1
gene 2 11 16 -3.66733 0 118 -3.66733 1
genomeend 38

/* Species #8 : (Size 7) (AF 7.20454) (Age 35)  */


/* Organism #39 Fitness: 9 Error: 1 */
genomestart 39
trait 1 0.409702 0.0022393 0.271508 0 0.0728782 0.0944205 0 0.0659047 
trait 2 0.65 0 0 0.0603885 0.148686 0.21164 0 0.0584277 
trait 3 0.3 0 0 0 0 0 0 0 
node 1 3 1 3
node 2 2 1 1
node 3 3 1 1
node 4 2 0 2
node 12 1 0 0
node 17 1 0 0
gene 2 1 4 -0.0368892 0 1 -0.0368892 1
gene 1 2 4 6.93303 0 2 6.93303 1
gene 2 3 4 7.09021 0 3 7.09021 1
gene 2 3 12 -3.4801 0 18 -3.4801 1
gene 2 12 4 -1.67508 0 19 -1.67508 1
gene 2 12 17 5.57698 0 36 5.57698 1
gene 2 17 4 -3.13673 0 37 -3.13673 1
gene 1 2 12 -3.56365 0 41 -3.56365 1
gene 2 1 17 -1.64066 0 258 -1.64066 1
gene 3 1 12 1.9147 0 322 1.9147 1
genomeend 39

/* Organism #40 Fitness: 4.0003 Error: 1.99993 */
genomestart 40
trait 1 0.409702 0.0022393 0.271508 0 0.0728782 0.0944205 0 0.0659047 
trait 2 0.65 0 0 0.0603885 0.148686 0.21164 0 0.0584277 
trait 3 0.3 0 0 0 0 0 0 0 
node 1 3 1 3
node 2 2 1 1
node 3 3 1 1
node 4 2 0 2
node 12 1 0 0
node 17 1 0 0
gene 2 1 4 1.92927 0 1 1.92927 1
gene 1 2 4 5.38453 0 2 5.38453 1
gene 2 3 4 6.20876 0 3 6.20876 1
gene 2 3 12 -3.99442 0 18 -3.99442 1
gene 2 12 4 -0.218131 0 19 -0.218131 1
gene 2 12 17 5.37068 0 36 5.37068 1
gene 2 17 4 -5.33391 0 37 -5.33391 1
gene 1 2 12 -3.56616 0 41 -3.56616 1
gene 2 1 17 -3.00484 0 258 -3.00484 1
gene 3 1 12 -2.35992 0 322 -2.35992 1
genomeend 40

/* Organism #41 Fitness: 9 Error: 1 */
genomestart 41
trait 1 0.409702 0.0022393 0.271508 0 0.0728782 0.0944205 0 0.0659047 
trait 2 0.65 0 0.385723 0.0603885 0.148686 0.23813 0.3549 0.0584277 
trait 3 0.3 0 0 0 0 0 0 0 
node 1 3 1 3
node 2 2 1 1
node 3 3 1 1
node 4 2 0 2
node 12 1 0 0
node 17 1 0 0
gene 2 1 4 -2.33127 0 1 -2.33127 1
gene 1 2 4 8 0 2 8 1
gene 2 3 4 6.87971 0 3 6.87971 1
gene 2 3 12 -1.51769 0 18 -1.51769 1
gene 2 12 4 -3.03362 0 19 -3.03362 1
gene 2 12 17 4.53836 0 36 4.53836 1
gene 2 17 4 -1.15417 0 37 -1.15417 1
gene 1 2 12 -3.08657 0 41 -3.08657 1
gene 2 1 17 -2.82196 0 258 -2.82196 1
gene 3 1 12 1.37223 0 322 1.37223 1
genomeend 41

/* Organism #42 Fitness: 7.42022 Error: 1.27599 */
genomestart 42
trait 1 0.409702 0.0022393 0.271508 0 0.0728782 0.0944205 0 0.0659047 
trait 2 0.65 0 0 0.0603885 0.148686 0.21164 0 0.0584277 
trait 3 0.748439 0 0 0 0 0 0.475387 0 
node 1 3 1 3
node 2 2 1 1
node 3 3 1 1
node 4 2 0 2
node 12 1 0 0
node 17 1 0 0
gene 2 1 4 0.871647 0 1 0.871647 1
gene 1 2 4 8 0 2 8 1
gene 2 3 4 6.69103 0 3 6.69103 1
gene 2 3 12 -3.93338 0 18 -3.93338 1
gene 2 12 4 0.0414289 0 19 0.0414289 1
gene 2 12 17 3.16129 0 36 3.16129 1
gene 2 17 4 -1.10893 0 37 -1.10893 1
gene 1 2 12 -3.4357 0 41 -3.4357 1
gene 2 1 17 0.184042 0 258 0.184042 1
gene 3 1 12 4.28858 0 322 4.28858 1
genomeend 42

/* Organism #43 Fitness: 4.00159 Error: 1.9996 */
genomestart 43
trait 1 0.409702 0.0022393 0.271508 0 0.0728782 0.0944205 0 0.0659047 
trait 2 0.65 0 0 0.0603885 0.148686 0.21164 0 0.0584277 
trait 3 0.3 0 0 0 0 0 0 0 
node 1 3 1 3
node 2 2 1 1
node 3 3 1 1
node 4 2 0 2
node 12 1 0 0
node 17 1 0 0
gene 2 1 4 1.65117 0 1 1.65117 1
gene 1 2 4 5.30251 0 2 5.30251 1
gene 2 3 4 6.61115 0 3 6.61115 1
gene 2 3 12 -2.75697 0 18 -2.75697 1
gene 2 12 4 -2.15094 0 19 -2.15094 1
gene 2 12 17 4.62694 0 36 4.62694 1
gene 1 17 4 -2.38155 0 37 -2.38155 1
gene 1 2 12 -3.34445 0 41 -3.34445 1
gene 2 1 17 -1.45305 0 258 -1.45305 1
gene 3 1 12 -0.728172 0 322 -0.728172 1
genomeend 43

/* Organism #44 Fitness: 8.00968 Error: 1.16986 */
genomestart 44
trait 1 0.409702 0.0022393 0.271508 0 0.0728782 0.0944205 0 0.0659047 
trait 2 0.65 0 0.385723 0.0603885 0.148686 0.23813 0.3549 0.0584277 
trait 3 0.3 0 0 0 0 0 0 0 
node 1 3 1 3
node 2 2 1 1
node 3 3 1 1
node 4 2 0 2
node 12 1 0 0
node 17 1 0 0
gene 2 1 4 -1.91637 0 1 -1.91637 1
gene 1 2 4 7.29765 0 2 7.29765 1
gene 2 3 4 7.75246 0 3 7.75246 1
gene 2 3 12 2.27226 0 18 2.27226 1
gene 2 12 4 -2.41508 0 19 -2.41508 1
gene 2 12 17 5.59598 0 36 5.59598 1
gene 2 17 4 -3.09881 0 37 -3.09881 1
gene 1 2 12 -3.49788 0 41 -3.49788 1
gene 2 1 17 -2.3358 0 258 -2.3358 1
gene 3 1 12 1.83894 0 322 1.83894 1
genomeend 44

/* Organism #45 Fitness: 9 Error: 1 */
genomestart 45
trait 1 0.409702 0.0022393 0.271508 0 0.0728782 0.0944205 0 0.0659047 
trait 2 0.65 0 0.385723 0.0603885 0.148686 0.23813 0.3549 0.0584277 
trait 3 0.3 0 0 0 0 0 0 0 
node 1 3 1 3
node 2 2 1 1
node 3 3 1 1
node 4 2 0 2
node 12 1 0 0
node 17 1 0 0
gene 2 1 4 -0.0368892 0 1 -0.0368892 1
gene 1 2 4 6.93303 0 2 6.93303 1
gene 2 3 4 7.09021 0 3 7.09021 1
gene 2 3 12 -3.4801 0 18 -3.4801 1
gene 2 12 4 -1.67508 0 19 -1.67508 1
gene 2 12 17 5.57698 0 36 5.57698 1
gene 2 17 4 -3.13673 0 37 -3.13673 1
gene 1 2 12 -3.56365 0 41 -3.56365 1
gene 2 1 17 -1.64066 0 258 -1.64066 1
gene 3 1 12 1.9147 0 322 1.9147 1
genomeend 45

/* Species #10 : (Size 7) (AF 8.28573) (Age 33)  */


/* Organism #46 Fitness: 9 Error: 1 */
genomestart 46
trait 1 0.178387 0.0982925 0 0 0.242576 0 0.0938063 0 
trait 2 0.6 0 0.0451979 0.0603885 0.448546 0.468078 0 0.0584277 
trait 3 0.15 0 0.0421461 0.220405 0.224769 0.179968 0 0 
node 1 3 1 3
node 2 2 1 1
node 3 3 1 1
node 4 2 0 2
node 12 1 0 0
node 27 2 0 0
gene 2 1 4 0.9719 0 1 0.9719 1
gene 1 2 4 -8 0 2 -8 1
gene 2 3 4 4.89908 0 3 4.89908 1
gene 2 3 12 -4.40597 0 18 -4.40597 1
gene 2 12 4 -3.86498 0 19 -3.86498 1
gene 2 12 27 1.18314 0 62 1.18314 1
gene 2 27 4 -3.59329 0 63 -3.59329 1
gene 3 2 12 0.99411 0 386 0.99411 1
genomeend 46

/* Organism #47 Fitness: 9 Error: 1 */
genomestart 47
trait 1 0.178387 0.0982925 0 0 0.242576 0 0.0938063 0 
trait 2 0.6 0 0.0451979 0.0603885 0.448546 0.468078 0 0.0584277 
trait 3 0.15 0 0.0421461 0.220405 0.224769 0.179968 0 0 
node 1 3 1 3
node 2 2 1 1
node 3 3 1 1
node 4 2 0 2
node 12 1 0 0
node 27 2 0 0
gene 2 1 4 0.9719 0 1 0.9719 1
gene 1 2 4 -8 0 2 -8 1
gene 2 3 4 4.89908 0 3 4.89908 1
gene 2 3 12 -4.40597 0 18 -4.40597 1
gene 2 12 4 -3.86498 0 19 -3.86498 1
gene 2 12 27 1.18314 0 62 1.18314 1
gene 2 27 4 -3.59329 0 63 -3.59329 1
gene 3 2 12 0.99411 0 386 0.99411 1
genomeend 47

/* Organism #48 Fitness: 9 Error: 1 */
genomestart 48
trait 1 0.178387 0.0982925 0 0 0.242576 0 0.0938063 0 
trait 2 0.6 0 0.0451979 0.0603885 0.448546 0.468078 0 0.0584277 
trait 3 0.15 0 0.0421461 0.220405 0.224769 0.179968 0 0 
node 1 3 1 3
node 2 2 1 1
node 3 3 1 1
node 4 2 0 2
node 12 1 0 0
node 27 2 0 0
gene 2 1 4 0.9719 0 1 0.9719 1
gene 1 2 4 -8 0 2 -8 1
gene 2 3 4 4.89908 0 3 4.89908 1
gene 2 3 12 -4.40597 0 18 -4.40597 1
gene 2 12 4 -3.86498 0 19 -3.86498 1
gene 2 12 27 1.18314 0 62 1.18314 1
gene 2 27 4 -3.59329 0 63 -3.59329 1
gene 3 2 12 0.99411 0 386 0.99411 1
gene 1 1 12 0.117252 0 396 0.117252 1
genomeend 48

/* Organism #49 Fitness: 8.99998 Error: 1 */
genomestart 49
trait 1 0.178387 0.0982925 0 0 0.242576 0 0.0938063 0 
trait 2 0.6 0 0.0451979 0.0603885 0.448546 0.468078 0 0.0584277 
trait 3 0.15 0 0.0421461 0.220405 0.224769 0.179968 0 0 
node 1 3 1 3
node 2 2 1 1
node 3 3 1 1
node 4 2 0 2
node 12 1 0 0
node 27 2 0 0
node 131 1 0 0
gene 2 1 4 0.9719 0 1 0.9719 1
gene 1 2 4 -8 0 2 -8 1
gene 2 3 4 4.89908 0 3 4.89908 1
gene 2 3 12 -4.40597 0 18 -4.40597 1
gene 2 12 4 -3.86498 0 19 -3.86498 1
gene 2 12 27 1.18314 0 62 1.18314 1
gene 2 27 4 -3.59329 0 63 -3.59329 0
gene 3 2 12 0.99411 0 386 0.99411 1
gene 2 27 131 1 0 397 0 1
gene 2 131 4 -3.59329 0 398 0 1
genomeend 49

/* Organism #50 Fitness: 4.00017 Error: 1.99996 */
genomestart 50
trait 1 0.178387 0.0982925 0 0 0.242576 0 0.0938063 0 
trait 2 0.6 0 0.0451979 0.0603885 0.448546 0.468078 0 0.0584277 
trait 3 0.15 0 0.0421461 0.220405 0.224769 0.179968 0 0 
node 1 3 1 3
node 2 2 1 1
node 3 3 1 1
node 4 2 0 2
node 12 1 0 0
node 27 2 0 0
gene 2 1 4 -0.637036 0 1 -0.637036 1
gene 1 2 4 -0.573214 0 2 -0.573214 1
gene 2 3 4 4.89908 0 3 4.89908 1
gene 2 3 12 -4.33074 0 18 -4.33074 1
gene 2 12 4 -4.73231 0 19 -4.73231 1
gene 2 12 27 0.388436 0 62 0.388436 1
gene 2 27 4 -3.28024 0 63 -3.28024 1
gene 3 2 12 3.05022 0 386 3.05022 1
genomeend 50

/* Organism #51 Fitness: 9 Error: 1 */
genomestart 51
trait 1 0.178387 0.0982925 0 0 0.242576 0 0.0938063 0 
trait 2 0.6 0 0.0451979 0.0603885 0.448546 0.468078 0 0.0584277 
trait 3 0.15 0 0.0421461 0.220405 0.224769 0.179968 0 0 
node 1 3 1 3
node 2 2 1 1
node 3 3 1 1
node 4 2 0 2
node 12 1 0 0
node 27 2 0 0
gene 2 1 4 0.9719 0 1 0.9719 1
gene 1 2 4 -8 0 2 -8 1
gene 2 3 4 4.89908 0 3 4.89908 1
gene 2 3 12 -4.40597 0 18 -4.40597 1
gene 2 12 4 -3.86498 0 19 -3.86498 1
gene 2 12 27 1.18314 0 62 1.18314 1
gene 2 27 4 -3.59329 0 63 -3.59329 1
gene 3 3 27 0.261269 0 399 0.261269 1
genomeend 51

/* Organism #52 Fitness: 9 Error: 1 */
genomestart 52
trait 1 0.178387 0.0982925 0 0 0.242576 0 0.0938063 0 
trait 2 0.6 0 0.0451979 0.0603885 0.448546 0.468078 0 0.0584277 
trait 3 0.15 0 0.0421461 0.220405 0.224769 0.179968 0 0 
node 1 3 1 3
node 2 2 1 1
node 3 3 1 1
node 4 2 0 2
node 12 1 0 0
node 27 2 0 0
gene 2 1 4 0.9719 0 1 0.9719 1
gene 1 2 4 -8 0 2 -8 1
gene 2 3 4 4.89908 0 3 4.89908 1
gene 2 3 12 -4.40597 0 18 -4.40597 1
gene 2 12 4 -3.86498 0 19 -3.86498 1
gene 2 12 27 1.18314 0 62 1.18314 1
gene 2 27 4 -3.59329 0 63 -3.59329 1
gene 3 2 12 0.99411 0 386 0.99411 1
genomeend 52

/* Species #12 : (Size 9) (AF 8.06305) (Age 31)  */


/* Organism #53 Fitness: 9 Error: 1 */
genomestart 53
trait 1 0.1 0 0.00573748 0 0.189238 0 0 0 
trait 2 0.4 0 0 0.275811 0.210807 0.120937 0 0.280351 
trait 3 0.3 0 0 0 0 0 0 0 
node 1 3 1 3
node 2 2 1 1
node 3 3 1 1
node 4 2 0 2
node 14 1 0 0
node 60 1 0 0
gene 3 1 4 -4.15822 0 1 -4.15822 1
gene 1 2 4 -6.86064 0 2 -6.86064 1
gene 3 3 4 -0.808664 0 3 -0.808664 0
gene 3 3 14 8 0 24 8 1
gene 2 14 4 8 0 25 8 1
gene 2 2 14 -7.87126 0 90 -7.87126 1
gene 1 2 60 4.34895 0 169 4.34895 1
gene 2 60 14 -1.79151 0 170 -1.79151 1
genomeend 53

/* Organism #54 Fitness: 9 Error: 1 */
genomestart 54
trait 1 0.1 0 0.00573748 0 0.189238 0 0 0 
trait 2 0.4 0 0 0.275811 0.210807 0.120937 0 0.280351 
trait 3 0.3 0 0 0 0 0 0 0 
node 1 3 1 3
node 2 2 1 1
node 3 3 1 1
node 4 2 0 2
node 14 1 0 0
node 60 1 0 0
gene 3 1 4 -4.15822 0 1 -4.15822 1
gene 1 2 4 -6.86064 0 2 -6.86064 1
gene 3 3 4 -0.808664 0 3 -0.808664 0
gene 3 3 14 8 0 24 8 1
gene 2 14 4 8 0 25 8 1
gene 2 2 14 -8 0 90 -8 1
gene 1 2 60 4.30836 0 169 4.30836 1
gene 2 60 14 -1.79151 0 170 -1.79151 1
gene 2 3 60 -0.00189215 0 400 -0.00189215 1
genomeend 54

/* Organism #55 Fitness: 9 Error: 1 */
genomestart 55
trait 1 0.1 0 0.00573748 0 0.189238 0 0 0 
trait 2 0.4 0 0 0.275811 0.210807 0.120937 0 0.280351 
trait 3 0.3 0 0 0 0 0 0 0 
node 1 3 1 3
node 2 2 1 1
node 3 3 1 1
node 4 2 0 2
node 14 1 0 0
node 60 1 0 0
gene 3 1 4 -4.15822 0 1 -4.15822 1
gene 1 2 4 -6.86064 0 2 -6.86064 1
gene 3 3 4 -0.808664 0 3 -0.808664 0
gene 3 3 14 8 0 24 8 1
gene 2 14 4 8 0 25 8 1
gene 2 2 14 -7.87126 0 90 -7.87126 1
gene 1 2 60 4.34895 0 169 4.34895 1
gene 2 60 14 -1.79151 0 170 -1.79151 1
gene 2 1 60 -0.032899 0 401 -0.032899 1
genomeend 55

/* Organism #56 Fitness: 8.99998 Error: 1 */
genomestart 56
trait 1 0.1 0 0.00573748 0 0.189238 0 0 0 
trait 2 0.930931 0 0 0.195853 0.210807 0.120937 0.141942 0.280351 
trait 3 0.3 0 0 0 0 0 0 0 
node 1 3 1 3
node 2 2 1 1
node 3 3 1 1
node 4 2 0 2
node 14 1 0 0
node 60 1 0 0
gene 3 1 4 -5.24658 0 1 -5.24658 1
gene 1 2 4 -6.28086 0 2 -6.28086 1
gene 3 3 4 2.2935 0 3 2.2935 0
gene 3 3 14 5.10437 0 24 5.10437 1
gene 2 14 4 7.80262 0 25 7.80262 1
gene 2 2 14 -7.2157 0 90 -7.2157 1
gene 1 2 60 1.83369 0 169 1.83369 1
gene 2 60 14 -2.23079 0 170 -2.23079 1
genomeend 56

/* Organism #57 Fitness: 4.00223 Error: 1.99944 */
genomestart 57
trait 1 0.1 0 0.00573748 0 0.189238 0 0 0 
trait 2 0.4 0 0 0.275811 0.210807 0.120937 0 0.280351 
trait 3 0.3 0 0 0 0 0 0 0 
node 1 3 1 3
node 2 2 1 1
node 3 3 1 1
node 4 2 0 2
node 14 1 0 0
node 60 1 0 0
gene 3 1 4 -6.53454 0 1 -6.53454 1
gene 1 2 4 -8 0 2 -8 1
gene 3 3 4 -1.89673 0 3 -1.89673 0
gene 3 3 14 8 0 24 8 1
gene 2 14 4 5.58896 0 25 5.58896 1
gene 2 2 14 -6.4079 0 90 -6.4079 1
gene 1 2 60 3.77367 0 169 3.77367 1
gene 2 60 14 2.4781 0 170 2.4781 1
genomeend 57

/* Organism #58 Fitness: 8.95634 Error: 1.00729 */
genomestart 58
trait 1 0.1 0 0.00573748 0 0.189238 0 0 0 
trait 2 0.4 0 0 0.275811 0.210807 0.120937 0 0.280351 
trait 3 0.3 0 0 0.173132 0 0 0.340861 0 
node 1 3 1 3
node 2 2 1 1
node 3 3 1 1
node 4 2 0 2
node 14 1 0 0
node 60 1 0 0
gene 3 1 4 -1.8382 0 1 -1.8382 1
gene 1 2 4 -8 0 2 -8 1
gene 3 3 4 1.26926 0 3 1.26926 0
gene 3 3 14 5.70577 0 24 5.70577 1
gene 2 14 4 8 0 25 8 1
gene 2 2 14 -8 0 90 -8 1
gene 1 2 60 6.50943 0 169 6.50943 1
gene 2 60 14 -0.870235 0 170 -0.870235 1
genomeend 58

/* Organism #59 Fitness: 8.9963 Error: 1.00062 */
genomestart 59
trait 1 0.1 0 0.00573748 0 0.189238 0 0 0 
trait 2 0.4 0 0 0.275811 0.210807 0.120937 0 0.280351 
trait 3 0.3 0 0 0 0 0 0 0 
node 1 3 1 3
node 2 2 1 1
node 3 3 1 1
node 4 2 0 2
node 14 1 0 0
node 60 1 0 0
gene 3 1 4 -6.20173 0 1 -6.20173 1
gene 1 2 4 -8 0 2 -8 1
gene 3 3 4 -0.132717 0 3 -0.132717 1
gene 3 3 14 5.15831 0 24 5.15831 1
gene 2 14 4 8 0 25 8 1
gene 2 2 14 -8 0 90 -8 1
gene 1 2 60 2.26011 0 169 2.26011 1
gene 2 60 14 0.118908 0 170 0.118908 1
genomeend 59

/* Organism #60 Fitness: 8.99405 Error: 1.00099 */
genomestart 60
trait 1 0.1 0 0.00573748 0 0.189238 0 0 0 
trait 2 0.4 0 0 1 0.210807 0.120937 0 0.280351 
trait 3 0.3 0 0 0 0 0 0 0 
node 1 3 1 3
node 2 2 1 1
node 3 3 1 1
node 4 2 0 2
node 14 1 0 0
node 60 1 0 0
gene 3 1 4 -6.59588 0 1 -6.59588 1
gene 1 2 4 -5.74213 0 2 -5.74213 1
gene 3 3 4 2.7797 0 3 2.7797 0
gene 3 3 14 7.79225 0 24 7.79225 1
gene 2 14 4 8 0 25 8 1
gene 2 2 14 -8 0 90 -8 1
gene 1 2 60 5.2188 0 169 5.2188 1
gene 2 60 14 -1.32603 0 170 -1.32603 1
genomeend 60

/* Organism #61 Fitness: 5.61855 Error: 1.62965 */
genomestart 61
trait 1 0.1 0 0.00573748 0 0.189238 0 0 0 
trait 2 0.4 0 0 0.275811 0.210807 0.120937 0 0.280351 
trait 3 0.3 0 0 0 0 0 0 0 
node 1 3 1 3
node 2 2 1 1
node 3 3 1 1
node 4 2 0 2
node 14 1 0 0
node 60 1 0 0
gene 3 1 4 -5.94698 0 1 -5.94698 1
gene 1 2 4 -6.71209 0 2 -6.71209 1
gene 3 3 4 0.538957 0 3 0.538957 0
gene 3 3 14 6.64116 0 24 6.64116 1
gene 2 14 4 5.83921 0 25 5.83921 1
gene 2 2 14 -5.85516 0 90 -5.85516 1
gene 1 2 60 6.43924 0 169 6.43924 1
gene 2 60 14 0.19425 0 170 0.19425 1
genomeend 61

/* Species #13 : (Size 6) (AF 7.63088) (Age 30)  */


/* Organism #62 Fitness: 9 Error: 1 */
genomestart 62
trait 1 0.0505905 0 0.0686514 0 0 0.161046 0 0.138936 
trait 2 0.2 0 0 0.120777 0 0 0 0 
trait 3 0.3 0.115146 0.454054 0.145238 0 0 0.332942 0 
node 1 3 1 3
node 2 1 1 1
node 3 2 1 1
node 4 1 0 2
node 11 1 0 0
node 16 1 0 0
gene 3 1 4 -8 0 1 -8 1
gene 1 2 4 8 0 2 8 1
gene 3 3 4 8 0 3 8 1
gene 2 2 11 2.46522 0 16 2.46522 1
gene 2 11 4 5.65299 0 17 5.65299 1
gene 2 3 11 4.31796 0 28 4.31796 1
gene 3 3 16 6.90286 0 34 6.90286 1
gene 2 16 4 2.4861 0 35 2.4861 0
genomeend 62

/* Organism #63 Fitness: 9 Error: 1 */
genomestart 63
trait 1 0.0841208 0 0.06007 0.0371658 0.00204665 0.191919 0 0.121569 
trait 2 0.3 0 0 0.10568 0 0.0151172 0.00429548 0 
trait 3 0.2625 0.100753 0.397298 0.127083 0.110591 0 0.311196 0 
node 1 3 1 3
node 2 1 1 1
node 3 2 1 1
node 4 1 0 2
node 11 1 0 0
node 16 1 0 0
gene 3 1 4 -8 0 1 -8 1
gene 1 2 4 8 0 2 8 1
gene 3 3 4 8 0 3 8 1
gene 2 2 11 4.75793 0 16 4.75793 1
gene 2 11 4 5.65299 0 17 5.65299 1
gene 2 3 11 2.45938 0 28 2.45938 1
gene 3 3 16 7.24459 0 34 7.24459 1
gene 2 16 4 2.4861 0 35 2.4861 0
genomeend 63

/* Organism #64 Fitness: 8.83437 Error: 1.02773 */
genomestart 64
trait 1 0.0841208 0 0.06007 0.0371658 0.00204665 0.191919 0 0.121569 
trait 2 0.3 0 0 0.10568 0 0.0151172 0.00429548 0 
trait 3 0.2625 0.100753 1 0.127083 0.103542 0 0 0 
node 1 3 1 3
node 2 1 1 1
node 3 2 1 1
node 4 1 0 2
node 11 1 0 0
node 16 1 0 0
gene 3 1 4 -6.17873 0 1 -6.17873 1
gene 1 2 4 8 0 2 8 1
gene 3 3 4 1.16153 0 3 1.16153 1
gene 2 2 11 0.973922 0 16 0.973922 1
gene 2 11 4 7.1342 0 17 7.1342 1
gene 2 3 11 1.92798 0 28 1.92798 1
gene 3 3 16 -0.704672 0 34 -0.704672 1
gene 2 16 4 3.77833 0 35 3.77833 1
genomeend 64

/* Organism #65 Fitness: 8.95088 Error: 1.0082 */
genomestart 65
trait 1 0.0505905 0 0.0686514 0 0 0.161046 0 0.138936 
trait 2 0.2 0 0 0.120777 0 0 0 0 
trait 3 0.3 0.115146 0.454054 0.145238 0 0 0.332942 0 
node 1 3 1 3
node 2 1 1 1
node 3 2 1 1
node 4 1 0 2
node 11 1 0 0
node 16 1 0 0
gene 3 1 4 -7.08826 0 1 -7.08826 1
gene 1 2 4 6.98907 0 2 6.98907 1
gene 3 3 4 8 0 3 8 1
gene 2 2 11 2.46522 0 16 2.46522 1
gene 2 11 4 4.7504 0 17 4.7504 1
gene 2 3 11 -0.878018 0 28 -0.878018 1
gene 3 3 16 6.43616 0 34 6.43616 1
gene 2 16 4 0.0342418 0 35 0.0342418 0
genomeend 65

/* Organism #66 Fitness: 1.00005 Error: 2.99997 */
genomestart 66
trait 1 0.117651 0 0.0514885 0.0743316 0.0040933 0.222793 0 0.104202 
trait 2 0.4 0 0 0.0905828 0 0.0302343 0.00859096 0 
trait 3 0.225 0.0863598 0.340541 0.108928 0.221183 0 0.289451 0 
node 1 3 1 3
node 2 1 1 1
node 3 2 1 1
node 4 1 0 2
node 11 1 0 0
node 16 1 0 0
gene 3 1 4 -8 0 1 -8 1
gene 1 2 4 5.1585 0 2 5.1585 1
gene 3 3 4 5.02567 0 3 5.02567 1
gene 2 2 11 3.27778 0 16 3.27778 1
gene 2 11 4 0.631809 0 17 0.631809 1
gene 2 3 11 0.489181 0 28 0.489181 1
gene 3 3 16 7.99641 0 34 7.99641 1
gene 2 16 4 1.20952 0 35 1.20952 0
genomeend 66

/* Organism #67 Fitness: 9 Error: 1 */
genomestart 67
trait 1 0.0841208 0 0.06007 0.0371658 0.00204665 0.191919 0 0.121569 
trait 2 0.3 0 0 0.10568 0 0.0151172 0.00429548 0 
trait 3 0.2625 0.100753 0.397298 0.127083 0.110591 0 0.311196 0 
node 1 3 1 3
node 2 1 1 1
node 3 2 1 1
node 4 1 0 2
node 11 1 0 0
node 16 1 0 0
gene 3 1 4 -8 0 1 -8 1
gene 1 2 4 8 0 2 8 1
gene 3 3 4 8 0 3 8 1
gene 2 2 11 2.46522 0 16 2.46522 1
gene 2 11 4 5.65299 0 17 5.65299 1
gene 2 3 11 4.31796 0 28 4.31796 1
gene 3 3 16 6.90286 0 34 6.90286 1
gene 2 16 4 2.4861 0 35 2.4861 0
genomeend 67

/* Species #15 : (Size 8) (AF 5.88766) (Age 26)  */


/* Organism #68 Fitness: 9 Error: 1 */
genomestart 68
trait 1 0.283283 0 0 0 0.0281152 0 0.182463 0 
trait 2 0.2 0 0 0 0 0 0 0 
trait 3 0.3 0 0 0 0 0 0 0 
node 1 1 1 3
node 2 1 1 1
node 3 1 1 1
node 4 1 0 2
node 9 1 0 0
node 49 1 0 0
gene 3 1 4 -7.72269 0 1 -7.72269 1
gene 1 2 4 7.06163 0 2 7.06163 1
gene 2 3 4 -8 0 3 -8 1
gene 2 3 9 2.37728 0 12 2.37728 1
gene 2 9 4 -1.77702 0 13 -1.77702 1
gene 1 2 9 -2.67685 0 31 -2.67685 0
gene 1 2 49 1.08389 0 135 1.08389 1
gene 1 49 9 -1.43502 0 136 -1.43502 1
gene 1 49 4 5.84922 0 228 5.84922 1
gene 2 3 49 -1.96974 0 240 -1.96974 1
genomeend 68

/* Organism #69 Fitness: 8.98877 Error: 1.00187 */
genomestart 69
trait 1 0.283283 0 0 0 0.0281152 0 0.182463 0 
trait 2 0.2 0 0 0 0 0 0 0 
trait 3 0.3 0 0 0 0 0 0 0 
node 1 1 1 3
node 2 1 1 1
node 3 1 1 1
node 4 1 0 2
node 9 1 0 0
node 49 1 0 0
gene 3 1 4 -6.0909 0 1 -6.0909 1
gene 1 2 4 8 0 2 8 1
gene 2 3 4 -7.71625 0 3 -7.71625 1
gene 2 3 9 4.24528 0 12 4.24528 1
gene 2 9 4 -3.38836 0 13 -3.38836 1
gene 1 2 9 -0.180403 0 31 -0.180403 0
gene 1 2 49 2.83634 0 135 2.83634 1
gene 1 49 9 -2.06473 0 136 -2.06473 1
gene 1 49 4 7.91761 0 228 7.91761 1
gene 2 3 49 1.14383 0 240 1.14383 1
genomeend 69

/* Organism #70 Fitness: 4.00001 Error: 2 */
genomestart 70
trait 1 0.283283 0 0 0 0.0281152 0 0.182463 0 
trait 2 0.2 0 0 0 0 0 0 0 
trait 3 0.3 0 0 0 0 0 0 0 
node 1 1 1 3
node 2 1 1 1
node 3 1 1 1
node 4 1 0 2
node 9 1 0 0
node 49 1 0 0
gene 3 1 4 -6.1091 0 1 -6.1091 1
gene 1 2 4 5.3732 0 2 5.3732 1
gene 2 3 4 -6.64895 0 3 -6.64895 1
gene 2 3 9 1.30066 0 12 1.30066 1
gene 1 9 4 -3.68076 0 13 -3.68076 1
gene 1 2 9 -1.16955 0 31 -1.16955 0
gene 1 2 49 -1.30251 0 135 -1.30251 1
gene 1 49 9 -0.128445 0 136 -0.128445 1
gene 1 49 4 5.46125 0 228 5.46125 1
gene 2 3 49 -3.16912 0 240 -3.16912 1
genomeend 70

/* Organism #71 Fitness: 1.0007 Error: 2.99965 */
genomestart 71
trait 1 0.283283 0 0 0 0.0281152 0 0.182463 0 
trait 2 0.2 0 0 0 0 0 0 0 
trait 3 0.3 0 0 0 0 0 0 0 
node 1 1 1 3
node 2 1 1 1
node 3 1 1 1
node 4 1 0 2
node 9 1 0 0
node 49 1 0 0
gene 3 1 4 2.45552 0 1 2.45552 1
gene 1 2 4 6.68961 0 2 6.68961 1
gene 2 3 4 -8 0 3 -8 1
gene 2 3 9 2.96449 0 12 2.96449 1
gene 2 9 4 -1.11564 0 13 -1.11564 1
gene 1 2 9 -0.22599 0 31 -0.22599 0
gene 1 2 49 2.47507 0 135 2.47507 1
gene 1 49 9 0.570315 0 136 0.570315 1
gene 1 49 4 1.60253 0 228 1.60253 1
gene 2 3 49 -1.45878 0 240 -1.45878 1
genomeend 71

/* Organism #72 Fitness: 8.9821 Error: 1.00299 */
genomestart 72
trait 1 0.283283 0 0 0 0.0281152 0 0.182463 0 
trait 2 0.2 0 0 0 0 0 0 0 
trait 3 0.3 0 0 0 0 0 0 0 
node 1 1 1 3
node 2 1 1 1
node 3 1 1 1
node 4 1 0 2
node 9 1 0 0
node 49 1 0 0
gene 3 1 4 -6.02822 0 1 -6.02822 1
gene 1 2 4 6.90439 0 2 6.90439 1
gene 2 3 4 -7.25367 0 3 -7.25367 1
gene 2 3 9 2.7953 0 12 2.7953 1
gene 2 9 4 -4.12564 0 13 -4.12564 1
gene 1 2 9 -2.19909 0 31 -2.19909 0
gene 1 2 49 -0.220168 0 135 -0.220168 1
gene 1 49 9 -0.927343 0 136 -0.927343 1
gene 1 49 4 5.11654 0 228 5.11654 1
gene 2 3 49 -1.96974 0 240 -1.96974 1
genomeend 72

/* Organism #73 Fitness: 7.12899 Error: 1.32998 */
genomestart 73
trait 1 0.283283 0 0 0 0.0281152 0 0.182463 0 
trait 2 0.2 0 0 0 0 0 0 0 
trait 3 0.3 0 0 0 0 0 0 0 
node 1 1 1 3
node 2 1 1 1
node 3 1 1 1
node 4 1 0 2
node 9 1 0 0
node 49 1 0 0
gene 3 1 4 -8 0 1 -8 1
gene 1 2 4 7.06163 0 2 7.06163 1
gene 2 3 4 -8 0 3 -8 1
gene 2 3 9 2.37728 0 12 2.37728 1
gene 2 9 4 1.75344 0 13 1.75344 1
gene 1 2 9 -0.459914 0 31 -0.459914 0
gene 1 2 49 1.08389 0 135 1.08389 1
gene 1 49 9 0.659543 0 136 0.659543 1
gene 1 49 4 7.04394 0 228 7.04394 1
gene 2 3 49 0.503098 0 240 0.503098 1
genomeend 73

/* Organism #74 Fitness: 4 Error: 2 */
genomestart 74
trait 1 0.283283 0 0 0 0.0281152 0 0.182463 0 
trait 2 0.2 0 0 0 0 0 0 0 
trait 3 0.3 0 0 0 0 0 0 0 
node 1 1 1 3
node 2 1 1 1
node 3 1 1 1
node 4 1 0 2
node 9 1 0 0
node 49 1 0 0
gene 3 1 4 -8 0 1 -8 1
gene 1 2 4 4.93327 0 2 4.93327 1
gene 2 3 4 -8 0 3 -8 1
gene 2 3 9 4.67624 0 12 4.67624 1
gene 2 9 4 -2.68021 0 13 -2.68021 1
gene 1 2 9 -4.56412 0 31 -4.56412 0
gene 1 2 49 -0.905385 0 135 -0.905385 1
gene 1 49 9 0.239456 0 136 0.239456 1
gene 1 49 4 7.97689 0 228 7.97689 1
gene 2 3 49 -1.96974 0 240 -1.96974 1
genomeend 74

/* Organism #75 Fitness: 4.00069 Error: 1.99983 */
genomestart 75
trait 1 0.283283 0 0 0 0.0281152 0 0.182463 0 
trait 2 0.2 0 0 0 0 0 0 0 
trait 3 0.3 0 0 0.878567 0 0 0 0 
node 1 1 1 3
node 2 1 1 1
node 3 1 1 1
node 4 1 0 2
node 9 1 0 0
node 49 1 0 0
gene 3 1 4 -6.0127 0 1 -6.0127 1
gene 1 2 4 7.03272 0 2 7.03272 1
gene 2 3 4 -5.79267 0 3 -5.79267 1
gene 2 3 9 0.751862 0 12 0.751862 1
gene 2 9 4 -0.827166 0 13 -0.827166 1
gene 1 2 9 -1.04217 0 31 -1.04217 0
gene 1 2 49 2.81097 0 135 2.81097 1
gene 1 49 9 -1.9335 0 136 -1.9335 1
gene 1 49 4 6.63663 0 228 6.63663 1
gene 2 3 49 -1.96974 0 240 -1.96974 1
genomeend 75

/* Species #17 : (Size 9) (AF 6.29711) (Age 26)  */


/* Organism #76 Fitness: 9 Error: 1 */
genomestart 76
trait 1 0.1 0 0 0 0 0 0 0 
trait 2 0.2 0 0 0.120777 0 0 0 0 
trait 3 0.3 0 0 0 0 0 0 0 
node 1 3 1 3
node 2 1 1 1
node 3 2 1 1
node 4 1 0 2
node 11 3 0 0
node 16 1 0 0
node 39 1 0 0
node 87 1 0 0
gene 3 1 4 -7.87583 0 1 -7.87583 1
gene 2 2 4 8 0 2 8 1
gene 3 3 4 7.39249 0 3 7.39249 1
gene 2 2 11 0.975623 0 16 0.975623 1
gene 2 11 4 3.60936 0 17 3.60936 1
gene 2 3 11 -1.69514 0 28 -1.69514 1
gene 3 3 16 2.05057 0 34 2.05057 1
gene 3 16 4 7.58899 0 35 7.58899 1
gene 3 16 39 3.53067 0 100 3.53067 0
gene 3 39 4 -2.66633 0 101 -2.66633 1
gene 1 11 39 -0.10033 0 134 -0.10033 1
gene 3 2 39 4.32508 0 160 4.32508 1
gene 3 16 87 1 0 241 0 1
gene 3 87 39 4.97839 0 242 4.97839 1
gene 3 1 39 0.574267 0 280 0.574267 1
genomeend 76

/* Organism #77 Fitness: 3.95414 Error: 2.0115 */
genomestart 77
trait 1 0.1 0 0 0 0 0 0 0 
trait 2 0.2 0 0 0.120777 0 0 0 0 
trait 3 0.3 0 0 0 0 0 0 0 
node 1 3 1 3
node 2 1 1 1
node 3 2 1 1
node 4 1 0 2
node 11 3 0 0
node 16 1 0 0
node 39 1 0 0
node 87 1 0 0
gene 3 1 4 -5.65538 0 1 -5.65538 1
gene 2 2 4 0.74984 0 2 0.74984 1
gene 3 3 4 -1.10904 0 3 -1.10904 1
gene 2 2 11 3.38422 0 16 3.38422 1
gene 2 11 4 3.79872 0 17 3.79872 1
gene 2 3 11 -2.47275 0 28 -2.47275 1
gene 3 3 16 2.25077 0 34 2.25077 1
gene 3 16 4 7.58899 0 35 7.58899 1
gene 3 16 39 2.61061 0 100 2.61061 0
gene 3 39 4 -1.86666 0 101 -1.86666 1
gene 1 11 39 -1.54927 0 134 -1.54927 1
gene 3 2 39 5.18516 0 160 5.18516 1
gene 3 16 87 1.89228 0 241 1.89228 1
gene 3 87 39 6.10376 0 242 6.10376 1
gene 3 1 39 0.574267 0 280 0.574267 1
genomeend 77

/* Organism #78 Fitness: 1.73822 Error: 2.68158 */
genomestart 78
trait 1 0.1 0 0 0 0 0 0 0 
trait 2 0.2 0 0 0.120777 0 0 0 0 
trait 3 0.3 0 0 0 0 0 0 0 
node 1 3 1 3
node 2 1 1 1
node 3 2 1 1
node 4 1 0 2
node 11 3 0 0
node 16 1 0 0
node 39 1 0 0
node 87 1 0 0
gene 3 1 4 -8 0 1 -8 1
gene 2 2 4 0.185629 0 2 0.185629 1
gene 3 3 4 5.28854 0 3 5.28854 1
gene 2 2 11 2.64727 0 16 2.64727 1
gene 2 11 4 2.83541 0 17 2.83541 1
gene 2 3 11 -2.85797 0 28 -2.85797 1
gene 3 3 16 0.019837 0 34 0.019837 1
gene 3 16 4 5.60742 0 35 5.60742 1
gene 3 16 39 0.796457 0 100 0.796457 0
gene 3 39 4 -0.978729 0 101 -0.978729 1
gene 1 11 39 1.6435 0 134 1.6435 1
gene 3 2 39 6.75824 0 160 6.75824 1
gene 3 16 87 3.23792 0 241 3.23792 1
gene 3 87 39 4.97839 0 242 4.97839 1
gene 3 1 39 1.92463 0 280 1.92463 1
genomeend 78

/* Organism #79 Fitness: 2.02252 Error: 2.57785 */
genomestart 79
trait 1 0.1 0 0 0 0 0 0 0 
trait 2 0.2 0.699301 0 0.223624 0 0.385144 0 0 
trait 3 0.3 0 0 0 0 0 0 0 
node 1 3 1 3
node 2 1 1 1
node 3 2 1 1
node 4 1 0 2
node 11 3 0 0
node 16 1 0 0
node 39 1 0 0
node 87 1 0 0
gene 3 1 4 -7.86118 0 1 -7.86118 1
gene 2 2 4 8 0 2 8 1
gene 3 3 4 -0.9447 0 3 -0.9447 1
gene 2 2 11 0.979362 0 16 0.979362 1
gene 2 11 4 -1.81372 0 17 -1.81372 1
gene 2 3 11 -3.49351 0 28 -3.49351 1
gene 3 3 16 4.15696 0 34 4.15696 1
gene 3 16 4 7.17539 0 35 7.17539 1
gene 3 16 39 1.94012 0 100 1.94012 0
gene 3 39 4 -1.99103 0 101 -1.99103 1
gene 1 11 39 0.296411 0 134 0.296411 1
gene 3 2 39 2.33306 0 160 2.33306 1
gene 3 16 87 1 0 241 1 1
gene 3 87 39 2.42195 0 242 2.42195 1
gene 3 1 39 1.56644 0 280 1.56644 1
genomeend 79

/* Organism #80 Fitness: 8.95998 Error: 1.00668 */
genomestart 80
trait 1 0.1 0 0 0 0 0 0 0 
trait 2 0.2 0 0 0.120777 0 0 0 0 
trait 3 0.3 0 0 0 0 0 0 0 
node 1 3 1 3
node 2 1 1 1
node 3 2 1 1
node 4 1 0 2
node 11 3 0 0
node 16 1 0 0
node 39 1 0 0
node 87 1 0 0
gene 3 1 4 -8 0 1 -8 1
gene 2 2 4 6.52245 0 2 6.52245 1
gene 3 3 4 8 0 3 8 1
gene 2 2 11 2.36704 0 16 2.36704 1
gene 2 11 4 1.36495 0 17 1.36495 1
gene 2 3 11 -4.12731 0 28 -4.12731 1
gene 3 3 16 0.930433 0 34 0.930433 1
gene 3 16 4 7.5896 0 35 7.5896 1
gene 3 16 39 5.50507 0 100 5.50507 0
gene 3 39 4 -2.66633 0 101 -2.66633 1
gene 1 11 39 -1.42193 0 134 -1.42193 1
gene 3 2 39 2.73636 0 160 2.73636 1
gene 3 16 87 3.00171 0 241 3.00171 1
gene 3 87 39 5.18935 0 242 5.18935 1
gene 3 1 39 -0.0595264 0 280 -0.0595264 1
genomeend 80

/* Organism #81 Fitness: 8.99999 Error: 1 */
genomestart 81
trait 1 0.1 0 0 0 0 0 0 0 
trait 2 0.2 0 0 0.120777 0 0 0 0 
trait 3 0.3 0 0 0 0 0 0 0 
node 1 3 1 3
node 2 1 1 1
node 3 2 1 1
node 4 1 0 2
node 11 3 0 0
node 16 1 0 0
node 39 1 0 0
node 87 1 0 0
gene 3 1 4 -8 0 1 -8 1
gene 2 2 4 6.25442 0 2 6.25442 1
gene 3 3 4 7.58506 0 3 7.58506 1
gene 2 2 11 3.38048 0 16 3.38048 1
gene 2 11 4 5.42009 0 17 5.42009 1
gene 2 3 11 -1.73695 0 28 -1.73695 1
gene 3 3 16 3.10086 0 34 3.10086 1
gene 3 16 4 8 0 35 8 1
gene 3 16 39 5.24551 0 100 5.24551 0
gene 3 39 4 -4.81285 0 101 -4.81285 1
gene 1 11 39 -0.31579 0 134 -0.31579 1
gene 3 2 39 3.37244 0 160 3.37244 1
gene 3 16 87 -1.26066 0 241 -1.26066 1
gene 3 87 39 6.36874 0 242 6.36874 1
gene 3 1 39 0.574267 0 280 0.574267 1
genomeend 81

/* Organism #82 Fitness: 3.99974 Error: 2.00007 */
genomestart 82
trait 1 0.1 0 0 0 0 0 0 0 
trait 2 0.2 0 0 0.120777 0 0 0 0 
trait 3 0.3 0 0 0 0 0 0 0 
node 1 3 1 3
node 2 1 1 1
node 3 2 1 1
node 4 1 0 2
node 11 3 0 0
node 16 1 0 0
node 39 1 0 0
node 87 1 0 0
gene 3 1 4 2.35778 0 1 2.35778 1
gene 2 2 4 -0.366298 0 2 -0.366298 1
gene 3 3 4 8 0 3 8 1
gene 2 2 11 0.90627 0 16 0.90627 1
gene 2 11 4 3.60936 0 17 3.60936 1
gene 2 3 11 0.335795 0 28 0.335795 1
gene 3 3 16 1.51001 0 34 1.51001 1
gene 3 16 4 -1.87864 0 35 -1.87864 1
gene 3 16 39 -0.948668 0 100 -0.948668 0
gene 3 39 4 -2.66633 0 101 -2.66633 1
gene 1 11 39 -0.44908 0 134 -0.44908 1
gene 3 2 39 6.79929 0 160 6.79929 1
gene 3 16 87 -1.00987 0 241 -1.00987 1
gene 3 87 39 6.87886 0 242 6.87886 1
gene 3 1 39 -1.28111 0 280 -1.28111 1
genomeend 82

/* Organism #83 Fitness: 8.99938 Error: 1.0001 */
genomestart 83
trait 1 0.1 0 0 0 0 0 0 0 
trait 2 0.2 0 0 0.120777 0 0 0 0 
trait 3 0.3 0 0 0 0 0 0 0 
node 1 3 1 3
node 2 1 1 1
node 3 2 1 1
node 4 1 0 2
node 11 3 0 0
node 16 1 0 0
node 39 1 0 0
node 87 1 0 0
gene 3 1 4 -7.30673 0 1 -7.30673 1
gene 2 2 4 8 0 2 8 1
gene 3 3 4 8 0 3 8 1
gene 2 2 11 2.20468 0 16 2.20468 1
gene 2 11 4 1.65297 0 17 1.65297 1
gene 2 3 11 -1.42634 0 28 -1.42634 1
gene 3 3 16 1.90118 0 34 1.90118 1
gene 3 16 4 5.762 0 35 5.762 1
gene 3 16 39 1.38537 0 100 1.38537 0
gene 3 39 4 -3.36451 0 101 -3.36451 1
gene 1 11 39 0.460067 0 134 0.460067 1
gene 3 2 39 3.13478 0 160 3.13478 1
gene 3 16 87 3.33406 0 241 3.33406 1
gene 3 87 39 7.07707 0 242 7.07707 1
gene 3 1 39 -0.0650197 0 280 -0.0650197 1
genomeend 83

/* Organism #84 Fitness: 9 Error: 1 */
genomestart 84
trait 1 0.1 0 0 0 0 0 0 0 
trait 2 0.2 0 0 0.120777 0 0 0 0 
trait 3 0.3 0 0 0 0 0 0 0 
node 1 3 1 3
node 2 1 1 1
node 3 2 1 1
node 4 1 0 2
node 11 3 0 0
node 16 1 0 0
node 39 1 0 0
node 87 1 0 0
gene 3 1 4 -6.9061 0 1 -6.9061 1
gene 2 2 4 8 0 2 8 1
gene 3 3 4 8 0 3 8 1
gene 2 2 11 3.19111 0 16 3.19111 1
gene 2 11 4 2.43096 0 17 2.43096 1
gene 2 3 11 -4.12532 0 28 -4.12532 1
gene 3 3 16 0.819224 0 34 0.819224 1
gene 3 16 4 5.66014 0 35 5.66014 1
gene 3 16 39 1.39087 0 100 1.39087 1
gene 3 39 4 -3.04369 0 101 -3.04369 1
gene 1 11 39 -0.110553 0 134 -0.110553 1
gene 3 2 39 3.13043 0 160 3.13043 1
gene 3 16 87 2.17176 0 241 2.17176 1
gene 3 87 39 4.2416 0 242 4.2416 1
gene 3 1 39 0.574267 0 280 0.574267 1
genomeend 84

/* Species #18 : (Size 7) (AF 6.66163) (Age 25)  */


/* Organism #85 Fitness: 9 Error: 1 */
genomestart 85
trait 1 0.0505905 0 0.0686514 0 0 0.161046 0 0.138936 
trait 2 0.2 0 0 0.120777 0 0 0 0 
trait 3 0.3 0.230293 0 0 0 0 0.115864 0 
node 1 3 1 3
node 2 1 1 1
node 3 2 1 1
node 4 1 0 2
node 11 1 0 0
node 16 2 0 0
node 55 1 0 0
gene 3 1 4 -6.95508 0 1 -6.95508 1
gene 1 2 4 6.61064 0 2 6.61064 1
gene 3 3 4 7.83764 0 3 7.83764 1
gene 2 2 11 3.90042 0 16 3.90042 1
gene 2 11 4 7.9727 0 17 7.9727 1
gene 2 3 11 4.01171 0 28 4.01171 1
gene 3 3 16 5.20868 0 34 5.20868 1
gene 3 16 4 -0.191824 0 35 -0.191824 1
gene 2 3 55 1.06741 0 153 1.06741 1
gene 2 55 11 -1.98356 0 154 -1.98356 1
gene 3 1 55 0.883053 0 172 0.883053 1
gene 2 16 55 -0.363399 0 358 -0.363399 1
genomeend 85

/* Organism #86 Fitness: 6.84675 Error: 1.38337 */
genomestart 86
trait 1 0.0505905 0 0.0686514 0 0 0.161046 0 0.138936 
trait 2 0.2 0 0 0.120777 0 0 0 0 
trait 3 0.3 0.230293 0 0 0 0 0.115864 0 
node 1 3 1 3
node 2 1 1 1
node 3 2 1 1
node 4 1 0 2
node 11 1 0 0
node 16 2 0 0
node 55 1 0 0
gene 3 1 4 -5.8391 0 1 -5.8391 1
gene 1 2 4 4.69874 0 2 4.69874 0
gene 3 3 4 8 0 3 8 1
gene 2 2 11 3.90042 0 16 3.90042 1
gene 2 11 4 -2.25745 0 17 -2.25745 1
gene 2 3 11 0.472198 0 28 0.472198 1
gene 3 3 16 4.71679 0 34 4.71679 1
gene 3 16 4 -1.12842 0 35 -1.12842 0
gene 2 3 55 1.28974 0 153 1.28974 1
gene 2 55 11 -1.98356 0 154 -1.98356 1
gene 3 1 55 1.70675 0 172 1.70675 1
gene 2 16 55 -1.90008 0 358 -1.90008 1
genomeend 86

/* Organism #87 Fitness: 9 Error: 1 */
genomestart 87
trait 1 0.0505905 0 0.0686514 0 0 0.161046 0 0.138936 
trait 2 0.2 0 0 0.120777 0 0 0 0 
trait 3 0.3 0.230293 0 0 0 0 0.115864 0 
node 1 3 1 3
node 2 1 1 1
node 3 2 1 1
node 4 1 0 2
node 11 1 0 0
node 16 2 0 0
node 55 1 0 0
gene 3 1 4 -6.68576 0 1 -6.68576 1
gene 1 2 4 5.66778 0 2 5.66778 1
gene 3 3 4 7.80819 0 3 7.80819 1
gene 2 2 11 4.54657 0 16 4.54657 1
gene 2 11 4 7.97987 0 17 7.97987 1
gene 2 3 11 4.72378 0 28 4.72378 1
gene 3 3 16 3.87311 0 34 3.87311 1
gene 3 16 4 0.26809 0 35 0.26809 1
gene 2 3 55 -0.972755 0 153 -0.972755 1
gene 2 55 11 -0.740696 0 154 -0.740696 1
gene 3 1 55 1.88086 0 172 1.88086 1
gene 2 16 55 -0.363399 0 358 -0.363399 1
genomeend 87

/* Organism #88 Fitness: 2.49511 Error: 2.42041 */
genomestart 88
trait 1 0.0505905 0 0.0686514 0 0 0.161046 0 0.138936 
trait 2 0.2 0 0 0.120777 0 0 0 0 
trait 3 0.3 0.230293 0 0 0 0 0.115864 0 
node 1 3 1 3
node 2 1 1 1
node 3 2 1 1
node 4 1 0 2
node 11 1 0 0
node 16 2 0 0
node 55 1 0 0
node 128 1 0 0
gene 3 1 4 -8 0 1 -8 1
gene 1 2 4 5.48688 0 2 5.48688 0
gene 3 3 4 6.31767 0 3 6.31767 1
gene 2 2 11 0.890454 0 16 0.890454 1
gene 2 11 4 8 0 17 8 1
gene 2 3 11 4.53961 0 28 4.53961 1
gene 3 3 16 7.68418 0 34 7.68418 1
gene 3 16 4 2.19594 0 35 2.19594 0
gene 2 3 55 0.0830332 0 153 0.0830332 1
gene 2 55 11 0.157769 0 154 0.157769 1
gene 3 1 55 1.55332 0 172 1.55332 1
gene 2 16 55 1.37669 0 358 1.37669 1
gene 1 2 128 -1.09296 0 389 -1.09296 1
gene 1 128 4 5.92184 0 390 5.92184 1
genomeend 88

/* Organism #89 Fitness: 8.9415 Error: 1.00977 */
genomestart 89
trait 1 0.0505905 0 0.0686514 0 0 0.161046 0 0.138936 
trait 2 0.2 0 0 0.120777 0 0 0 0 
trait 3 0.3 0.230293 0 0 0 0 0.115864 0 
node 1 3 1 3
node 2 1 1 1
node 3 2 1 1
node 4 1 0 2
node 11 1 0 0
node 16 2 0 0
node 55 1 0 0
gene 3 1 4 -6.95508 0 1 -6.95508 1
gene 1 2 4 6.61064 0 2 6.61064 0
gene 3 3 4 7.91882 0 3 7.91882 1
gene 2 2 11 2.90384 0 16 2.90384 1
gene 2 11 4 7.89735 0 17 7.89735 1
gene 2 3 11 4.01171 0 28 4.01171 1
gene 3 3 16 5.20868 0 34 5.20868 1
gene 3 16 4 0.116565 0 35 0.116565 0
gene 2 3 55 1.06741 0 153 1.06741 1
gene 2 55 11 -1.39688 0 154 -1.39688 1
gene 3 1 55 1.02298 0 172 1.02298 1
gene 2 16 55 -0.363399 0 358 -0.363399 1
genomeend 89

/* Organism #90 Fitness: 4.0019 Error: 1.99952 */
genomestart 90
trait 1 0.0505905 0 0.0686514 0 0 0.161046 0 0.138936 
trait 2 0.2 0 0 0.120777 0 0 0 0 
trait 3 0.3 0.230293 0 0 0 0 0.115864 0 
node 1 1 1 3
node 2 1 1 1
node 3 2 1 1
node 4 1 0 2
node 11 1 0 0
node 16 2 0 0
node 55 1 0 0
gene 3 1 4 -1.26331 0 1 -1.26331 1
gene 1 2 4 5.91459 0 2 5.91459 0
gene 3 3 4 8 0 3 8 1
gene 2 2 11 4.76318 0 16 4.76318 1
gene 2 11 4 5.35223 0 17 5.35223 1
gene 2 3 11 2.56849 0 28 2.56849 1
gene 3 3 16 0.391171 0 34 0.391171 1
gene 3 16 4 0.847423 0 35 0.847423 0
gene 2 3 55 -0.38123 0 153 -0.38123 1
gene 2 55 11 0.0214278 0 154 0.0214278 1
gene 3 1 55 1.629 0 172 1.629 1
gene 2 16 55 -0.363399 0 358 -0.363399 1
genomeend 90

/* Organism #91 Fitness: 6.34614 Error: 1.48084 */
genomestart 91
trait 1 0.0505905 0 0.0686514 0 0 0.161046 0 0.138936 
trait 2 0.2 0 0 0.120777 0 0 0 0 
trait 3 0.3 0.230293 0 0 0 0 0.115864 0.479232 
node 1 3 1 3
node 2 1 1 1
node 3 2 1 1
node 4 1 0 2
node 11 1 0 0
node 16 2 0 0
node 55 1 0 0
node 128 1 0 0
gene 3 1 4 -7.17039 0 1 -7.17039 1
gene 1 2 4 4.33999 0 2 4.33999 0
gene 3 3 4 6.18422 0 3 6.18422 1
gene 2 2 11 2.83425 0 16 2.83425 1
gene 2 11 4 8 0 17 8 1
gene 2 3 11 4.69372 0 28 4.69372 1
gene 3 3 16 5.54262 0 34 5.54262 1
gene 3 16 4 0.579608 0 35 0.579608 0
gene 2 3 55 1.68297 0 153 1.68297 1
gene 2 55 11 -2.20238 0 154 -2.20238 1
gene 3 1 55 -0.671636 0 172 -0.671636 1
gene 2 16 55 -0.672552 0 358 -0.672552 1
gene 1 2 128 1.84437 0 389 1.84437 1
gene 1 128 4 6.61064 0 390 6.61064 1
genomeend 91

/* Species #19 : (Size 8) (AF 5.30824) (Age 22)  */


/* Organism #92 Fitness: 8.99925 Error: 1.00013 */
genomestart 92
trait 1 0.1 0 0 0 0 0 0.0451912 0 
trait 2 0.4 0.179937 0 0 0.0743431 0.120937 0 0.0146069 
trait 3 0.3 0 0 0 0 0 0 0 
node 1 3 1 3
node 2 2 1 1
node 3 3 1 1
node 4 2 0 2
node 14 2 0 0
node 19 1 0 0
node 62 1 0 0
gene 2 1 4 2.51418 0 1 2.51418 1
gene 1 2 4 -5.33189 0 2 -5.33189 1
gene 3 3 4 -3.84751 0 3 -3.84751 1
gene 3 3 14 -5.61766 0 24 -5.61766 1
gene 3 14 4 8 0 25 8 1
gene 1 2 19 -1.73581 0 43 -1.73581 1
gene 1 19 4 0.471664 0 44 0.471664 1
gene 1 1 19 -3.15751 0 72 -3.15751 1
gene 3 2 14 1.01787 0 128 1.01787 1
gene 1 19 62 5.65827 0 175 5.65827 1
gene 1 62 4 3.26325 0 176 3.26325 1
gene 2 1 62 0.689871 0 188 0.689871 1
gene 3 19 14 -0.0373089 0 244 -0.0373089 1
gene 3 2 62 0.442976 0 283 0.442976 1
genomeend 92

/* Organism #93 Fitness: 1.3347 Error: 2.84471 */
genomestart 93
trait 1 0.1 0 0 0 0.0479293 0 0.0451912 0 
trait 2 0.4 0.179937 0 0 0.0743431 0.120937 0 0.0146069 
trait 3 0.3 0 0 0 0 0 0 0 
node 1 3 1 3
node 2 2 1 1
node 3 3 1 1
node 4 2 0 2
node 14 2 0 0
node 19 1 0 0
node 62 1 0 0
gene 2 1 4 -1.29255 0 1 -1.29255 1
gene 1 2 4 -4.30784 0 2 -4.30784 1
gene 3 3 4 -0.8376 0 3 -0.8376 0
gene 3 3 14 -5.47274 0 24 -5.47274 1
gene 3 14 4 3.28467 0 25 3.28467 1
gene 1 2 19 -0.405541 0 43 -0.405541 1
gene 1 19 4 -2.1148 0 44 -2.1148 1
gene 1 1 19 -2.8482 0 72 -2.8482 1
gene 3 2 14 1.5839 0 128 1.5839 1
gene 1 19 62 4.44165 0 175 4.44165 1
gene 1 62 4 1.3193 0 176 1.3193 1
gene 2 1 62 -1.78388 0 188 -1.78388 1
gene 3 19 14 -1.08352 0 244 -1.08352 1
gene 3 2 62 2.07923 0 283 2.07923 1
genomeend 93

/* Organism #94 Fitness: 4.0017 Error: 1.99958 */
genomestart 94
trait 1 0.1 0 0 0 0 0 0.0451912 0 
trait 2 0.4 0.179937 0 0 0.0743431 0.120937 0 0.0146069 
trait 3 0.3 0 0 0 0 0 0 0 
node 1 3 1 3
node 2 2 1 1
node 3 3 1 1
node 4 2 0 2
node 14 2 0 0
node 19 1 0 0
node 62 1 0 0
gene 2 1 4 -2.33863 0 1 -2.33863 1
gene 1 2 4 -5.92151 0 2 -5.92151 1
gene 3 3 4 -0.218284 0 3 -0.218284 1
gene 3 3 14 -3.2955 0 24 -3.2955 1
gene 3 14 4 7.90761 0 25 7.90761 1
gene 1 2 19 -3.03437 0 43 -3.03437 1
gene 1 19 4 2.67266 0 44 2.67266 1
gene 1 1 19 -2.09716 0 72 -2.09716 1
gene 3 2 14 1.41598 0 128 1.41598 1
gene 1 19 62 3.58415 0 175 3.58415 1
gene 1 62 4 3.20877 0 176 3.20877 1
gene 2 1 62 -0.164495 0 188 -0.164495 1
gene 3 19 14 -2.20817 0 244 -2.20817 1
gene 3 2 62 0.442976 0 283 0.442976 1
genomeend 94

/* Organism #95 Fitness: 1.05963 Error: 2.97062 */
genomestart 95
trait 1 0.1 0 0 0 0.0479293 0 0.0451912 0 
trait 2 0.4 0.179937 0 0 0.0743431 0.120937 0 0.0146069 
trait 3 0.3 0 0 0 0 0 0 0 
node 1 3 1 3
node 2 2 1 1
node 3 3 1 1
node 4 2 0 2
node 14 2 0 0
node 19 1 0 0
node 62 1 0 0
gene 2 1 4 -1.88567 0 1 -1.88567 1
gene 1 2 4 -4.9649 0 2 -4.9649 1
gene 3 3 4 -1.61513 0 3 -1.61513 0
gene 3 3 14 -2.7012 0 24 -2.7012 1
gene 3 14 4 3.30374 0 25 3.30374 1
gene 1 2 19 -1.61285 0 43 -1.61285 1
gene 1 19 4 -1.67327 0 44 -1.67327 1
gene 1 1 19 -0.839244 0 72 -0.839244 1
gene 3 2 14 2.35838 0 128 2.35838 1
gene 1 19 62 4.94246 0 175 4.94246 1
gene 1 62 4 1.12291 0 176 1.12291 1
gene 2 1 62 0.764718 0 188 0.764718 1
gene 3 19 14 1.09725 0 244 1.09725 1
gene 3 2 62 2.07923 0 283 2.07923 1
genomeend 95

/* Organism #96 Fitness: 8.89365 Error: 1.01778 */
genomestart 96
trait 1 0.1 0 0 0 0.0239647 0 0.0451912 0 
trait 2 0.4 0.179937 0 0 0.0743431 0.120937 0 0.0146069 
trait 3 0.3 0 0 0 0 0 0 0 
node 1 3 1 3
node 2 2 1 1
node 3 3 1 1
node 4 2 0 2
node 14 2 0 0
node 19 1 0 0
node 62 1 0 0
gene 2 1 4 0.767911 0 1 0.767911 1
gene 1 2 4 -4.84313 0 2 -4.84313 1
gene 3 3 4 -2.10505 0 3 -2.10505 0
gene 3 3 14 -3.93181 0 24 -3.93181 1
gene 3 14 4 8 0 25 8 1
gene 1 2 19 -1.56135 0 43 -1.56135 1
gene 1 19 4 0.845496 0 44 0.845496 1
gene 1 1 19 -5.16143 0 72 -5.16143 1
gene 3 2 14 2.70377 0 128 2.70377 1
gene 1 19 62 1.62387 0 175 1.62387 1
gene 1 62 4 5.09863 0 176 5.09863 1
gene 2 1 62 -0.950728 0 188 -0.950728 1
gene 3 19 14 -2.14923 0 244 -2.14923 1
gene 3 2 62 -2.40982 0 283 -2.40982 1
genomeend 96

/* Organism #97 Fitness: 8.99935 Error: 1.00011 */
genomestart 97
trait 1 0.1 0 0 0 0.0479293 0 0.0451912 0 
trait 2 0.4 0.179937 0 0 0.0743431 0.120937 0 0.0146069 
trait 3 1 0 0 0 0.193152 0 0.346782 0 
node 1 3 1 3
node 2 2 1 1
node 3 3 1 1
node 4 2 0 2
node 14 2 0 0
node 19 1 0 0
node 62 1 0 0
gene 2 1 4 1.69698 0 1 1.69698 1
gene 1 2 4 -5.54918 0 2 -5.54918 1
gene 3 3 4 -2.59318 0 3 -2.59318 0
gene 3 3 14 -3.96764 0 24 -3.96764 1
gene 3 14 4 5.31339 0 25 5.31339 1
gene 1 2 19 -2.66254 0 43 -2.66254 1
gene 1 19 4 -0.0520531 0 44 -0.0520531 1
gene 1 1 19 -2.94105 0 72 -2.94105 1
gene 3 2 14 1.75039 0 128 1.75039 1
gene 1 19 62 1.34249 0 175 1.34249 1
gene 1 62 4 1.98063 0 176 1.98063 1
gene 2 1 62 -0.374157 0 188 -0.374157 1
gene 3 19 14 -1.08352 0 244 -1.08352 1
gene 3 2 62 0.187155 0 283 0.187155 1
genomeend 97

/* Organism #98 Fitness: 5.17696 Error: 1.72471 */
genomestart 98
trait 1 0.1 0 0 0 0 0 0.0451912 0 
trait 2 0.4 0.179937 0 0 0.0743431 0.120937 0 0.0146069 
trait 3 0.3 0 0 0 0 0 0 0 
node 1 3 1 3
node 2 2 1 1
node 3 3 1 1
node 4 2 0 2
node 14 2 0 0
node 19 1 0 0
node 62 1 0 0
gene 2 1 4 1.12482 0 1 1.12482 1
gene 1 2 4 -4.58251 0 2 -4.58251 1
gene 3 3 4 -1.5738 0 3 -1.5738 1
gene 3 3 14 -4.94602 0 24 -4.94602 1
gene 3 14 4 8 0 25 8 1
gene 1 2 19 -0.915086 0 43 -0.915086 1
gene 1 19 4 1.56987 0 44 1.56987 1
gene 1 1 19 -0.950331 0 72 -0.950331 1
gene 3 2 14 1.10324 0 128 1.10324 1
gene 1 19 62 6.54514 0 175 6.54514 1
gene 1 62 4 3.06068 0 176 3.06068 1
gene 2 1 62 -0.562456 0 188 -0.562456 1
gene 3 19 14 0.629978 0 244 0.629978 1
gene 3 2 62 -1.66845 0 283 -1.66845 1
genomeend 98

/* Organism #99 Fitness: 4.00065 Error: 1.99984 */
genomestart 99
trait 1 0.1 0 0 0 0.0479293 0 0.0451912 0 
trait 2 0.4 0.179937 0 0 0.0743431 0.120937 0 0.0146069 
trait 3 0.3 0 0 0 0 0 0 0 
node 1 3 1 3
node 2 2 1 1
node 3 3 1 1
node 4 2 0 2
node 14 2 0 0
node 19 1 0 0
node 62 1 0 0
gene 2 1 4 0.418321 0 1 0.418321 1
gene 1 2 4 -4.63095 0 2 -4.63095 1
gene 3 3 4 -4.65333 0 3 -4.65333 0
gene 3 3 14 0.652104 0 24 0.652104 1
gene 3 14 4 2.54246 0 25 2.54246 1
gene 1 2 19 -1.13196 0 43 -1.13196 1
gene 1 19 4 -2.92087 0 44 -2.92087 1
gene 1 1 19 1.48404 0 72 1.48404 1
gene 3 2 14 2.91313 0 128 2.91313 1
gene 1 19 62 5.25291 0 175 5.25291 1
gene 1 62 4 0.977565 0 176 0.977565 1
gene 2 1 62 0.9991 0 188 0.9991 1
gene 3 19 14 1.25908 0 244 1.25908 1
gene 3 2 62 0.0132756 0 283 0.0132756 1
genomeend 99

/* Species #20 : (Size 8) (AF 6.89806) (Age 22)  */


/* Organism #100 Fitness: 9 Error: 1 */
genomestart 100
trait 1 0.178387 0.0982925 0 0 0.242576 0 0.0938063 0 
trait 2 0.6 0 0.0451979 0.0603885 0.448546 0.468078 0 0.0584277 
trait 3 0.15 0.430113 0.0779901 0.860202 0.12019 0.179968 0 0 
node 1 3 1 3
node 2 2 1 1
node 3 3 1 1
node 4 2 0 2
node 12 1 0 0
node 27 1 0 0
node 67 1 0 0
node 123 1 0 0
gene 2 1 4 -3.38202 0 1 -3.38202 1
gene 1 2 4 -8 0 2 -8 1
gene 2 3 4 8 0 3 8 1
gene 2 3 12 -3.2394 0 18 -3.2394 0
gene 2 12 4 1.34518 0 19 1.34518 1
gene 2 12 27 5.83805 0 62 5.83805 0
gene 2 27 4 -1.301 0 63 -1.301 1
gene 2 2 12 -1.06684 0 166 -1.06684 1
gene 2 3 67 -0.326701 0 190 -0.326701 0
gene 3 67 12 1.60504 0 191 1.60504 0
gene 2 12 123 1 0 370 0 1
gene 2 123 27 5.83805 0 371 0 1
genomeend 100

/* Organism #101 Fitness: 8.96599 Error: 1.00567 */
genomestart 101
trait 1 0.178387 0.0982925 0 0 0.242576 0 0.0938063 0 
trait 2 0.6 0 0.0451979 0.0603885 0.448546 0.468078 0 0.0584277 
trait 3 0.15 0.430113 0.0779901 0.860202 0.12019 0.179968 0 0 
node 1 3 1 3
node 2 2 1 1
node 3 3 1 1
node 4 2 0 2
node 12 1 0 0
node 27 1 0 0
node 67 1 0 0
node 123 1 0 0
gene 2 1 4 -1.72464 0 1 -1.72464 1
gene 1 2 4 -6.46019 0 2 -6.46019 1
gene 2 3 4 8 0 3 8 1
gene 2 3 12 -1.57271 0 18 -1.57271 0
gene 2 12 4 -0.976669 0 19 -0.976669 1
gene 2 12 27 7.40579 0 62 7.40579 0
gene 2 27 4 -0.91052 0 63 -0.91052 1
gene 2 2 12 -1.34998 0 166 -1.34998 1
gene 2 3 67 -1.72254 0 190 -1.72254 0
gene 3 67 12 3.01767 0 191 3.01767 0
gene 2 12 123 1.44047 0 370 1.44047 1
gene 2 123 27 1.17283 0 371 1.17283 1
genomeend 101

/* Organism #102 Fitness: 8.99699 Error: 1.0005 */
genomestart 102
trait 1 0.178387 0.0982925 0 0 0.242576 0 0.0938063 0 
trait 2 0.6 0 0.0451979 0.0603885 0.448546 0.468078 0 0.0584277 
trait 3 0.15 0.430113 0.0779901 0.860202 0.12019 0.179968 0 0 
node 1 3 1 3
node 2 2 1 1
node 3 2 1 1
node 4 2 0 2
node 12 1 0 0
node 27 1 0 0
node 67 1 0 0
node 123 1 0 0
gene 2 1 4 -1.50964 0 1 -1.50964 1
gene 1 2 4 -8 0 2 -8 1
gene 2 3 4 8 0 3 8 1
gene 2 3 12 -1.49069 0 18 -1.49069 0
gene 2 12 4 0.387585 0 19 0.387585 1
gene 2 12 27 8 0 62 8 0
gene 2 27 4 -0.294275 0 63 -0.294275 1
gene 2 2 12 -0.930273 0 166 -0.930273 1
gene 2 3 67 -1.92419 0 190 -1.92419 0
gene 3 67 12 3.27792 0 191 3.27792 0
gene 2 12 123 1 0 370 1 1
gene 2 123 27 4.60281 0 371 4.60281 1
genomeend 102

/* Organism #103 Fitness: 4.34823 Error: 1.91476 */
genomestart 103
trait 1 0.178387 0.0982925 0 0 0.242576 0 0.0938063 0 
trait 2 0.6 0 0.0451979 0.0603885 0.448546 0.468078 0 0.0584277 
trait 3 0.15 0.430113 0.0779901 0.860202 0.12019 0.179968 0 0 
node 1 3 1 3
node 2 2 1 1
node 3 3 1 1
node 4 2 0 2
node 12 1 0 0
node 27 1 0 0
node 67 1 0 0
node 123 1 0 0
gene 2 1 4 -5.56394 0 1 -5.56394 1
gene 1 2 4 -6.82282 0 2 -6.82282 1
gene 2 3 4 7.05507 0 3 7.05507 1
gene 2 3 12 -0.98088 0 18 -0.98088 0
gene 2 12 4 -0.855205 0 19 -0.855205 1
gene 2 12 27 4.36584 0 62 4.36584 0
gene 2 27 4 -1.54546 0 63 -1.54546 1
gene 2 2 12 -0.317232 0 166 -0.317232 1
gene 2 3 67 -1.39828 0 190 -1.39828 0
gene 3 67 12 2.43942 0 191 2.43942 0
gene 2 12 123 1 0 370 1 1
gene 3 123 27 7.66351 0 371 7.66351 1
genomeend 103

/* Organism #104 Fitness: 1.9217 Error: 2.61375 */
genomestart 104
trait 1 0.178387 0.0982925 0 0 0.242576 0 0.0938063 0 
trait 2 0.6 0 0.0451979 0.0603885 0.448546 0.468078 0 0.0584277 
trait 3 0.15 0.430113 0.0779901 0.860202 0.12019 0.179968 0 0 
node 1 3 1 3
node 2 2 1 1
node 3 3 1 1
node 4 2 0 2
node 12 1 0 0
node 27 1 0 0
node 67 1 0 0
node 123 1 0 0
gene 2 1 4 -2.35939 0 1 -2.35939 1
gene 1 2 4 -6.04109 0 2 -6.04109 1
gene 2 3 4 8 0 3 8 1
gene 2 3 12 1.91656 0 18 1.91656 0
gene 2 12 4 2.57828 0 19 2.57828 1
gene 2 12 27 8 0 62 8 0
gene 2 27 4 1.18229 0 63 1.18229 1
gene 2 2 12 -1.73299 0 166 -1.73299 1
gene 2 3 67 -1.62702 0 190 -1.62702 0
gene 3 67 12 2.19321 0 191 2.19321 0
gene 2 12 123 0.118931 0 370 0.118931 1
gene 3 123 27 5.49235 0 371 5.49235 1
genomeend 104

/* Organism #105 Fitness: 4 Error: 2 */
genomestart 105
trait 1 0.178387 0.0982925 0 0 0.242576 0 0.0938063 0 
trait 2 0.6 0 0.0451979 0.0603885 0.448546 0.468078 0 0.0584277 
trait 3 0.15 0.430113 0.0779901 0.860202 0.12019 0.179968 0 0 
node 1 3 1 3
node 2 2 1 1
node 3 3 1 1
node 4 2 0 2
node 12 1 0 0
node 27 1 0 0
node 67 1 0 0
node 123 1 0 0
gene 2 1 4 -5.40952 0 1 -5.40952 1
gene 1 2 4 -7.18661 0 2 -7.18661 1
gene 2 3 4 -0.266655 0 3 -0.266655 1
gene 2 3 12 -5.22921 0 18 -5.22921 0
gene 2 12 4 -0.876568 0 19 -0.876568 1
gene 2 12 27 0.866268 0 62 0.866268 0
gene 2 27 4 -0.213858 0 63 -0.213858 1
gene 2 2 12 0.748924 0 166 0.748924 1
gene 2 3 67 1.30894 0 190 1.30894 1
gene 3 67 12 2.55036 0 191 2.55036 0
gene 2 12 123 2.01558 0 370 2.01558 1
gene 2 123 27 5.30466 0 371 5.30466 1
genomeend 105

/* Organism #106 Fitness: 8.95161 Error: 1.00808 */
genomestart 106
trait 1 0.178387 0.0982925 0 0 0.242576 0 0.0938063 0 
trait 2 0.6 0 0.0451979 0.0603885 0.448546 0.468078 0 0.0584277 
trait 3 0.15 0.430113 0.0779901 0.860202 0.12019 0.179968 0 0 
node 1 3 1 3
node 2 2 1 1
node 3 3 1 1
node 4 2 0 2
node 12 1 0 0
node 27 1 0 0
node 67 1 0 0
node 123 1 0 0
gene 2 1 4 -2.53788 0 1 -2.53788 1
gene 1 2 4 -8 0 2 -8 1
gene 2 3 4 7.93797 0 3 7.93797 1
gene 2 3 12 -5.48595 0 18 -5.48595 0
gene 2 12 4 2.84539 0 19 2.84539 1
gene 2 12 27 7.4698 0 62 7.4698 0
gene 2 27 4 0.138096 0 63 0.138096 1
gene 2 2 12 -1.2453 0 166 -1.2453 1
gene 2 3 67 1.48122 0 190 1.48122 0
gene 3 67 12 -0.853069 0 191 -0.853069 0
gene 2 12 123 1.62441 0 370 1.62441 1
gene 3 123 27 5.83805 0 371 5.83805 1
genomeend 106

/* Organism #107 Fitness: 8.99995 Error: 1.00001 */
genomestart 107
trait 1 0.178387 0.0982925 0 0 0.242576 0 0.0938063 0 
trait 2 0.6 0 0.0451979 0.0603885 0.448546 0.468078 0 0.0584277 
trait 3 0.15 0.430113 0.0779901 0.860202 0.12019 0.179968 0 0 
node 1 3 1 3
node 2 2 1 1
node 3 3 1 1
node 4 2 0 2
node 12 1 0 0
node 27 1 0 0
node 67 1 0 0
node 123 1 0 0
gene 2 1 4 -3.48853 0 1 -3.48853 1
gene 1 2 4 -8 0 2 -8 1
gene 2 3 4 7.39886 0 3 7.39886 1
gene 2 3 12 -3.30494 0 18 -3.30494 0
gene 2 12 4 2.49809 0 19 2.49809 1
gene 2 12 27 7.36848 0 62 7.36848 0
gene 2 27 4 -0.131916 0 63 -0.131916 1
gene 2 2 12 -2.17169 0 166 -2.17169 1
gene 2 3 67 -2.13309 0 190 -2.13309 0
gene 3 67 12 0.998108 0 191 0.998108 0
gene 2 12 123 1 0 370 1 1
gene 2 123 27 5.83805 0 371 5.83805 1
genomeend 107

/* Species #21 : (Size 6) (AF 8.14588) (Age 21)  */


/* Organism #108 Fitness: 9.52223 Error: 0.914189 */
genomestart 108
trait 1 0.1 0 0 0 0 0 0 0 
trait 2 0 0 0 0 0.743889 0.120937 0 0.0292138 
trait 3 0.135627 0.339579 0 0 0.903928 0 0 0 
node 1 3 1 3
node 2 2 1 1
node 3 3 1 1
node 4 2 0 2
node 14 3 0 0
node 19 1 0 0
node 68 1 0 0
gene 2 1 4 -2.39006 0 1 -2.39006 1
gene 1 2 4 -8 0 2 -8 1
gene 1 3 4 4.1158 0 3 4.1158 1
gene 3 3 14 0.340529 0 24 0.340529 1
gene 3 14 4 4.0976 0 25 4.0976 1
gene 2 2 19 6.69046 0 43 6.69046 1
gene 2 19 4 8 0 44 8 1
gene 1 3 19 -5.13309 0 73 -5.13309 1
gene 2 1 19 -3.07234 0 78 -3.07234 1
gene 2 2 68 -0.0598544 0 196 -0.0598544 1
gene 1 68 4 -4.64515 0 197 -4.64515 1
gene 2 2 14 0.597568 0 296 0.597568 1
genomeend 108

/* Organism #109 Fitness: 4.00006 Error: 1.99998 */
genomestart 109
trait 1 0.1 0 0 0 0 0 0 0 
trait 2 0 0 0 0 0.743889 0.120937 0 0.0292138 
trait 3 0.135627 0.339579 0 0 0.903928 0 0 0 
node 1 3 1 3
node 2 2 1 1
node 3 3 1 1
node 4 2 0 2
node 14 3 0 0
node 19 1 0 0
node 68 1 0 0
gene 2 1 4 -3.90652 0 1 -3.90652 1
gene 1 2 4 -5.74102 0 2 -5.74102 1
gene 1 3 4 5.14702 0 3 5.14702 1
gene 3 3 14 -1.01846 0 24 -1.01846 1
gene 3 14 4 2.7908 0 25 2.7908 1
gene 2 2 19 6.27876 0 43 6.27876 1
gene 2 19 4 8 0 44 8 1
gene 1 3 19 -7.02867 0 73 -7.02867 1
gene 2 1 19 -5.12547 0 78 -5.12547 1
gene 2 2 68 1.29463 0 196 1.29463 1
gene 1 68 4 -7.02002 0 197 -7.02002 1
gene 2 2 14 3.07231 0 296 3.07231 1
genomeend 109

/* Organism #110 Fitness: 15.7956 Error: 0.0256286 */
/* ##------$ WINNER 110 SPECIES #21 $------## */
genomestart 110
trait 1 0.1 0 0 0 0 0 0 0 
trait 2 0 0 0 0 0.743889 0.120937 0 0.0292138 
trait 3 0.135627 0.339579 0 0 0.903928 0 0 0 
node 1 3 1 3
node 2 2 1 1
node 3 3 1 1
node 4 2 0 2
node 14 3 0 0
node 19 1 0 0
node 68 1 0 0
gene 2 1 4 -2.91497 0 1 -2.91497 1
gene 1 2 4 -7.95064 0 2 -7.95064 1
gene 1 3 4 6.47595 0 3 6.47595 1
gene 3 3 14 -1.64935 0 24 -1.64935 1
gene 3 14 4 6.5345 0 25 6.5345 1
gene 2 2 19 5.07862 0 43 5.07862 1
gene 2 19 4 8 0 44 8 1
gene 1 3 19 -5.61246 0 73 -5.61246 1
gene 2 1 19 -1.04064 0 78 -1.04064 1
gene 2 2 68 -1.8049 0 196 -1.8049 1
gene 1 68 4 -2.27691 0 197 -2.27691 1
gene 2 2 14 0.597568 0 296 0.597568 1
genomeend 110

/* Organism #111 Fitness: 8.60487 Error: 1.06659 */
genomestart 111
trait 1 0.1 0 0 0 0 0 0 0 
trait 2 0 0 0 0 0.743889 0.120937 0 0.0292138 
trait 3 0.135627 0.339579 0 0 0.903928 0 0 0 
node 1 3 1 3
node 2 2 1 1
node 3 3 1 1
node 4 2 0 2
node 14 3 0 0
node 19 1 0 0
node 68 1 0 0
gene 2 1 4 -2.26325 0 1 -2.26325 1
gene 1 2 4 -8 0 2 -8 1
gene 1 3 4 5.28977 0 3 5.28977 1
gene 3 3 14 0.0114635 0 24 0.0114635 1
gene 3 14 4 3.28268 0 25 3.28268 1
gene 2 2 19 6.78339 0 43 6.78339 1
gene 2 19 4 6.71242 0 44 6.71242 1
gene 1 3 19 -3.50264 0 73 -3.50264 1
gene 2 1 19 -2.90555 0 78 -2.90555 1
gene 2 2 68 0.680754 0 196 0.680754 1
gene 1 68 4 -4.64515 0 197 -4.64515 1
gene 2 2 14 0.597568 0 296 0.597568 1
genomeend 111

/* Organism #112 Fitness: 4 Error: 2 */
genomestart 112
trait 1 0.1 0 0 0 0 0 0 0 
trait 2 0 0 0 0 0.743889 0.120937 0 0.0292138 
trait 3 0.135627 0.339579 0 0 0.903928 0 0 0 
node 1 3 1 3
node 2 2 1 1
node 3 3 1 1
node 4 2 0 2
node 14 3 0 0
node 19 1 0 0
node 68 1 0 0
gene 2 1 4 -3.23641 0 1 -3.23641 1
gene 1 2 4 -8 0 2 -8 1
gene 1 3 4 3.03896 0 3 3.03896 1
gene 3 3 14 -1.10139 0 24 -1.10139 1
gene 3 14 4 3.35684 0 25 3.35684 1
gene 1 2 19 3.75771 0 43 3.75771 1
gene 2 19 4 2.95364 0 44 2.95364 1
gene 1 3 19 -7.81414 0 73 -7.81414 1
gene 2 1 19 -1.66025 0 78 -1.66025 1
gene 2 2 68 0.143933 0 196 0.143933 1
gene 1 68 4 -5.421 0 197 -5.421 1
gene 2 2 14 -1.61525 0 296 -1.61525 1
genomeend 112

/* Organism #113 Fitness: 6.95249 Error: 1.36324 */
genomestart 113
trait 1 0.1 0 0 0 0 0 0 0 
trait 2 0 0 0 0 0.743889 0.120937 0 0.0292138 
trait 3 0.135627 0.339579 0 0 0.903928 0 0 0 
node 1 3 1 3
node 2 2 1 1
node 3 3 1 1
node 4 2 0 2
node 14 3 0 0
node 19 1 0 0
node 68 1 0 0
gene 2 1 4 -1.7645 0 1 -1.7645 1
gene 1 2 4 -1.45665 0 2 -1.45665 1
gene 1 3 4 2.34634 0 3 2.34634 1
gene 3 3 14 -0.150285 0 24 -0.150285 1
gene 3 14 4 4.50212 0 25 4.50212 1
gene 1 2 19 1.89074 0 43 1.89074 1
gene 2 19 4 6.18624 0 44 6.18624 1
gene 1 3 19 -5.64954 0 73 -5.64954 1
gene 2 1 19 -4.49717 0 78 -4.49717 1
gene 2 2 68 -2.12817 0 196 -2.12817 1
gene 1 68 4 -3.8393 0 197 -3.8393 1
gene 2 2 14 2.54961 0 296 2.54961 1
genomeend 113

/* Species #23 : (Size 9) (AF 6.58443) (Age 15)  */


/* Organism #114 Fitness: 9 Error: 1 */
genomestart 114
trait 1 0.283283 0 0 0 0.0281152 0 0.182463 0 
trait 2 0 0 0 0 0 0 0 0 
trait 3 0.3 0.558428 0 0.216491 0.636979 0 0 0 
node 1 1 1 3
node 2 1 1 1
node 3 1 1 1
node 4 1 0 2
node 9 1 0 0
node 89 1 0 0
gene 3 1 4 -0.509026 0 1 -0.509026 1
gene 2 2 4 5.77799 0 2 5.77799 1
gene 3 3 4 -3.70539 0 3 -3.70539 1
gene 2 3 9 -0.128323 0 12 -0.128323 0
gene 2 9 4 -7.07702 0 13 -7.07702 1
gene 2 2 9 -0.763588 0 31 -0.763588 1
gene 3 1 9 -1.14618 0 245 -1.14618 1
gene 2 3 89 2.14423 0 252 2.14423 1
gene 2 89 9 3.34667 0 253 3.34667 1
gene 2 2 89 -1.87757 0 300 -1.87757 1
genomeend 114

/* Organism #115 Fitness: 9 Error: 1 */
genomestart 115
trait 1 0.283283 0 0 0 0.0281152 0 0.182463 0 
trait 2 0 0 0 0 0 0 0 0 
trait 3 0.3 0.418821 0 0.216491 0.636979 0 0 0 
node 1 1 1 3
node 2 1 1 1
node 3 1 1 1
node 4 1 0 2
node 9 1 0 0
node 89 1 0 0
gene 3 1 4 1.3877 0 1 1.3877 1
gene 2 2 4 4.83985 0 2 4.83985 1
gene 1 3 4 -1.68354 0 3 -1.68354 1
gene 2 3 9 -2.11668 0 12 -2.11668 0
gene 2 9 4 -7.83137 0 13 -7.83137 1
gene 2 2 9 -1.67495 0 31 -1.67495 1
gene 3 1 9 0.323443 0 245 0.323443 1
gene 2 3 89 4.53299 0 252 4.53299 1
gene 2 89 9 3.63133 0 253 3.63133 1
gene 2 2 89 -3.25037 0 300 -3.25037 1
genomeend 115

/* Organism #116 Fitness: 7.1268 Error: 1.33039 */
genomestart 116
trait 1 0.283283 0 0 0 0.0281152 0 0.182463 0 
trait 2 0 0 0 0 0 0 0 0 
trait 3 0.3 0.558428 0 0.216491 0.636979 0 0 0 
node 1 1 1 3
node 2 1 1 1
node 3 3 1 1
node 4 1 0 2
node 9 1 0 0
node 89 1 0 0
gene 3 1 4 -1.73457 0 1 -1.73457 1
gene 2 2 4 5.29633 0 2 5.29633 1
gene 3 3 4 -3.70539 0 3 -3.70539 1
gene 2 3 9 1.33283 0 12 1.33283 0
gene 2 9 4 -8 0 13 -8 1
gene 2 2 9 -1.19617 0 31 -1.19617 1
gene 3 1 9 -2.44543 0 245 -2.44543 1
gene 2 3 89 -0.895108 0 252 -0.895108 1
gene 2 89 9 1.52349 0 253 1.52349 1
gene 2 2 89 -1.40996 0 300 -1.40996 1
genomeend 116

/* Organism #117 Fitness: 4 Error: 2 */
genomestart 117
trait 1 0.283283 0 0 0 0.0281152 0 0.182463 0 
trait 2 0 0 0 0 0 0 0 0 
trait 3 0.3 0.418821 0 0.216491 0.636979 0 0 0 
node 1 1 1 3
node 2 1 1 1
node 3 1 1 1
node 4 1 0 2
node 9 1 0 0
node 89 1 0 0
gene 3 1 4 0.0488525 0 1 0.0488525 1
gene 2 2 4 -1.77839 0 2 -1.77839 1
gene 3 3 4 -5.95812 0 3 -5.95812 1
gene 2 3 9 1.28865 0 12 1.28865 0
gene 2 9 4 -7.47811 0 13 -7.47811 1
gene 2 2 9 2.3075 0 31 2.3075 1
gene 3 1 9 0.231788 0 245 0.231788 1
gene 2 3 89 0.729987 0 252 0.729987 1
gene 2 89 9 0.76175 0 253 0.76175 1
gene 2 2 89 -0.681539 0 300 -0.681539 1
genomeend 117

/* Organism #118 Fitness: 8.99973 Error: 1.00005 */
genomestart 118
trait 1 0.283283 0 0 0 0.0281152 0 0.182463 0 
trait 2 0 0 0 0 0 0 0 0 
trait 3 0.3 0.279214 0 0.216491 0.636979 0 0 0 
node 1 1 1 3
node 2 1 1 1
node 3 1 1 1
node 4 1 0 2
node 9 1 0 0
node 89 1 0 0
gene 3 1 4 0.772065 0 1 0.772065 1
gene 2 2 4 3.87059 0 2 3.87059 1
gene 3 3 4 -5.06949 0 3 -5.06949 1
gene 2 3 9 2.1981 0 12 2.1981 0
gene 2 9 4 -6.73835 0 13 -6.73835 1
gene 1 2 9 -2.28951 0 31 -2.28951 1
gene 3 1 9 1.80138 0 245 1.80138 1
gene 2 3 89 2.80784 0 252 2.80784 1
gene 2 89 9 0.258805 0 253 0.258805 1
gene 2 2 89 -2.07631 0 300 -2.07631 1
genomeend 118

/* Organism #119 Fitness: 4 Error: 2 */
genomestart 119
trait 1 0.283283 0 0 0 0.0281152 0 0.182463 0 
trait 2 0 0 0 0 0 0 0 0 
trait 3 0.3 0.418821 0 0.216491 0.636979 0 0 0 
node 1 1 1 3
node 2 1 1 1
node 3 1 1 1
node 4 1 0 2
node 9 1 0 0
node 89 1 0 0
gene 3 1 4 -2.1455 0 1 -2.1455 1
gene 2 2 4 4.53269 0 2 4.53269 1
gene 3 3 4 -5.71397 0 3 -5.71397 1
gene 2 3 9 -0.505921 0 12 -0.505921 0
gene 2 9 4 -6.64092 0 13 -6.64092 1
gene 2 2 9 0.0782647 0 31 0.0782647 1
gene 3 1 9 -0.182249 0 245 -0.182249 1
gene 2 3 89 0.842219 0 252 0.842219 1
gene 2 89 9 1.72354 0 253 1.72354 1
gene 2 2 89 1.24143 0 300 1.24143 1
genomeend 119

/* Organism #120 Fitness: 3.65055 Error: 2.08936 */
genomestart 120
trait 1 0.283283 0 0 0 0.0281152 0 0.182463 0 
trait 2 0 0 0 0 0 0 0 0 
trait 3 0.3 0.279214 0 0.216491 0.636979 0 0 0 
node 1 1 1 3
node 2 1 1 1
node 3 1 1 1
node 4 1 0 2
node 9 1 0 0
node 89 1 0 0
gene 3 1 4 -0.509026 0 1 -0.509026 1
gene 2 2 4 5.77799 0 2 5.77799 1
gene 3 3 4 -3.18154 0 3 -3.18154 1
gene 2 3 9 0.349902 0 12 0.349902 0
gene 2 9 4 0.0383007 0 13 0.0383007 1
gene 1 2 9 -1.75124 0 31 -1.75124 1
gene 3 1 9 0.10371 0 245 0.10371 1
gene 2 3 89 -0.468078 0 252 -0.468078 1
gene 2 89 9 1.45666 0 253 1.45666 1
gene 2 2 89 -0.222083 0 300 -0.222083 1
genomeend 120

/* Organism #121 Fitness: 9 Error: 1 */
genomestart 121
trait 1 0.283283 0 0 0 0.0281152 0 0.182463 0 
trait 2 0 0 0 0 0 0 0 0 
trait 3 0.3 0.558428 0 0.216491 0.636979 0 0 0 
node 1 1 1 3
node 2 1 1 1
node 3 1 1 1
node 4 1 0 2
node 9 1 0 0
node 89 1 0 0
gene 3 1 4 0.150479 0 1 0.150479 1
gene 2 2 4 4.07918 0 2 4.07918 1
gene 3 3 4 -4.03789 0 3 -4.03789 1
gene 2 3 9 -0.761353 0 12 -0.761353 0
gene 2 9 4 -6.75383 0 13 -6.75383 1
gene 2 2 9 0.55855 0 31 0.55855 1
gene 3 1 9 -0.928198 0 245 -0.928198 1
gene 2 3 89 2.45239 0 252 2.45239 1
gene 2 89 9 2.74927 0 253 2.74927 1
gene 2 2 89 -2.05145 0 300 -2.05145 1
genomeend 121

/* Organism #122 Fitness: 4.48279 Error: 1.88274 */
genomestart 122
trait 1 0.283283 0 0 0 0.0281152 0 0.182463 0 
trait 2 0 0 0 0 0 0 0 0 
trait 3 0.3 0.279214 0 0.216491 0.636979 0 0 0 
node 1 1 1 3
node 2 1 1 1
node 3 1 1 1
node 4 1 0 2
node 9 1 0 0
node 89 1 0 0
gene 3 1 4 -1.90288 0 1 -1.90288 1
gene 2 2 4 7.33367 0 2 7.33367 1
gene 3 3 4 -5.00083 0 3 -5.00083 1
gene 2 3 9 -0.863437 0 12 -0.863437 0
gene 2 9 4 -8 0 13 -8 1
gene 1 2 9 -2.58089 0 31 -2.58089 1
gene 3 1 9 -0.656049 0 245 -0.656049 1
gene 2 3 89 2.97157 0 252 2.97157 1
gene 2 89 9 2.0211 0 253 2.0211 1
gene 2 2 89 -0.887692 0 300 -0.887692 1
genomeend 122

/* Species #24 : (Size 10) (AF 8.27363) (Age 14)  */


/* Organism #123 Fitness: 9 Error: 1 */
genomestart 123
trait 1 0.370852 0 0.0384838 0 0 0.188391 0 0 
trait 2 0.2 0 0 0.120777 0 0 0 0 
trait 3 0.3 0 0 0 0 0 0 0 
node 1 3 1 3
node 2 1 1 1
node 3 2 1 1
node 4 1 0 2
node 11 1 0 0
node 16 1 0 0
node 90 1 0 0
gene 3 1 4 -2.78679 0 1 -2.78679 1
gene 2 2 4 7.68558 0 2 7.68558 1
gene 3 3 4 8 0 3 8 1
gene 2 2 11 -3.66513 0 16 -3.66513 1
gene 2 11 4 -4.20785 0 17 -4.20785 1
gene 2 3 11 -3.73132 0 28 -3.73132 1
gene 3 3 16 0.816522 0 34 0.816522 1
gene 3 16 4 0.81006 0 35 0.81006 1
gene 1 1 16 6.75802 0 99 6.75802 1
gene 2 11 16 -2.17135 0 118 -2.17135 1
gene 2 3 90 3.76044 0 256 3.76044 1
gene 2 90 11 1.42987 0 257 1.42987 1
gene 1 2 16 -1.12857 0 268 -1.12857 1
gene 1 1 11 0.128727 0 393 0.128727 1
genomeend 123

/* Organism #124 Fitness: 7.83979 Error: 1.20004 */
genomestart 124
trait 1 0.506278 0 0.0577258 0 0 0.282586 0 0 
trait 2 0.2 0 0 0.120777 0 0 0 0 
trait 3 0.3 0 0 0 0 0 0 0 
node 1 3 1 3
node 2 1 1 1
node 3 2 1 1
node 4 1 0 2
node 11 1 0 0
node 16 1 0 0
node 90 1 0 0
gene 3 1 4 -5.2008 0 1 -5.2008 1
gene 2 2 4 8 0 2 8 1
gene 3 3 4 7.74822 0 3 7.74822 1
gene 2 2 11 -1.32664 0 16 -1.32664 1
gene 2 11 4 -2.6606 0 17 -2.6606 1
gene 3 3 11 -3.48683 0 28 -3.48683 1
gene 3 3 16 1.20571 0 34 1.20571 1
gene 3 16 4 -0.0922956 0 35 -0.0922956 1
gene 1 1 16 5.38026 0 99 5.38026 1
gene 2 11 16 -3.27506 0 118 -3.27506 1
gene 2 3 90 0.166784 0 256 0.166784 1
gene 2 90 11 2.75941 0 257 2.75941 1
gene 1 2 16 0.678121 0 268 0.678121 1
gene 1 1 11 0.420789 0 393 0.420789 1
genomeend 124

/* Organism #125 Fitness: 9 Error: 1 */
genomestart 125
trait 1 0.506278 0 0.0577258 0 0 0.282586 0 0 
trait 2 0.2 0 0 0.120777 0 0 0 0 
trait 3 0.3 0 0 0 0 0 0 0 
node 1 3 1 3
node 2 1 1 1
node 3 2 1 1
node 4 1 0 2
node 11 1 0 0
node 16 1 0 0
node 90 1 0 0
gene 3 1 4 -2.78679 0 1 -2.78679 1
gene 2 2 4 7.68558 0 2 7.68558 1
gene 3 3 4 8 0 3 8 1
gene 2 2 11 -2.68048 0 16 -2.68048 1
gene 2 11 4 -4.75211 0 17 -4.75211 1
gene 3 3 11 -4.30786 0 28 -4.30786 1
gene 3 3 16 1.14448 0 34 1.14448 1
gene 3 16 4 1.15839 0 35 1.15839 1
gene 1 1 16 6.75802 0 99 6.75802 1
gene 2 11 16 -2.17135 0 118 -2.17135 1
gene 2 3 90 4.0134 0 256 4.0134 1
gene 2 90 11 1.42987 0 257 1.42987 1
gene 1 2 16 -0.815455 0 268 -0.815455 1
gene 1 1 11 0.128727 0 393 0.128727 1
genomeend 125

/* Organism #126 Fitness: 8.99842 Error: 1.00026 */
genomestart 126
trait 1 0.506278 0 0.0577258 0 0 0.282586 0 0 
trait 2 0.2 0 0 0.120777 0 0 0 0 
trait 3 0.3 0 0 0 0 0 0 0 
node 1 3 1 3
node 2 1 1 1
node 3 2 1 1
node 4 1 0 2
node 11 2 0 0
node 16 1 0 0
node 90 1 0 0
gene 3 1 4 -3.14954 0 1 -3.14954 1
gene 2 2 4 7.29071 0 2 7.29071 1
gene 3 3 4 8 0 3 8 1
gene 2 2 11 -2.79491 0 16 -2.79491 1
gene 2 11 4 -3.64599 0 17 -3.64599 1
gene 2 3 11 -6.04876 0 28 -6.04876 1
gene 3 3 16 0.255535 0 34 0.255535 1
gene 3 16 4 1.65739 0 35 1.65739 1
gene 1 1 16 5.42917 0 99 5.42917 1
gene 2 11 16 -4.96015 0 118 -4.96015 1
gene 2 3 90 1.84858 0 256 1.84858 1
gene 2 90 11 1.79281 0 257 1.79281 1
gene 1 2 16 -2.48985 0 268 -2.48985 1
gene 1 1 11 2.07497 0 393 2.07497 1
genomeend 126

/* Organism #127 Fitness: 9 Error: 1 */
genomestart 127
trait 1 0.506278 0 0.0577258 0 0 0.282586 0 0 
trait 2 0.2 0 0 0.120777 0 0 0 0 
trait 3 0.3 0 0 0 0 0 0 0 
node 1 3 1 3
node 2 1 1 1
node 3 2 1 1
node 4 1 0 2
node 11 1 0 0
node 16 1 0 0
node 90 1 0 0
gene 3 1 4 -2.86015 0 1 -2.86015 1
gene 2 2 4 7.52837 0 2 7.52837 1
gene 3 3 4 8 0 3 8 1
gene 2 2 11 -3.17281 0 16 -3.17281 1
gene 2 11 4 -4.47998 0 17 -4.47998 1
gene 2 3 11 -4.01959 0 28 -4.01959 1
gene 3 3 16 0.980502 0 34 0.980502 1
gene 3 16 4 0.984226 0 35 0.984226 1
gene 1 1 16 7.26592 0 99 7.26592 1
gene 2 11 16 -2.76198 0 118 -2.76198 1
gene 2 3 90 3.88692 0 256 3.88692 1
gene 2 90 11 1.42987 0 257 1.42987 1
gene 1 2 16 -0.972015 0 268 -0.972015 1
gene 1 1 11 0.128727 0 393 0.128727 1
genomeend 127

/* Organism #128 Fitness: 8.99853 Error: 1.00025 */
genomestart 128
trait 1 0.641704 0 0.0769677 0 0 0.376782 0 0 
trait 2 0.2 0.357433 0.492111 0.120777 0.0663472 0.853908 0 0 
trait 3 0.3 0 0 0 0 0 0 0 
node 1 3 1 3
node 2 1 1 1
node 3 2 1 1
node 4 1 0 2
node 11 1 0 0
node 16 1 0 0
node 90 1 0 0
gene 3 1 4 -2.23845 0 1 -2.23845 1
gene 2 2 4 7.37117 0 2 7.37117 1
gene 3 3 4 7.44121 0 3 7.44121 1
gene 2 2 11 -4.66411 0 16 -4.66411 1
gene 2 11 4 -4.75211 0 17 -4.75211 1
gene 3 3 11 -4.30786 0 28 -4.30786 1
gene 3 3 16 1.98038 0 34 1.98038 1
gene 3 16 4 1.00496 0 35 1.00496 1
gene 1 1 16 8 0 99 8 1
gene 2 11 16 -3.24084 0 118 -3.24084 1
gene 2 3 90 1.61914 0 256 1.61914 1
gene 2 90 11 -0.912503 0 257 -0.912503 1
gene 1 2 16 0.943022 0 268 0.943022 1
genomeend 128

/* Organism #129 Fitness: 9 Error: 1 */
genomestart 129
trait 1 0.370852 0 0.0384838 0 0 0.188391 0 0 
trait 2 0.2 0 0 0.120777 0 0 0 0 
trait 3 0.3 0 0 0 0 0 0 0 
node 1 3 1 3
node 2 1 1 1
node 3 2 1 1
node 4 1 0 2
node 11 1 0 0
node 16 1 0 0
node 90 1 0 0
gene 3 1 4 -2.78679 0 1 -2.78679 1
gene 2 2 4 8 0 2 8 1
gene 3 3 4 8 0 3 8 1
gene 2 2 11 -3.66513 0 16 -3.66513 1
gene 2 11 4 -5.65161 0 17 -5.65161 1
gene 2 3 11 -1.8936 0 28 -1.8936 1
gene 3 3 16 0.0472274 0 34 0.0472274 1
gene 3 16 4 -1.19447 0 35 -1.19447 1
gene 1 1 16 8 0 99 8 1
gene 2 11 16 -2.29949 0 118 -2.29949 1
gene 2 3 90 4.70308 0 256 4.70308 1
gene 2 90 11 -0.995819 0 257 -0.995819 1
gene 1 2 16 2.2103 0 268 2.2103 1
gene 1 1 11 -1.04173 0 393 -1.04173 1
genomeend 129

/* Organism #130 Fitness: 7.87908 Error: 1.19303 */
genomestart 130
trait 1 0.641704 0 0.0769677 0 0 0.376782 0 0 
trait 2 0.2 0 0 0.120777 0 0 0 0 
trait 3 0.3 0 0 0 0 0 0 0 
node 1 3 1 3
node 2 1 1 1
node 3 2 1 1
node 4 1 0 2
node 11 1 0 0
node 16 1 0 0
node 90 1 0 0
gene 3 1 4 -2.93351 0 1 -2.93351 1
gene 2 2 4 0.835749 0 2 0.835749 1
gene 3 3 4 7.81475 0 3 7.81475 1
gene 2 2 11 -2.65378 0 16 -2.65378 1
gene 2 11 4 -4.75211 0 17 -4.75211 1
gene 3 3 11 2.11646 0 28 2.11646 1
gene 3 3 16 -0.0458925 0 34 -0.0458925 1
gene 3 16 4 2.40265 0 35 2.40265 1
gene 1 1 16 5.32098 0 99 5.32098 1
gene 2 11 16 2.16842 0 118 2.16842 1
gene 2 3 90 1.65424 0 256 1.65424 1
gene 2 90 11 -0.98468 0 257 -0.98468 1
gene 1 2 16 -1.83035 0 268 -1.83035 1
genomeend 130

/* Organism #131 Fitness: 4.02069 Error: 1.99483 */
genomestart 131
trait 1 0.641704 0 0.0769677 0 0 0.376782 0 0 
trait 2 0.2 0 0 0.120777 0 0 0 0 
trait 3 0.3 0 0 0 0 0 0 0 
node 1 3 1 3
node 2 1 1 1
node 3 2 1 1
node 4 1 0 2
node 11 1 0 0
node 16 1 0 0
node 90 1 0 0
gene 3 1 4 -4.68222 0 1 -4.68222 1
gene 2 2 4 -1.55118 0 2 -1.55118 1
gene 3 3 4 6.23771 0 3 6.23771 1
gene 2 2 11 -1.96269 0 16 -1.96269 1
gene 2 11 4 -4.75211 0 17 -4.75211 1
gene 3 3 11 -4.30786 0 28 -4.30786 1
gene 3 3 16 -0.689184 0 34 -0.689184 1
gene 3 16 4 1.06386 0 35 1.06386 1
gene 1 1 16 7.67106 0 99 7.67106 1
gene 2 11 16 -2.2972 0 118 -2.2972 1
gene 2 3 90 5.91691 0 256 5.91691 1
gene 2 90 11 2.69417 0 257 2.69417 1
gene 1 2 16 -0.815455 0 268 -0.815455 1
genomeend 131

/* Organism #132 Fitness: 8.99983 Error: 1.00003 */
genomestart 132
trait 1 0.370852 0 0.0384838 0 0 0.188391 0 0 
trait 2 0.2 0 0 0.120777 0 0 0 0 
trait 3 0.3 0 0 0 0 0 0 0 
node 1 3 1 3
node 2 1 1 1
node 3 2 1 1
node 4 1 0 2
node 11 1 0 0
node 16 1 0 0
node 90 1 0 0
gene 3 1 4 -5.03036 0 1 -5.03036 1
gene 2 2 4 6.6758 0 2 6.6758 1
gene 3 3 4 8 0 3 8 1
gene 2 2 11 -3.06513 0 16 -3.06513 1
gene 2 11 4 -2.01487 0 17 -2.01487 1
gene 2 3 11 -2.07836 0 28 -2.07836 1
gene 3 3 16 0.181127 0 34 0.181127 1
gene 3 16 4 0.507698 0 35 0.507698 1
gene 1 1 16 6.38348 0 99 6.38348 1
gene 2 11 16 -1.09306 0 118 -1.09306 1
gene 2 3 90 5.88994 0 256 5.88994 1
gene 2 90 11 -0.213477 0 257 -0.213477 1
gene 1 2 16 0.416654 0 268 0.416654 1
gene 1 1 11 2.17461 0 393 2.17461 1
genomeend 132

/* Species #25 : (Size 4) (AF 4.23304) (Age 11)  */


/* Organism #133 Fitness: 4.784 Error: 1.81277 */
genomestart 133
trait 1 0.1 0 0 0 0 0 0 0 
trait 2 0.719297 0 0 0.572954 0 0.120937 0 0.0584277 
trait 3 0.449358 0 0 0 0 0 0.158978 0.119663 
node 1 3 1 3
node 2 2 1 1
node 3 1 1 1
node 4 1 0 2
node 97 1 0 0
gene 2 1 4 0.688612 0 1 0.688612 1
gene 3 2 4 -3.15259 0 2 -3.15259 0
gene 2 3 4 0.982772 0 3 0.982772 1
gene 3 2 97 -8 0 289 -8 1
gene 3 97 4 -0.916223 0 290 -0.916223 1
gene 3 3 97 1.86216 0 339 1.86216 1
genomeend 133

/* Organism #134 Fitness: 4.14404 Error: 1.96431 */
genomestart 134
trait 1 0.1 0 0 0 0 0 0 0 
trait 2 0.6 0 0 0 0.0743431 0.120937 0 0.0584277 
trait 3 0.449358 0 0 0 0 0 0.158978 0.119663 
node 1 3 1 3
node 2 2 1 1
node 3 1 1 1
node 4 1 0 2
node 97 1 0 0
gene 2 1 4 -0.616512 0 1 -0.616512 1
gene 3 2 4 -3.8903 0 2 -3.8903 0
gene 2 3 4 -0.313807 0 3 -0.313807 1
gene 3 2 97 -8 0 289 -8 1
gene 3 97 4 -4.59126 0 290 -4.59126 1
gene 3 3 97 2.26951 0 339 2.26951 1
genomeend 134

/* Organism #135 Fitness: 4.00316 Error: 1.99921 */
genomestart 135
trait 1 0.1 0 0 0 0 0 0 0 
trait 2 0.6 0 0 0 0.0743431 0.120937 0 0.0584277 
trait 3 0.449358 0 0 0 0 0 0.158978 0.119663 
node 1 3 1 3
node 2 2 1 1
node 3 1 1 1
node 4 1 0 2
node 97 1 0 0
gene 2 1 4 -1.45035 0 1 -1.45035 1
gene 3 2 4 -2.00868 0 2 -2.00868 0
gene 2 3 4 -1.36471 0 3 -1.36471 1
gene 3 2 97 -8 0 289 -8 1
gene 3 97 4 -4.2387 0 290 -4.2387 1
gene 3 3 97 1.4906 0 339 1.4906 1
genomeend 135

/* Organism #136 Fitness: 4.00097 Error: 1.99976 */
genomestart 136
trait 1 0.1 0 0 0 0 0 0 0 
trait 2 0.6 0 0 0 0.0743431 0.120937 0 0.0584277 
trait 3 0.449358 0 0 0 0 0 0.158978 0.119663 
node 1 3 1 3
node 2 2 1 1
node 3 1 1 1
node 4 1 0 2
node 97 1 0 0
gene 2 1 4 -1.69069 0 1 -1.69069 1
gene 3 2 4 -4.58475 0 2 -4.58475 0
gene 2 3 4 -1.42369 0 3 -1.42369 1
gene 3 2 97 -6.00439 0 289 -6.00439 1
gene 3 97 4 -4.93078 0 290 -4.93078 1
gene 3 3 97 0.566118 0 339 0.566118 1
genomeend 136

/* Species #26 : (Size 7) (AF 8.68228) (Age 5)  */


/* Organism #137 Fitness: 8.99999 Error: 1 */
genomestart 137
trait 1 0.178387 0.0982925 0 0 0.242576 0 0.0938063 0 
trait 2 0.6 0 0.0451979 0.0603885 0.448546 0.468078 0 0.0584277 
trait 3 0.15 0 0.0421461 0.220405 0.224769 0.179968 0 0 
node 1 3 1 3
node 2 2 1 1
node 3 3 1 1
node 4 2 0 2
node 12 1 0 0
node 27 2 0 0
node 117 1 0 0
gene 2 1 4 0.9719 0 1 0.9719 1
gene 1 2 4 -8 0 2 -8 1
gene 2 3 4 4.89908 0 3 4.89908 1
gene 2 3 12 -4.40597 0 18 -4.40597 1
gene 2 12 4 -3.86498 0 19 -3.86498 1
gene 2 12 27 1.18314 0 62 1.18314 1
gene 2 27 4 -3.59329 0 63 -3.59329 1
gene 2 2 12 -0.578906 0 344 -0.578906 0
gene 2 2 117 1 0 353 0 1
gene 2 117 12 -0.578906 0 354 0 1
gene 3 117 4 -0.432722 0 372 -0.432722 1
genomeend 137

/* Organism #138 Fitness: 8.98743 Error: 1.0021 */
genomestart 138
trait 1 0.178387 0.0982925 0 0 0.242576 0 0.0938063 0 
trait 2 0.6 0 0.0451979 0.0603885 0.448546 0.468078 0 0.0584277 
trait 3 0.15 0 0.0421461 0.220405 0.224769 0.179968 0 0 
node 1 3 1 3
node 2 2 1 1
node 3 3 1 1
node 4 2 0 2
node 12 1 0 0
node 27 2 0 0
node 117 1 0 0
gene 2 1 4 0.143971 0 1 0.143971 1
gene 1 2 4 -7.38719 0 2 -7.38719 1
gene 2 3 4 5.1343 0 3 5.1343 1
gene 2 3 12 -4.07172 0 18 -4.07172 1
gene 2 12 4 -3.25964 0 19 -3.25964 1
gene 2 12 27 0.0991966 0 62 0.0991966 1
gene 2 27 4 -2.51652 0 63 -2.51652 1
gene 2 2 12 -1.2332 0 344 -1.2332 0
gene 2 2 117 1.8335 0 353 1.8335 1
gene 2 117 12 -0.563036 0 354 -0.563036 1
gene 3 117 4 1.14757 0 372 1.14757 1
genomeend 138

/* Organism #139 Fitness: 8.99998 Error: 1 */
genomestart 139
trait 1 0.178387 0.0982925 0 0 0.242576 0 0.0938063 0 
trait 2 0.6 0 0.0451979 0.0603885 0.448546 0.468078 0 0.0584277 
trait 3 0.15 0 0.0421461 0.220405 0.224769 0.179968 0 0 
node 1 3 1 3
node 2 2 1 1
node 3 3 1 1
node 4 1 0 2
node 12 1 0 0
node 27 2 0 0
node 117 1 0 0
gene 2 1 4 2.27966 0 1 2.27966 1
gene 1 2 4 -8 0 2 -8 1
gene 2 3 4 0.338832 0 3 0.338832 1
gene 2 3 12 -6.08968 0 18 -6.08968 1
gene 2 12 4 -6.72914 0 19 -6.72914 1
gene 2 12 27 0.201586 0 62 0.201586 1
gene 2 27 4 0.703757 0 63 0.703757 1
gene 2 2 12 1.4036 0 344 1.4036 0
gene 2 2 117 1.10098 0 353 1.10098 1
gene 2 117 12 0.617924 0 354 0.617924 1
gene 3 117 4 0.341075 0 372 0.341075 1
genomeend 139

/* Organism #140 Fitness: 8.81275 Error: 1.03137 */
genomestart 140
trait 1 0.178387 0.0982925 0 0 0.242576 0 0.0938063 0 
trait 2 0.6 0 0.0451979 0.0603885 0.448546 0.468078 0 0.0584277 
trait 3 0.15 0 0.0421461 0.220405 0.224769 0.179968 0 0 
node 1 3 1 3
node 2 2 1 1
node 3 3 1 1
node 4 2 0 2
node 12 1 0 0
node 27 2 0 0
node 117 1 0 0
gene 2 1 4 -0.542352 0 1 -0.542352 1
gene 1 2 4 -8 0 2 -8 1
gene 2 3 4 6.8531 0 3 6.8531 1
gene 2 3 12 -2.16691 0 18 -2.16691 1
gene 2 12 4 -6.77164 0 19 -6.77164 1
gene 2 12 27 1.48024 0 62 1.48024 1
gene 2 27 4 -1.45405 0 63 -1.45405 1
gene 2 2 12 -0.674917 0 344 -0.674917 0
gene 2 2 117 2.94479 0 353 2.94479 1
gene 2 117 12 0.432707 0 354 0.432707 1
gene 3 117 4 1.72158 0 372 1.72158 1
genomeend 140

/* Organism #141 Fitness: 9 Error: 1 */
genomestart 141
trait 1 0.178387 0.0982925 0 0 0.242576 0 0.0938063 0 
trait 2 0.6 0 0.0451979 0.0603885 0.448546 0.468078 0 0.0584277 
trait 3 0.15 0 0.0421461 0.220405 0.224769 0.179968 0 0 
node 1 3 1 3
node 2 2 1 1
node 3 3 1 1
node 4 2 0 2
node 12 1 0 0
node 27 2 0 0
node 117 1 0 0
gene 2 1 4 0.9719 0 1 0.9719 1
gene 1 2 4 -8 0 2 -8 1
gene 2 3 4 4.89908 0 3 4.89908 1
gene 2 3 12 -4.40597 0 18 -4.40597 1
gene 2 12 4 -5.95183 0 19 -5.95183 1
gene 2 12 27 1.18314 0 62 1.18314 1
gene 2 27 4 -3.59329 0 63 -3.59329 1
gene 2 2 12 -0.578906 0 344 -0.578906 0
gene 2 2 117 1 0 353 0 1
gene 2 117 12 -0.578906 0 354 0 1
gene 3 117 4 -0.432722 0 372 -0.432722 1
gene 1 1 12 0.117252 0 396 0 1
genomeend 141

/* Organism #142 Fitness: 8.99986 Error: 1.00002 */
genomestart 142
trait 1 0.178387 0.0982925 0 0 0.242576 0 0.0938063 0 
trait 2 0.6 0 0.0451979 0.0603885 0.448546 0.468078 0 0.0584277 
trait 3 0.15 0 0.0421461 0.220405 0.224769 0.179968 0 0 
node 1 3 1 3
node 2 2 1 1
node 3 3 1 1
node 4 2 0 2
node 12 1 0 0
node 27 2 0 0
node 117 1 0 0
gene 2 1 4 -0.0657292 0 1 -0.0657292 1
gene 1 2 4 -7.39901 0 2 -7.39901 1
gene 2 3 4 4.89908 0 3 4.89908 1
gene 2 3 12 -3.07155 0 18 -3.07155 1
gene 2 12 4 -1.3142 0 19 -1.3142 1
gene 2 12 27 3.21071 0 62 3.21071 1
gene 2 27 4 -3.59329 0 63 -3.59329 1
gene 2 2 12 1.37001 0 344 1.37001 0
gene 2 2 117 -0.175039 0 353 -0.175039 1
gene 2 117 12 -2.76586 0 354 -2.76586 1
gene 3 117 4 -0.6095 0 372 -0.6095 1
genomeend 142

/* Organism #143 Fitness: 6.97598 Error: 1.35879 */
genomestart 143
trait 1 0.178387 0.0982925 0 0 0.242576 0 0.0938063 0 
trait 2 0.6 0 0.0451979 0.0603885 0.448546 0.468078 0 0.0584277 
trait 3 0.15 0 0.0421461 0.220405 0.224769 0.179968 0 0 
node 1 3 1 3
node 2 2 1 1
node 3 3 1 1
node 4 2 0 2
node 12 1 0 0
node 27 2 0 0
node 117 1 0 0
gene 2 1 4 3.04174 0 1 3.04174 1
gene 1 2 4 -5.94832 0 2 -5.94832 1
gene 2 3 4 2.76446 0 3 2.76446 1
gene 2 3 12 -2.1164 0 18 -2.1164 1
gene 2 12 4 -3.64616 0 19 -3.64616 1
gene 2 12 27 0.316259 0 62 0.316259 1
gene 2 27 4 -3.04846 0 63 -3.04846 1
gene 2 2 12 -2.89 0 344 -2.89 0
gene 2 2 117 1.49638 0 353 1.49638 1
gene 2 117 12 -0.427335 0 354 -0.427335 1
gene 3 117 4 -0.777352 0 372 -0.777352 1
genomeend 143

/* Species #27 : (Size 6) (AF 5.09956) (Age 2)  */


/* Organism #144 Fitness: 5.54774 Error: 1.64464 */
genomestart 144
trait 1 0.283283 0 0 0 0.0281152 0 0.182463 0 
trait 2 0.2 0 0 0 0 0 0 0 
trait 3 0 0 0 0.259789 0 0.483718 0 0 
node 1 1 1 3
node 2 1 1 1
node 3 1 1 1
node 4 1 0 2
node 9 1 0 0
node 127 1 0 0
gene 3 1 4 -3.16498 0 1 -3.16498 1
gene 2 2 4 7.66671 0 2 7.66671 1
gene 2 3 4 -8 0 3 -8 0
gene 2 3 9 1.32093 0 12 1.32093 1
gene 2 9 4 -4.32868 0 13 -4.32868 1
gene 1 2 9 -1.16102 0 31 -1.16102 1
gene 1 1 9 0.798791 0 375 0.798791 1
gene 2 3 127 1 0 384 0 1
gene 2 127 4 -8 0 385 0 1
genomeend 144

/* Organism #145 Fitness: 4.05357 Error: 1.98665 */
genomestart 145
trait 1 0.283283 0 0 0 0.0281152 0 0.182463 0 
trait 2 0.2 0 0 0 0 0 0 0 
trait 3 0 0 0 0.259789 0 0.483718 0 0 
node 1 1 1 3
node 2 1 1 1
node 3 1 1 1
node 4 1 0 2
node 9 1 0 0
node 127 1 0 0
gene 3 1 4 1.77747 0 1 1.77747 1
gene 2 2 4 6.49159 0 2 6.49159 1
gene 2 3 4 -8 0 3 -8 0
gene 2 3 9 -0.717177 0 12 -0.717177 1
gene 2 9 4 -5.71956 0 13 -5.71956 1
gene 1 2 9 -2.47056 0 31 -2.47056 1
gene 1 1 9 -1.74535 0 375 -1.74535 1
gene 2 3 127 1 0 384 1 1
gene 2 127 4 -7.45006 0 385 -7.45006 1
genomeend 145

/* Organism #146 Fitness: 4 Error: 2 */
genomestart 146
trait 1 0.283283 0 0 0 0.0281152 0 0.182463 0 
trait 2 0.2 0 0 0 0 0 0 0 
trait 3 0 0 0 0.259789 0 0.483718 0 0 
node 1 1 1 3
node 2 1 1 1
node 3 1 1 1
node 4 1 0 2
node 9 1 0 0
node 127 1 0 0
gene 3 1 4 -3.16498 0 1 -3.16498 1
gene 2 2 4 7.66671 0 2 7.66671 1
gene 2 3 4 -8 0 3 -8 0
gene 2 3 9 1.32093 0 12 1.32093 1
gene 2 9 4 -4.32868 0 13 -4.32868 1
gene 1 2 9 -1.16102 0 31 -1.16102 1
gene 1 1 9 0.798791 0 375 0.798791 1
gene 2 3 127 1 0 384 0 1
gene 2 127 4 -8 0 385 0 1
gene 2 2 127 0.40849 0 402 0.40849 1
genomeend 146

/* Organism #147 Fitness: 4 Error: 2 */
genomestart 147
trait 1 0.283283 0 0 0 0.0281152 0 0.182463 0 
trait 2 0.2 0 0 0 0 0 0 0 
trait 3 0 0 0 0.259789 0 0.483718 0 0 
node 1 1 1 3
node 2 1 1 1
node 3 1 1 1
node 4 1 0 2
node 9 1 0 0
node 127 1 0 0
node 132 1 0 0
gene 3 1 4 -3.16498 0 1 -3.16498 1
gene 2 2 4 7.66671 0 2 7.66671 1
gene 2 3 4 -8 0 3 -8 0
gene 2 3 9 1.32093 0 12 1.32093 1
gene 2 9 4 -4.32868 0 13 -4.32868 1
gene 1 2 9 -1.16102 0 31 -1.16102 1
gene 1 1 9 0.798791 0 375 0.798791 1
gene 2 3 127 1 0 384 0 1
gene 2 127 4 -8 0 385 0 0
gene 2 127 132 1 0 403 0 1
gene 2 132 4 -8 0 404 0 1
genomeend 147

/* Organism #148 Fitness: 8.99607 Error: 1.00065 */
genomestart 148
trait 1 0.283283 0 0 0 0.0281152 0 0.182463 0 
trait 2 0.2 0 0 0 0 0 0 0 
trait 3 0 0 0 0.259789 0 0.483718 0 0 
node 1 1 1 3
node 2 1 1 1
node 3 1 1 1
node 4 1 0 2
node 9 1 0 0
node 127 1 0 0
gene 3 1 4 -1.48615 0 1 -1.48615 1
gene 2 2 4 7.9986 0 2 7.9986 1
gene 2 3 4 -8 0 3 -8 0
gene 2 3 9 1.8624 0 12 1.8624 1
gene 2 9 4 -3.53657 0 13 -3.53657 1
gene 1 2 9 -3.1757 0 31 -3.1757 1
gene 1 1 9 0.0847346 0 375 0.0847346 1
gene 2 3 127 1.46785 0 384 1.46785 1
gene 2 127 4 -8 0 385 -8 1
genomeend 148

/* Organism #149 Fitness: 4 Error: 2 */
genomestart 149
trait 1 0.283283 0 0 0 0.0281152 0 0.182463 0 
trait 2 0.2 0 0 0 0 0 0 0 
trait 3 0 0 0 0.259789 0 0.483718 0 0 
node 1 1 1 3
node 2 1 1 1
node 3 1 1 1
node 4 1 0 2
node 9 1 0 0
node 127 1 0 0
gene 3 1 4 -1.73396 0 1 -1.73396 1
gene 2 2 4 8 0 2 8 1
gene 2 3 4 -8 0 3 -8 0
gene 2 3 9 2.88988 0 12 2.88988 1
gene 2 9 4 -6.54349 0 13 -6.54349 1
gene 1 2 9 -1.14057 0 31 -1.14057 1
gene 1 1 9 2.20333 0 375 2.20333 1
gene 2 3 127 2.11744 0 384 2.11744 1
gene 2 127 4 -8 0 385 -8 1
genomeend 149
