
/* Species #1 : (Size 10) (AF 7.56335) (Age 20)  */


/* Organism #0 Fitness: 9 Error: 1 */
genomestart 0
trait 1 0.1 0 0 0 0 0 0 0 
trait 2 0.2 0 0 0 0 0 0 0 
trait 3 0.224848 0.0202795 0 0 0 0 0.124317 0 
node 1 2 1 3
node 2 1 1 1
node 3 1 1 1
node 4 2 0 2
gene 2 1 4 -3.82006 0 1 -3.82006 1
gene 2 2 4 8 0 2 8 1
gene 3 3 4 -8 0 3 -8 1
genomeend 0

/* Organism #1 Fitness: 9 Error: 1 */
genomestart 1
trait 1 0.1 0 0 0 0 0 0 0 
trait 2 0.2 0 0 0 0 0 0 0 
trait 3 0.224848 0.0202795 0 0 0 0 0.124317 0 
node 1 2 1 3
node 2 1 1 1
node 3 1 1 1
node 4 2 0 2
gene 2 1 4 -4.80528 0 1 -4.80528 1
gene 2 2 4 8 0 2 8 1
gene 3 3 4 -6.93612 0 3 -6.93612 1
genomeend 1

/* Organism #2 Fitness: 9 Error: 1 */
genomestart 2
trait 1 0.1 0 0 0 0 0 0 0 
trait 2 0.2 0 0 0 0 0 0 0 
trait 3 0.224848 0.0202795 0 0 0 0 0.124317 0 
node 1 2 1 3
node 2 1 1 1
node 3 1 1 1
node 4 2 0 2
gene 2 1 4 -4.69045 0 1 -4.69045 1
gene 2 2 4 8 0 2 8 1
gene 3 3 4 -7.682 0 3 -7.682 1
genomeend 2

/* Organism #3 Fitness: 8.99998 Error: 1 */
genomestart 3
trait 1 0.1 0 0 0 0 0 0 0 
trait 2 0.2 0 0 0 0 0 0 0 
trait 3 0.224848 0.0202795 0 0 0 0 0.124317 0 
node 1 2 1 3
node 2 1 1 1
node 3 1 1 1
node 4 2 0 2
gene 2 1 4 -3.35061 0 1 -3.35061 1
gene 2 2 4 8 0 2 8 1
gene 3 3 4 -7.24566 0 3 -7.24566 1
genomeend 3

/* Organism #4 Fitness: 8.99999 Error: 1 */
genomestart 4
trait 1 0.1 0 0 0 0 0 0 0 
trait 2 0.2 0 0 0 0 0 0 0 
trait 3 0.224848 0.0202795 0 0 0 0 0.124317 0 
node 1 2 1 3
node 2 1 1 1
node 3 1 1 1
node 4 2 0 2
gene 2 1 4 -2.93121 0 1 -2.93121 1
gene 2 2 4 8 0 2 8 1
gene 3 3 4 -8 0 3 -8 1
genomeend 4

/* Organism #5 Fitness: 4.01109 Error: 1.99723 */
genomestart 5
trait 1 0.1 0 0 0 0 0 0 0 
trait 2 0.2 0 0 0 0 0 0 0 
trait 3 0.224848 0.0202795 0 0 0 0 0.124317 0 
node 1 2 1 3
node 2 1 1 1
node 3 1 1 1
node 4 2 0 2
gene 2 1 4 -6.69887 0 1 -6.69887 1
gene 2 2 4 5.50359 0 2 5.50359 1
gene 3 3 4 -8 0 3 -8 1
genomeend 5

/* Organism #6 Fitness: 4.82201 Error: 1.80409 */
genomestart 6
trait 1 0.1 0 0 0 0 0 0 0 
trait 2 0.2 0 0 0 0 0 0 0 
trait 3 0.224848 0.0202795 0 0 0 0 0.124317 0 
node 1 2 1 3
node 2 1 1 1
node 3 1 1 1
node 4 2 0 2
gene 2 1 4 -0.398343 0 1 -0.398343 1
gene 2 2 4 7.71984 0 2 7.71984 1
gene 3 3 4 -7.16768 0 3 -7.16768 1
genomeend 6

/* Organism #7 Fitness: 8.99994 Error: 1.00001 */
genomestart 7
trait 1 0.1 0 0 0 0 0 0 0 
trait 2 0.2 0 0 0 0 0 0 0 
trait 3 0.224848 0.0202795 0 0 0 0 0.124317 0 
node 1 2 1 3
node 2 1 1 1
node 3 1 1 1
node 4 2 0 2
gene 2 1 4 -4.79093 0 1 -4.79093 1
gene 2 2 4 7.11557 0 2 7.11557 1
gene 3 3 4 -7.8043 0 3 -7.8043 1
genomeend 7

/* Organism #8 Fitness: 8.8005 Error: 1.03344 */
genomestart 8
trait 1 0.1 0 0 0 0 0 0 0 
trait 2 0.166613 0 0.12949 0 0 0 0 0 
trait 3 0.224848 0.0202795 0 0 0 0 0.124317 0 
node 1 2 1 3
node 2 1 1 1
node 3 1 1 1
node 4 2 0 2
gene 2 1 4 -5.45673 0 1 -5.45673 1
gene 2 2 4 6.1399 0 2 6.1399 1
gene 3 3 4 -7.74273 0 3 -7.74273 1
genomeend 8

/* Organism #9 Fitness: 4 Error: 2 */
genomestart 9
trait 1 0.1 0 0 0 0 0 0 0 
trait 2 0.2 0 0 0 0 0 0 0 
trait 3 0.224848 0.0202795 0 0 0 0 0.124317 0 
node 1 2 1 3
node 2 1 1 1
node 3 1 1 1
node 4 3 0 2
gene 2 1 4 -4.07058 0 1 -4.07058 1
gene 2 2 4 -1.46207 0 2 -1.46207 1
gene 3 3 4 -5.09353 0 3 -5.09353 1
genomeend 9

/* Species #2 : (Size 7) (AF 6.46641) (Age 17)  */


/* Organism #10 Fitness: 9 Error: 1 */
genomestart 10
trait 1 0.1 0 0 0 0 0.0652619 0 0.119966 
trait 2 0.0820364 0 0 0.427622 0 0 0.460855 0 
trait 3 0.3 0 0 0 0 0 0 0 
node 1 2 1 3
node 2 1 1 1
node 3 2 1 1
node 4 2 0 2
node 9 1 0 0
gene 3 1 4 -3.83708 0 1 -3.83708 1
gene 3 2 4 -8 0 2 -8 1
gene 2 3 4 4.86907 0 3 4.86907 0
gene 1 3 9 5.18062 0 12 5.18062 1
gene 2 9 4 7.87041 0 13 7.87041 1
gene 2 1 9 -0.850169 0 61 -0.850169 1
gene 2 2 9 0.759178 0 135 0.759178 1
genomeend 10

/* Organism #11 Fitness: 4.13735 Error: 1.96595 */
genomestart 11
trait 1 0.1 0 0 0 0 0.0652619 0 0.119966 
trait 2 0.0820364 0 0 0.427622 0 0 0.460855 0 
trait 3 0.3 0 0 0 0 0 0 0 
node 1 2 1 3
node 2 1 1 1
node 3 2 1 1
node 4 2 0 2
node 9 1 0 0
gene 3 1 4 -6.19014 0 1 -6.19014 1
gene 3 2 4 -8 0 2 -8 1
gene 2 3 4 4.0659 0 3 4.0659 0
gene 1 3 9 5.00849 0 12 5.00849 1
gene 2 9 4 6.06585 0 13 6.06585 1
gene 2 1 9 1.06998 0 61 1.06998 1
gene 2 2 9 -1.26023 0 135 -1.26023 1
genomeend 11

/* Organism #12 Fitness: 6.93326 Error: 1.36689 */
genomestart 12
trait 1 0.1 0 0 0 0 0.0652619 0 0.119966 
trait 2 0.0820364 0 0 0.427622 0 0 0.460855 0 
trait 3 0.3 0 0 0 0 0 0 0 
node 1 2 1 3
node 2 1 1 1
node 3 2 1 1
node 4 2 0 2
node 9 1 0 0
gene 3 1 4 -0.144581 0 1 -0.144581 1
gene 3 2 4 -8 0 2 -8 1
gene 2 3 4 -0.92822 0 3 -0.92822 0
gene 1 3 9 5.74475 0 12 5.74475 1
gene 2 9 4 0.814997 0 13 0.814997 1
gene 3 1 9 -1.21799 0 61 -1.21799 1
gene 2 2 9 -0.642766 0 135 -0.642766 1
genomeend 12

/* Organism #13 Fitness: 8.19839 Error: 1.13672 */
genomestart 13
trait 1 0.1 0 0 0 0 0.0652619 0 0.119966 
trait 2 0.0820364 0 0 0.427622 0 0 0.460855 0 
trait 3 0.3 0 0 0 0 0 0 0 
node 1 2 1 3
node 2 1 1 1
node 3 2 1 1
node 4 2 0 2
node 9 1 0 0
gene 3 1 4 -5.8893 0 1 -5.8893 1
gene 3 2 4 -7.66659 0 2 -7.66659 1
gene 2 3 4 5.30815 0 3 5.30815 0
gene 1 3 9 7.21338 0 12 7.21338 1
gene 2 9 4 6.26353 0 13 6.26353 1
gene 2 1 9 -0.730308 0 61 -0.730308 1
gene 2 2 9 0.41409 0 135 0.41409 1
genomeend 13

/* Organism #14 Fitness: 8.83566 Error: 1.02752 */
genomestart 14
trait 1 0.533058 0.407971 0 0 0 0.0652619 0 0.119966 
trait 2 0.0820364 0 0 0.427622 0 0 0.460855 0 
trait 3 0.3 0 0 0 0 0 0 0 
node 1 2 1 3
node 2 1 1 1
node 3 2 1 1
node 4 2 0 2
node 9 1 0 0
gene 3 1 4 -1.98377 0 1 -1.98377 1
gene 3 2 4 -8 0 2 -8 1
gene 2 3 4 4.72395 0 3 4.72395 0
gene 1 3 9 4.00932 0 12 4.00932 1
gene 2 9 4 8 0 13 8 1
gene 3 1 9 -0.340587 0 61 -0.340587 1
gene 2 2 9 2.8294 0 135 2.8294 1
genomeend 14

/* Organism #15 Fitness: 4 Error: 2 */
genomestart 15
trait 1 0.1 0 0 0 0 0.0652619 0 0.119966 
trait 2 0.0820364 0 0 0.427622 0 0 0.460855 0 
trait 3 0.937135 0 0 0.378979 0 0 0 0 
node 1 2 1 3
node 2 1 1 1
node 3 2 1 1
node 4 2 0 2
node 9 1 0 0
gene 3 1 4 -5.04623 0 1 -5.04623 1
gene 3 2 4 -8 0 2 -8 1
gene 2 3 4 5.77371 0 3 5.77371 0
gene 1 3 9 1.79144 0 12 1.79144 1
gene 2 9 4 8 0 13 8 1
gene 2 1 9 1.40339 0 61 1.40339 1
gene 2 2 9 2.15265 0 135 2.15265 1
genomeend 15

/* Organism #16 Fitness: 4.16025 Error: 1.96033 */
genomestart 16
trait 1 0.1 0 0 0 0 0.0652619 0 0.119966 
trait 2 0.0820364 0 0 0.427622 0 0 0.460855 0 
trait 3 0.3 0 0 0 0 0 0 0 
node 1 2 1 3
node 2 1 1 1
node 3 2 1 1
node 4 2 0 2
node 9 1 0 0
gene 3 1 4 -6.14116 0 1 -6.14116 1
gene 3 2 4 -8 0 2 -8 1
gene 2 3 4 3.41486 0 3 3.41486 0
gene 1 3 9 5.18878 0 12 5.18878 1
gene 2 9 4 5.49401 0 13 5.49401 1
gene 3 1 9 -1.1948 0 61 -1.1948 1
gene 2 2 9 -1.32371 0 135 -1.32371 1
genomeend 16

/* Species #3 : (Size 9) (AF 6.9995) (Age 17)  */


/* Organism #17 Fitness: 8.99993 Error: 1.00001 */
genomestart 17
trait 1 0 0 0 0 0 0 0.652181 0.250862 
trait 2 0.2 0 0 0 0 0 0 0 
trait 3 0.3 0 0 0 0 0 0 0 
node 1 1 1 3
node 2 3 1 1
node 3 2 1 1
node 4 3 0 2
node 7 1 0 0
node 11 1 0 0
gene 3 1 4 -3.88353 0 1 -3.88353 1
gene 3 2 4 -5.66671 0 2 -5.66671 1
gene 1 3 4 5.33311 0 3 5.33311 1
gene 1 2 7 -4.30003 0 8 -4.30003 0
gene 1 7 4 2.17944 0 9 2.17944 1
gene 3 2 11 0.658055 0 17 0.658055 1
gene 1 11 7 -0.502457 0 18 -0.502457 1
gene 1 3 11 -0.328684 0 28 -0.328684 1
genomeend 17

/* Organism #18 Fitness: 4.00001 Error: 2 */
genomestart 18
trait 1 0 0 0 0 0 0 0.652181 0.243023 
trait 2 0.2 0 0 0 0 0 0 0 
trait 3 0.3 0 0 0 0 0 0 0 
node 1 1 1 3
node 2 3 1 1
node 3 2 1 1
node 4 3 0 2
node 7 3 0 0
node 11 1 0 0
gene 3 1 4 -6.10009 0 1 -6.10009 1
gene 3 2 4 -6.94796 0 2 -6.94796 1
gene 1 3 4 3.41563 0 3 3.41563 1
gene 1 2 7 -7.18033 0 8 -7.18033 0
gene 1 7 4 -0.0117639 0 9 -0.0117639 1
gene 3 2 11 -1.57201 0 17 -1.57201 1
gene 1 11 7 -1.41186 0 18 -1.41186 1
gene 1 3 11 -1.18122 0 28 -1.18122 1
gene 2 1 11 0.0309305 0 164 0.0309305 1
genomeend 18

/* Organism #19 Fitness: 4.00002 Error: 1.99999 */
genomestart 19
trait 1 0 0 0 0 0 0 0.652181 0.243023 
trait 2 0.2 0 0 0 0 0 0 0 
trait 3 0.3 0 0 0 0 0 0 0 
node 1 1 1 3
node 2 3 1 1
node 3 2 1 1
node 4 3 0 2
node 7 3 0 0
node 11 1 0 0
gene 3 1 4 -5.78765 0 1 -5.78765 1
gene 3 2 4 -4.5125 0 2 -4.5125 1
gene 1 3 4 2.94511 0 3 2.94511 1
gene 1 2 7 -6.92871 0 8 -6.92871 0
gene 1 7 4 0.808345 0 9 0.808345 1
gene 3 2 11 -0.8755 0 17 -0.8755 1
gene 1 11 7 -2.50798 0 18 -2.50798 1
gene 1 3 11 -0.522477 0 28 -0.522477 1
gene 2 1 11 -1.55657 0 164 -1.55657 1
genomeend 19

/* Organism #20 Fitness: 8.99574 Error: 1.00071 */
genomestart 20
trait 1 0 0 0 0 0 0 0.652181 0.246942 
trait 2 0.2 0 0 0 0 0 0 0 
trait 3 0.3 0 0 0 0 0 0 0 
node 1 1 1 3
node 2 3 1 1
node 3 2 1 1
node 4 3 0 2
node 7 1 0 0
node 11 1 0 0
gene 3 1 4 -1.84085 0 1 -1.84085 1
gene 3 2 4 -6.43517 0 2 -6.43517 1
gene 1 3 4 4.04271 0 3 4.04271 1
gene 1 2 7 -4.92896 0 8 -4.92896 0
gene 1 7 4 0.379955 0 9 0.379955 1
gene 3 2 11 -1.24149 0 17 -1.24149 1
gene 1 11 7 1.37817 0 18 1.37817 1
gene 1 3 11 2.15979 0 28 2.15979 1
genomeend 20

/* Organism #21 Fitness: 8.99993 Error: 1.00001 */
genomestart 21
trait 1 0 0 0 0 0 0 0.652181 0.246942 
trait 2 0.2 0 0 0 0 0 0 0 
trait 3 0.3 0 0 0 0 0 0 0 
node 1 1 1 3
node 2 3 1 1
node 3 2 1 1
node 4 3 0 2
node 7 3 0 0
node 11 1 0 0
gene 3 1 4 -3.88353 0 1 -3.88353 1
gene 3 2 4 -5.66671 0 2 -5.66671 1
gene 1 3 4 5.33311 0 3 5.33311 1
gene 1 2 7 -5.14223 0 8 -5.14223 0
gene 1 7 4 2.17944 0 9 2.17944 1
gene 3 2 11 0.658055 0 17 0.658055 1
gene 1 11 7 -0.502457 0 18 -0.502457 1
gene 1 3 11 -0.328684 0 28 -0.328684 1
genomeend 21

/* Organism #22 Fitness: 8.99989 Error: 1.00002 */
genomestart 22
trait 1 0 0 0 0 0 0 0.652181 0.243023 
trait 2 0.2 0 0 0 0 0 0 0 
trait 3 0.3 0 0 0 0 0 0 0 
node 1 1 1 3
node 2 3 1 1
node 3 2 1 1
node 4 3 0 2
node 7 1 0 0
node 11 1 0 0
gene 3 1 4 -3.88353 0 1 -3.88353 1
gene 3 2 4 -5.66671 0 2 -5.66671 1
gene 1 3 4 5.33311 0 3 5.33311 1
gene 1 2 7 -5.14223 0 8 -5.14223 0
gene 1 7 4 1.61976 0 9 1.61976 1
gene 3 2 11 0.658055 0 17 0.658055 1
gene 1 11 7 -0.502457 0 18 -0.502457 1
gene 1 3 11 -0.328684 0 28 -0.328684 1
gene 2 1 11 -0.320261 0 164 -0.320261 1
genomeend 22

/* Organism #23 Fitness: 8.99989 Error: 1.00002 */
genomestart 23
trait 1 0 0 0 0 0 0 0.652181 0.250862 
trait 2 0.2 0 0 0 0 0 0 0 
trait 3 0.3 0 0 0 0 0 0 0 
node 1 1 1 3
node 2 3 1 1
node 3 2 1 1
node 4 3 0 2
node 7 1 0 0
node 11 1 0 0
gene 3 1 4 -2.22114 0 1 -2.22114 1
gene 3 2 4 -7.52804 0 2 -7.52804 1
gene 1 3 4 5.33311 0 3 5.33311 1
gene 1 2 7 -4.70638 0 8 -4.70638 0
gene 1 7 4 2.17944 0 9 2.17944 1
gene 3 2 11 0.658055 0 17 0.658055 1
gene 2 11 7 -2.48128 0 18 -2.48128 1
gene 1 3 11 0.305643 0 28 0.305643 1
genomeend 23

/* Organism #24 Fitness: 8.99984 Error: 1.00003 */
genomestart 24
trait 1 0 0 0 0 0 0 0.652181 0.243023 
trait 2 0.2 0 0 0 0 0 0 0 
trait 3 0.3 0 0 0 0 0 0 0 
node 1 1 1 3
node 2 3 1 1
node 3 2 1 1
node 4 3 0 2
node 7 1 0 0
node 11 1 0 0
gene 3 1 4 -2.51119 0 1 -2.51119 1
gene 3 2 4 -7.04508 0 2 -7.04508 1
gene 1 3 4 7.00568 0 3 7.00568 1
gene 1 2 7 -4.80378 0 8 -4.80378 0
gene 1 7 4 0.256799 0 9 0.256799 1
gene 3 2 11 1.35838 0 17 1.35838 1
gene 1 11 7 0.76574 0 18 0.76574 1
gene 1 3 11 0.997803 0 28 0.997803 1
gene 2 1 11 1.62316 0 164 1.62316 1
genomeend 24

/* Organism #25 Fitness: 1.00019 Error: 2.9999 */
genomestart 25
trait 1 0 0 0 0 0 0 0.652181 0.235183 
trait 2 0.2 0 0 0 0 0 0 0 
trait 3 0.3 0 0 0 0 0 0 0 
node 1 1 1 3
node 2 1 1 1
node 3 2 1 1
node 4 3 0 2
node 7 1 0 0
node 11 1 0 0
node 52 1 0 0
gene 3 1 4 -0.30961 0 1 -0.30961 1
gene 3 2 4 -3.92177 0 2 -3.92177 1
gene 1 3 4 5.52253 0 3 5.52253 1
gene 1 2 7 -4.66835 0 8 -4.66835 1
gene 1 7 4 0.222785 0 9 0.222785 0
gene 3 2 11 3.52116 0 17 3.52116 1
gene 2 11 7 1.19984 0 18 1.19984 1
gene 1 3 11 2.28301 0 28 2.28301 1
gene 1 7 52 0.67597 0 149 0.67597 1
gene 1 52 4 2.29522 0 150 2.29522 1
genomeend 25

/* Species #4 : (Size 10) (AF 8.50209) (Age 17)  */


/* Organism #26 Fitness: 9 Error: 1 */
genomestart 26
trait 1 0.1 0 0 0 0 0 0 0 
trait 2 0.2 0 0 0 0 0 0 0 
trait 3 0.3 0 0 0 0 0 0 0 
node 1 2 1 3
node 2 2 1 1
node 3 1 1 1
node 4 3 0 2
node 10 1 0 0
gene 2 1 4 -2.61056 0 1 -2.61056 1
gene 1 2 4 -6.67115 0 2 -6.67115 1
gene 3 3 4 8 0 3 8 1
gene 1 2 10 4.67657 0 14 4.67657 1
gene 3 10 4 -3.36213 0 15 -3.36213 1
genomeend 26

/* Organism #27 Fitness: 9 Error: 1 */
genomestart 27
trait 1 0.1 0 0 0 0 0 0 0 
trait 2 0.2 0 0 0 0 0 0 0 
trait 3 0.3 0 0 0 0 0 0 0 
node 1 2 1 3
node 2 2 1 1
node 3 1 1 1
node 4 3 0 2
node 10 1 0 0
gene 2 1 4 -2.24136 0 1 -2.24136 1
gene 1 2 4 -7.71648 0 2 -7.71648 1
gene 3 3 4 8 0 3 8 1
gene 1 2 10 6.71398 0 14 6.71398 1
gene 3 10 4 -5.6234 0 15 -5.6234 1
genomeend 27

/* Organism #28 Fitness: 8.99983 Error: 1.00003 */
genomestart 28
trait 1 0.1 0 0 0 0 0 0 0 
trait 2 0.2 0 0 0 0 0 0 0 
trait 3 0.3 0 0 0 0 0 0 0 
node 1 2 1 3
node 2 2 1 1
node 3 1 1 1
node 4 3 0 2
node 10 1 0 0
gene 2 1 4 -0.565058 0 1 -0.565058 1
gene 1 2 4 -8 0 2 -8 1
gene 3 3 4 6.4711 0 3 6.4711 1
gene 1 2 10 5.64966 0 14 5.64966 1
gene 3 10 4 -3.11737 0 15 -3.11737 1
genomeend 28

/* Organism #29 Fitness: 9 Error: 1 */
genomestart 29
trait 1 0.1 0 0 0 0 0 0 0 
trait 2 0.2 0 0 0 0 0 0 0 
trait 3 0 0.126408 0 0.327342 0 0.29902 0 0 
node 1 2 1 3
node 2 2 1 1
node 3 1 1 1
node 4 3 0 2
node 10 1 0 0
gene 2 1 4 -0.986061 0 1 -0.986061 1
gene 1 2 4 -8 0 2 -8 1
gene 3 3 4 7.76876 0 3 7.76876 1
gene 1 2 10 5.25978 0 14 5.25978 1
gene 3 10 4 -5.21945 0 15 -5.21945 1
genomeend 29

/* Organism #30 Fitness: 8.99997 Error: 1 */
genomestart 30
trait 1 0.1 0 0 0 0 0 0 0 
trait 2 0.2 0 0 0 0 0 0 0 
trait 3 0.3 0 0 0 0 0 0 0 
node 1 2 1 3
node 2 2 1 1
node 3 1 1 1
node 4 3 0 2
node 10 1 0 0
gene 2 1 4 -0.858188 0 1 -0.858188 1
gene 1 2 4 -6.40892 0 2 -6.40892 1
gene 3 3 4 6.76951 0 3 6.76951 1
gene 1 2 10 6.93913 0 14 6.93913 1
gene 3 10 4 -3.24509 0 15 -3.24509 1
genomeend 30

/* Organism #31 Fitness: 8.99999 Error: 1 */
genomestart 31
trait 1 0.1 0 0 0 0 0 0 0 
trait 2 0.2 0 0 0 0 0 0 0 
trait 3 0.3 0 0 0 0 0 0 0 
node 1 2 1 3
node 2 2 1 1
node 3 1 1 1
node 4 3 0 2
node 10 1 0 0
gene 2 1 4 -0.986061 0 1 -0.986061 1
gene 1 2 4 -6.67115 0 2 -6.67115 1
gene 3 3 4 8 0 3 8 1
gene 1 2 10 5.84298 0 14 5.84298 1
gene 3 10 4 -3.36213 0 15 -3.36213 1
genomeend 31

/* Organism #32 Fitness: 9 Error: 1 */
genomestart 32
trait 1 0.1 0 0 0 0 0 0 0 
trait 2 0.2 0 0 0 0 0 0 0 
trait 3 0.3 0 0 0 0 0 0 0 
node 1 2 1 3
node 2 2 1 1
node 3 1 1 1
node 4 2 0 2
node 10 1 0 0
gene 2 1 4 -2.0848 0 1 -2.0848 1
gene 1 2 4 -8 0 2 -8 1
gene 3 3 4 8 0 3 8 1
gene 1 2 10 5.45265 0 14 5.45265 1
gene 3 10 4 -4.66468 0 15 -4.66468 1
genomeend 32

/* Organism #33 Fitness: 9 Error: 1 */
genomestart 33
trait 1 0.1 0 0 0 0 0 0 0 
trait 2 0.2 0 0 0 0 0 0 0 
trait 3 0.3 0 0 0 0 0 0 0 
node 1 2 1 3
node 2 2 1 1
node 3 1 1 1
node 4 3 0 2
node 10 1 0 0
gene 2 1 4 -2.61056 0 1 -2.61056 1
gene 1 2 4 -7.38719 0 2 -7.38719 1
gene 3 3 4 7.26511 0 3 7.26511 1
gene 1 2 10 2.28308 0 14 2.28308 1
gene 3 10 4 -3.24853 0 15 -3.24853 1
genomeend 33

/* Organism #34 Fitness: 9 Error: 1 */
genomestart 34
trait 1 0.1 0 0 0 0 0 0 0 
trait 2 0.2 0 0 0 0 0 0 0 
trait 3 0.3 0 0 0 0 0 0 0 
node 1 2 1 3
node 2 2 1 1
node 3 1 1 1
node 4 3 0 2
node 10 1 0 0
gene 2 1 4 -1.79831 0 1 -1.79831 1
gene 1 2 4 -7.33557 0 2 -7.33557 1
gene 3 3 4 7.88438 0 3 7.88438 1
gene 1 2 10 5.25978 0 14 5.25978 1
gene 3 10 4 -4.39644 0 15 -4.39644 1
genomeend 34

/* Organism #35 Fitness: 4.02115 Error: 1.99472 */
genomestart 35
trait 1 0.1 0 0 0 0 0 0 0 
trait 2 0.2 0 0 0 0 0 0 0 
trait 3 0.3 0 0 0 0 0 0 0 
node 1 2 1 3
node 2 2 1 1
node 3 1 1 1
node 4 3 0 2
node 10 1 0 0
gene 2 1 4 0.211791 0 1 0.211791 1
gene 1 2 4 -8 0 2 -8 1
gene 3 3 4 2.11226 0 3 2.11226 1
gene 1 2 10 7.38295 0 14 7.38295 1
gene 3 10 4 -6.77578 0 15 -6.77578 1
genomeend 35

/* Species #5 : (Size 8) (AF 4.50586) (Age 15)  */


/* Organism #36 Fitness: 8.99991 Error: 1.00001 */
genomestart 36
trait 1 0 0 0 0 0 0 0.652181 0.250862 
trait 2 0.2 0 0 0 0 0 0 0 
trait 3 0.3 0 0 0 0.118358 0 0 0 
node 1 1 1 3
node 2 3 1 1
node 3 2 1 1
node 4 3 0 2
node 7 1 0 0
node 12 1 0 0
gene 3 1 4 -3.66711 0 1 -3.66711 1
gene 3 2 4 -2.41725 0 2 -2.41725 1
gene 2 3 4 3.61962 0 3 3.61962 1
gene 1 2 7 -1.38135 0 8 -1.38135 1
gene 1 7 4 2.47745 0 9 2.47745 1
gene 1 3 7 0.795753 0 16 0.795753 1
gene 3 2 12 2.73358 0 22 2.60858 1
gene 3 12 4 -1.06161 0 23 -0.96428 1
gene 3 1 12 -0.722922 0 38 -0.722922 1
gene 1 7 12 -0.378216 0 105 -0.378216 1
genomeend 36

/* Organism #37 Fitness: 4.00177 Error: 1.99956 */
genomestart 37
trait 1 0 0 0 0 0 0 0.652181 0.250862 
trait 2 0.2 0 0 0 0 0 0 0 
trait 3 0.3 0 0 0 0.118358 0 0 0 
node 1 1 1 3
node 2 3 1 1
node 3 2 1 1
node 4 3 0 2
node 7 1 0 0
node 12 1 0 0
gene 3 1 4 -5.78596 0 1 -5.78596 1
gene 3 2 4 -1.21323 0 2 -1.21323 1
gene 2 3 4 4.15454 0 3 4.15454 1
gene 1 2 7 -3.33681 0 8 -3.33681 1
gene 1 7 4 0.063345 0 9 0.063345 1
gene 1 3 7 2.99573 0 16 2.99573 1
gene 3 2 12 2.33243 0 22 2.33243 1
gene 3 12 4 -1.25229 0 23 -1.25229 1
gene 3 1 12 -0.556911 0 38 -0.556911 1
gene 1 7 12 -1.03303 0 105 -1.03303 1
genomeend 37

/* Organism #38 Fitness: 4.1186 Error: 1.97057 */
genomestart 38
trait 1 0 0 0 0 0 0 0.652181 0.250862 
trait 2 0.2 0 0 0 0 0 0 0 
trait 3 0.3 0 0 0 0.118358 0 0 0 
node 1 1 1 3
node 2 3 1 1
node 3 2 1 1
node 4 3 0 2
node 7 1 0 0
node 12 1 0 0
gene 3 1 4 -5.95771 0 1 -5.95771 1
gene 3 2 4 -1.42495 0 2 -1.42495 1
gene 2 3 4 5.45188 0 3 5.45188 1
gene 1 2 7 -3.54625 0 8 -3.54625 1
gene 1 7 4 0.381176 0 9 0.381176 1
gene 1 3 7 -1.08307 0 16 -1.08307 1
gene 3 2 12 2.55483 0 22 2.55483 1
gene 3 12 4 -0.208632 0 23 -0.208632 1
gene 3 1 12 0.867388 0 38 0.867388 1
gene 1 7 12 -0.516959 0 105 -0.516959 1
genomeend 38

/* Organism #39 Fitness: 4.03278 Error: 1.99182 */
genomestart 39
trait 1 0 0 0 0 0 0 0.652181 0.250862 
trait 2 0.2 0 0 0 0 0 0 0 
trait 3 0.3 0 0 0 0.118358 0 0 0 
node 1 1 1 3
node 2 3 1 1
node 3 2 1 1
node 4 3 0 2
node 7 1 0 0
node 12 1 0 0
gene 3 1 4 -3.66711 0 1 -3.66711 1
gene 3 2 4 -1.49874 0 2 -1.49874 1
gene 2 3 4 5.41603 0 3 5.41603 1
gene 1 2 7 0.115354 0 8 0.115354 1
gene 1 7 4 2.47745 0 9 2.47745 1
gene 1 3 7 1.88528 0 16 1.88528 1
gene 3 2 12 2.9176 0 22 2.9176 1
gene 3 12 4 -1.75324 0 23 -1.75324 1
gene 3 1 12 -0.811045 0 38 -0.811045 1
gene 1 7 12 1.95753 0 105 1.95753 1
genomeend 39

/* Organism #40 Fitness: 4 Error: 2 */
genomestart 40
trait 1 0 0 0 0 0 0 0.652181 0.250862 
trait 2 0.2 0 0 0 0 0 0 0 
trait 3 0.3 0 0 0 0.118358 0 0 0 
node 1 1 1 3
node 2 3 1 1
node 3 2 1 1
node 4 3 0 2
node 7 1 0 0
node 12 1 0 0
gene 3 1 4 -6.07432 0 1 -6.07432 1
gene 3 2 4 -2.541 0 2 -2.541 1
gene 2 3 4 2.39928 0 3 2.39928 1
gene 1 2 7 -0.00785852 0 8 -0.00785852 1
gene 1 7 4 1.57487 0 9 1.57487 1
gene 1 3 7 -1.6851 0 16 -1.6851 1
gene 3 2 12 -1.7819 0 22 -1.7819 1
gene 3 12 4 -1.44775 0 23 -1.44775 1
gene 3 1 12 1.37917 0 38 1.37917 1
gene 1 7 12 0.991916 0 105 0.991916 1
genomeend 40

/* Organism #41 Fitness: 4 Error: 2 */
genomestart 41
trait 1 0 0 0 0 0 0 0.652181 0.250862 
trait 2 0.2 0 0 0 0 0 0 0 
trait 3 0.3 0 0 0 0.118358 0 0 0 
node 1 1 1 3
node 2 3 1 1
node 3 2 1 1
node 4 3 0 2
node 7 1 0 0
node 12 1 0 0
gene 3 1 4 -5.25166 0 1 -5.25166 1
gene 3 2 4 -0.474296 0 2 -0.474296 1
gene 2 3 4 1.67941 0 3 1.67941 1
gene 1 2 7 -2.7063 0 8 -2.7063 1
gene 1 7 4 1.5425 0 9 1.5425 1
gene 1 3 7 0.613147 0 16 0.613147 1
gene 3 2 12 3.71362 0 22 3.71362 1
gene 3 12 4 -2.51583 0 23 -2.51583 1
gene 3 1 12 1.32639 0 38 1.32639 1
gene 1 7 12 2.17516 0 105 2.17516 1
genomeend 41

/* Organism #42 Fitness: 2.89386 Error: 2.29887 */
genomestart 42
trait 1 0 0 0 0 0 0 0.652181 0.250862 
trait 2 0.2 0 0 0 0 0 0 0 
trait 3 0.3 0 0 0 0.118358 0 0 0 
node 1 1 1 3
node 2 3 1 1
node 3 2 1 1
node 4 3 0 2
node 7 1 0 0
node 12 1 0 0
gene 3 1 4 -1.45666 0 1 -1.45666 1
gene 3 2 4 -0.298576 0 2 -0.298576 1
gene 2 3 4 6.04653 0 3 6.04653 1
gene 1 2 7 0.0983402 0 8 0.0983402 1
gene 1 7 4 4.32344 0 9 4.32344 1
gene 1 3 7 0.795753 0 16 0.795753 1
gene 3 2 12 2.68803 0 22 2.68803 1
gene 3 12 4 -0.78115 0 23 -0.78115 1
gene 3 1 12 -2.95856 0 38 -2.95856 1
gene 1 7 12 2.03374 0 105 2.03374 1
genomeend 42

/* Organism #43 Fitness: 4 Error: 2 */
genomestart 43
trait 1 0 0 0 0 0 0 0.652181 0.250862 
trait 2 0.2 0 0 0 0 0 0 0 
trait 3 0.3 0 0 0 0.118358 0 0 0 
node 1 1 1 3
node 2 3 1 1
node 3 2 1 1
node 4 3 0 2
node 7 1 0 0
node 12 1 0 0
gene 3 1 4 -6.01208 0 1 -6.01208 1
gene 3 2 4 -3.7667 0 2 -3.7667 1
gene 2 3 4 -1.59154 0 3 -1.59154 1
gene 1 2 7 -0.0149598 0 8 -0.0149598 1
gene 1 7 4 3.1204 0 9 3.1204 1
gene 1 3 7 1.08347 0 16 1.08347 1
gene 3 2 12 0.543262 0 22 0.543262 1
gene 3 12 4 -1.06161 0 23 -1.06161 1
gene 3 1 12 -3.03478 0 38 -3.03478 1
gene 1 7 12 -0.501587 0 105 -0.501587 1
genomeend 43

/* Species #6 : (Size 10) (AF 8.33314) (Age 14)  */


/* Organism #44 Fitness: 9 Error: 1 */
genomestart 44
trait 1 0 0 0 0 0.877804 0 0.652181 0.60744 
trait 2 0.2 0.158643 0 0 0.0850017 0 0.000106815 0 
trait 3 0.139408 0.537655 0.519108 0 0 0 0.560347 0 
node 1 1 1 3
node 2 3 1 1
node 3 2 1 1
node 4 3 0 2
node 7 1 0 0
node 13 1 0 0
gene 3 1 4 -3.22636 0 1 -3.22636 1
gene 3 2 4 -8 0 2 -8 1
gene 1 3 4 8 0 3 8 1
gene 1 2 7 0.87454 0 8 0.87454 1
gene 1 7 4 -0.485645 0 9 -0.485645 1
gene 1 3 7 -1.16469 0 16 -1.16469 0
gene 1 3 13 3.45091 0 26 3.45091 1
gene 1 13 7 3.33841 0 27 3.33841 1
genomeend 44

/* Organism #45 Fitness: 9 Error: 1 */
genomestart 45
trait 1 0 0 0 0 0.877804 0 0.652181 0.60744 
trait 2 0.2 0.158643 0 0 0.0850017 0 0.000106815 0 
trait 3 0.139408 0.537655 0.519108 0 0 0 0.560347 0 
node 1 1 1 3
node 2 3 1 1
node 3 2 1 1
node 4 3 0 2
node 7 1 0 0
node 13 1 0 0
gene 3 1 4 -3.22636 0 1 -3.22636 1
gene 3 2 4 -8 0 2 -8 1
gene 1 3 4 8 0 3 8 1
gene 1 2 7 0.87454 0 8 0.87454 1
gene 1 7 4 -0.485645 0 9 -0.485645 1
gene 1 3 7 -1.16469 0 16 -1.16469 0
gene 1 3 13 3.45091 0 26 3.45091 1
gene 1 13 7 3.33841 0 27 3.33841 1
genomeend 45

/* Organism #46 Fitness: 4 Error: 2 */
genomestart 46
trait 1 0 0 0 0 0.438902 0 0.652181 0.429151 
trait 2 0.2 0.158643 0 0 0.0850017 0 0.000106815 0 
trait 3 0.139408 0.537655 0.519108 0 0 0 0.560347 0 
node 1 1 1 3
node 2 3 1 1
node 3 2 1 1
node 4 3 0 2
node 7 1 0 0
node 13 1 0 0
gene 3 1 4 -3.88546 0 1 -3.88546 1
gene 3 2 4 -0.994827 0 2 -0.994827 1
gene 1 3 4 8 0 3 8 1
gene 1 2 7 -3.26425 0 8 -3.26425 1
gene 1 7 4 -1.35489 0 9 -1.35489 1
gene 1 3 7 -0.832572 0 16 -0.832572 0
gene 1 3 13 -0.609226 0 26 -0.609226 1
gene 1 13 7 4.24615 0 27 4.24615 1
genomeend 46

/* Organism #47 Fitness: 9 Error: 1 */
genomestart 47
trait 1 0 0 0 0 0.658353 0 0.652181 0.518296 
trait 2 0.2 0.158643 0 0 0.0850017 0 0.000106815 0 
trait 3 0.139408 0.537655 0.519108 0 0 0 0.560347 0 
node 1 1 1 3
node 2 3 1 1
node 3 2 1 1
node 4 3 0 2
node 7 1 0 0
node 13 1 0 0
gene 3 1 4 -4.04118 0 1 -4.04118 1
gene 3 2 4 -8 0 2 -8 1
gene 1 3 4 7.33226 0 3 7.33226 1
gene 1 2 7 0.877621 0 8 0.877621 1
gene 1 7 4 0.607528 0 9 0.607528 1
gene 1 3 7 1.55019 0 16 1.55019 0
gene 1 3 13 2.6044 0 26 2.6044 1
gene 1 13 7 1.40476 0 27 1.40476 1
genomeend 47

/* Organism #48 Fitness: 8.93866 Error: 1.01024 */
genomestart 48
trait 1 0 0 0 0 0.658353 0 0.652181 0.518296 
trait 2 0.2 0.158643 0 0 0.0850017 0 0.000106815 0 
trait 3 0.139408 0.537655 0.519108 0 0 0 0.560347 0 
node 1 1 1 3
node 2 3 1 1
node 3 2 1 1
node 4 3 0 2
node 7 1 0 0
node 13 1 0 0
gene 3 1 4 -2.48955 0 1 -2.48955 1
gene 3 2 4 -6.42416 0 2 -6.42416 1
gene 1 3 4 8 0 3 8 1
gene 1 2 7 -2.89294 0 8 -2.89294 1
gene 1 7 4 -0.014668 0 9 -0.014668 1
gene 1 3 7 -3.63882 0 16 -3.63882 0
gene 1 3 13 4.0242 0 26 4.0242 1
gene 1 13 7 5.25551 0 27 5.25551 1
genomeend 48

/* Organism #49 Fitness: 9 Error: 1 */
genomestart 49
trait 1 0.661 0 0 0 0.852748 0 0.652181 0.60744 
trait 2 0.2 0.158643 0 0 0.0850017 0 0.000106815 0 
trait 3 0.139408 0.537655 0.519108 0 0 0 0.560347 0 
node 1 1 1 3
node 2 3 1 1
node 3 2 1 1
node 4 3 0 2
node 7 1 0 0
node 13 1 0 0
gene 3 1 4 -5.63114 0 1 -5.63114 1
gene 3 2 4 -8 0 2 -8 1
gene 1 3 4 8 0 3 8 1
gene 3 2 7 1.49063 0 8 1.49063 1
gene 1 7 4 0.894555 0 9 0.894555 1
gene 1 3 7 0.389924 0 16 0.389924 0
gene 1 3 13 5.88583 0 26 5.88583 1
gene 1 13 7 4.55625 0 27 4.55625 1
genomeend 49

/* Organism #50 Fitness: 7.39306 Error: 1.28098 */
genomestart 50
trait 1 0 0 0 0 0.219451 0 0.652181 0.340007 
trait 2 0.2 0.158643 0 0 0.0850017 0 0.000106815 0 
trait 3 0.139408 0.537655 0.519108 0 0 0 0.560347 0 
node 1 1 1 3
node 2 3 1 1
node 3 2 1 1
node 4 3 0 2
node 7 1 0 0
node 13 1 0 0
gene 3 1 4 -4.85601 0 1 -4.85601 1
gene 3 2 4 -8 0 2 -8 1
gene 1 3 4 6.25512 0 3 6.25512 1
gene 1 2 7 -1.10416 0 8 -1.10416 1
gene 1 7 4 -1.2083 0 9 -1.2083 1
gene 1 3 7 -0.337008 0 16 -0.337008 1
gene 1 3 13 1.90463 0 26 1.90463 1
gene 1 13 7 4.81928 0 27 4.81928 1
genomeend 50

/* Organism #51 Fitness: 9 Error: 1 */
genomestart 51
trait 1 0 0 0 0 0.438902 0 0.652181 0.429151 
trait 2 0.2 0.158643 0 0 0.0850017 0 0.000106815 0 
trait 3 0.139408 0.537655 0.519108 0 0 0 0.560347 0 
node 1 1 1 3
node 2 3 1 1
node 3 2 1 1
node 4 3 0 2
node 7 1 0 0
node 13 1 0 0
gene 3 1 4 -4.85601 0 1 -4.85601 1
gene 3 2 4 -7.92987 0 2 -7.92987 1
gene 1 3 4 8 0 3 8 1
gene 1 2 7 -1.91479 0 8 -1.91479 1
gene 1 7 4 1.57621 0 9 1.57621 1
gene 1 3 7 -0.0205313 0 16 -0.0205313 1
gene 1 3 13 1.70778 0 26 1.70778 1
gene 1 13 7 3.33841 0 27 3.33841 1
gene 1 1 7 0.63155 0 174 0.63155 1
genomeend 51

/* Organism #52 Fitness: 9 Error: 1 */
genomestart 52
trait 1 0 0 0 0 0.548627 0 0.652181 0.473724 
trait 2 0.2 0.158643 0 0 0.0850017 0 0.000106815 0 
trait 3 0.139408 0.537655 0.519108 0 0 0 0.560347 0 
node 1 1 1 3
node 2 3 1 1
node 3 2 1 1
node 4 3 0 2
node 7 1 0 0
node 13 1 0 0
gene 3 1 4 -2.54332 0 1 -2.54332 1
gene 3 2 4 -7.17369 0 2 -7.17369 1
gene 1 3 4 8 0 3 8 1
gene 1 2 7 0.0951548 0 8 0.0951548 1
gene 1 7 4 -1.9706 0 9 -1.9706 1
gene 1 3 7 1.31824 0 16 1.31824 1
gene 1 3 13 2.22332 0 26 2.22332 1
gene 1 13 7 2.26447 0 27 2.26447 1
genomeend 52

/* Organism #53 Fitness: 8.99972 Error: 1.00005 */
genomestart 53
trait 1 0 0.0467544 0 0.949919 0.730865 0 0.652181 0.518296 
trait 2 0.2 0.158643 0 0 0.0850017 0 0.000106815 0 
trait 3 0.139408 0.537655 0.519108 0 0 0 0.560347 0 
node 1 1 1 3
node 2 3 1 1
node 3 2 1 1
node 4 3 0 2
node 7 1 0 0
node 13 1 0 0
gene 3 1 4 -3.11563 0 1 -3.11563 1
gene 3 2 4 -6.72225 0 2 -6.72225 1
gene 1 3 4 8 0 3 8 1
gene 1 2 7 0.998932 0 8 0.998932 1
gene 1 7 4 -0.190912 0 9 -0.190912 1
gene 1 3 7 0.135552 0 16 0.135552 0
gene 1 3 13 2.42579 0 26 2.42579 1
gene 1 13 7 3.37198 0 27 3.37198 1
genomeend 53

/* Species #8 : (Size 9) (AF 8.19119) (Age 14)  */


/* Organism #54 Fitness: 10.1879 Error: 0.808143 */
genomestart 54
trait 1 0 0 0 0 0 0 0.652181 0.250862 
trait 2 0.2 0 0 0 0 0 0 0 
trait 3 0.3 0 0 0 0 0 0 0 
node 1 1 1 3
node 2 3 1 1
node 3 2 1 1
node 4 3 0 2
node 7 1 0 0
node 14 1 0 0
gene 3 1 4 -3.70297 0 1 -3.70297 1
gene 3 2 4 2.09052 0 2 2.09052 0
gene 2 3 4 -2.96606 0 3 -2.96606 1
gene 1 2 7 1.28459 0 8 1.28459 1
gene 1 7 4 6.96036 0 9 6.96036 1
gene 1 3 7 4.21025 0 16 4.21025 1
gene 3 2 14 -1.76836 0 29 -1.76836 1
gene 3 14 4 3.17132 0 30 3.17132 1
gene 2 14 7 -2.79846 0 52 -2.79846 1
genomeend 54

/* Organism #55 Fitness: 6.09142 Error: 1.53192 */
genomestart 55
trait 1 0 0 0 0 0 0 0.652181 0.250862 
trait 2 0.2 0 0 0 0 0 0 0 
trait 3 0.3 0 0 0 0 0 0 0 
node 1 1 1 3
node 2 3 1 1
node 3 2 1 1
node 4 3 0 2
node 7 1 0 0
node 14 1 0 0
gene 3 1 4 -2.1038 0 1 -2.1038 1
gene 3 2 4 2.09052 0 2 2.09052 0
gene 2 3 4 -1.17428 0 3 -1.17428 1
gene 1 2 7 3.71683 0 8 3.71683 1
gene 1 7 4 2.06297 0 9 2.06297 1
gene 1 3 7 5.86657 0 16 5.86657 1
gene 3 2 14 -0.983428 0 29 -0.983428 1
gene 3 14 4 0.707486 0 30 0.707486 1
gene 2 14 7 -6.92685 0 52 -6.92685 1
genomeend 55

/* Organism #56 Fitness: 9.00102 Error: 0.99983 */
genomestart 56
trait 1 0 0 0 0 0 0 0.652181 0.250862 
trait 2 0.2 0 0 0 0 0 0 0 
trait 3 0.3 0 0 0 0 0 0 0 
node 1 1 1 3
node 2 3 1 1
node 3 2 1 1
node 4 3 0 2
node 7 1 0 0
node 14 1 0 0
gene 1 1 4 -4.37316 0 1 -4.37316 1
gene 3 2 4 2.51968 0 2 2.51968 0
gene 2 3 4 -0.85242 0 3 -0.85242 1
gene 1 2 7 1.28459 0 8 1.28459 1
gene 1 7 4 6.96036 0 9 6.96036 1
gene 1 3 7 4.4386 0 16 4.4386 1
gene 3 2 14 -0.997085 0 29 -0.997085 1
gene 3 14 4 3.17132 0 30 3.17132 1
gene 2 14 7 -2.79846 0 52 -2.79846 1
genomeend 56

/* Organism #57 Fitness: 14.8186 Error: 0.150506 */
/* ##------$ WINNER 57 SPECIES #8 $------## */
genomestart 57
trait 1 0 0 0 0 0 0 0.652181 0.250862 
trait 2 0.2 0 0 0 0 0 0 0 
trait 3 0.3 0 0 0 0 0 0 0 
node 1 1 1 3
node 2 3 1 1
node 3 2 1 1
node 4 3 0 2
node 7 1 0 0
node 14 1 0 0
gene 3 1 4 -4.37316 0 1 -4.37316 1
gene 3 2 4 2.51968 0 2 2.51968 0
gene 2 3 4 -2.96606 0 3 -2.96606 1
gene 1 2 7 2.78209 0 8 2.78209 1
gene 1 7 4 6.96036 0 9 6.96036 1
gene 1 3 7 4.4386 0 16 4.4386 1
gene 3 2 14 -0.997085 0 29 -0.997085 1
gene 3 14 4 3.17132 0 30 3.17132 1
gene 2 14 7 -3.06956 0 52 -3.06956 1
genomeend 57

/* Organism #58 Fitness: 8.99315 Error: 1.00114 */
genomestart 58
trait 1 0 0 0 0 0 0 0.652181 0.250862 
trait 2 0.2 0 0 0 0 0 0 0 
trait 3 0.3 0 0 0 0 0 0 0 
node 1 1 1 3
node 2 3 1 1
node 3 2 1 1
node 4 3 0 2
node 7 1 0 0
node 14 1 0 0
gene 3 1 4 -2.50939 0 1 -2.50939 1
gene 3 2 4 4.04492 0 2 4.04492 0
gene 2 3 4 -2.31624 0 3 -2.31624 1
gene 1 2 7 2.04759 0 8 2.04759 1
gene 1 7 4 8 0 9 8 1
gene 1 3 7 4.1821 0 16 4.1821 1
gene 3 2 14 -0.0753502 0 29 -0.0753502 1
gene 3 14 4 2.26735 0 30 2.26735 1
gene 2 14 7 -4.85413 0 52 -4.85413 1
genomeend 58

/* Organism #59 Fitness: 6.28801 Error: 1.49241 */
genomestart 59
trait 1 0 0 0 0 0 0 0.652181 0.250862 
trait 2 0.2 0 0 0 0 0 0 0 
trait 3 0.3 0 0 0 0 0 0 0 
node 1 1 1 3
node 2 3 1 1
node 3 2 1 1
node 4 3 0 2
node 7 1 0 0
node 14 1 0 0
gene 3 1 4 -4.03806 0 1 -4.03806 1
gene 3 2 4 1.65132 0 2 1.65132 0
gene 2 3 4 0.835444 0 3 0.835444 1
gene 1 2 7 0.101135 0 8 0.101135 1
gene 1 7 4 6.50298 0 9 6.50298 1
gene 1 3 7 2.26145 0 16 2.26145 1
gene 3 2 14 -2.06084 0 29 -2.06084 1
gene 3 14 4 2.74883 0 30 2.74883 1
gene 2 14 7 -2.30502 0 52 -2.30502 1
genomeend 59

/* Organism #60 Fitness: 7.35163 Error: 1.28861 */
genomestart 60
trait 1 0 0 0 0 0 0 0.652181 0.250862 
trait 2 0.2 0 0 0 0 0 0 0 
trait 3 0.3 0 0 0 0 0 0 0 
node 1 1 1 3
node 2 3 1 1
node 3 2 1 1
node 4 3 0 2
node 7 1 0 0
node 14 1 0 0
gene 3 1 4 -3.47629 0 1 -3.47629 1
gene 3 2 4 1.52394 0 2 1.52394 0
gene 2 3 4 -1.79064 0 3 -1.79064 1
gene 1 2 7 2.68981 0 8 2.68981 1
gene 1 7 4 3.65905 0 9 3.65905 1
gene 1 3 7 6.20853 0 16 6.20853 1
gene 3 2 14 -2.17368 0 29 -2.17368 1
gene 3 14 4 0.325623 0 30 0.325623 1
gene 2 14 7 -6.12261 0 52 -6.12261 1
genomeend 60

/* Organism #61 Fitness: 6.28703 Error: 1.49261 */
genomestart 61
trait 1 0 0 0 0 0 0 0.652181 0.250862 
trait 2 0.2 0 0 0 0 0 0 0 
trait 3 0.3 0 0 0 0 0 0 0 
node 1 1 1 3
node 2 3 1 1
node 3 2 1 1
node 4 3 0 2
node 7 1 0 0
node 14 3 0 0
gene 3 1 4 -2.76491 0 1 -2.76491 1
gene 3 2 4 2.11303 0 2 2.11303 0
gene 2 3 4 -3.404 0 3 -3.404 1
gene 1 2 7 0.720222 0 8 0.720222 1
gene 1 7 4 8 0 9 8 1
gene 1 3 7 5.0138 0 16 5.0138 1
gene 3 2 14 -1.79347 0 29 -1.79347 1
gene 3 14 4 2.87598 0 30 2.87598 1
gene 2 14 7 -0.658197 0 52 -0.658197 1
genomeend 61

/* Organism #62 Fitness: 4.70193 Error: 1.83161 */
genomestart 62
trait 1 0 0 0 0 0 0 0.652181 0.250862 
trait 2 0.2 0 0 0 0 0 0 0 
trait 3 0.3 0 0 0 0 0 0 0 
node 1 1 1 3
node 2 3 1 1
node 3 2 1 1
node 4 3 0 2
node 7 1 0 0
node 14 1 0 0
gene 3 1 4 -5.31496 0 1 -5.31496 1
gene 3 2 4 4.23925 0 2 4.23925 0
gene 2 3 4 1.49102 0 3 1.49102 1
gene 1 2 7 2.78209 0 8 2.78209 1
gene 1 7 4 4.35068 0 9 4.35068 1
gene 1 3 7 4.34278 0 16 4.34278 1
gene 3 2 14 0.32197 0 29 0.32197 1
gene 3 14 4 2.90839 0 30 2.90839 1
gene 2 14 7 1.30863 0 52 1.30863 1
genomeend 62

/* Species #9 : (Size 8) (AF 6.94233) (Age 13)  */


/* Organism #63 Fitness: 9 Error: 1 */
genomestart 63
trait 1 0 0 0 0 0 0 0.652181 0.250862 
trait 2 0.2 0 0 0 0 0 0 0 
trait 3 0.3 0 0 0 0 0 0 0 
node 1 1 1 3
node 2 3 1 1
node 3 2 1 1
node 4 3 0 2
node 7 1 0 0
gene 3 1 4 -4.63371 0 1 -4.63371 1
gene 3 2 4 -8 0 2 -8 1
gene 2 3 4 8 0 3 8 1
gene 1 2 7 1.52406 0 8 1.52406 1
gene 1 7 4 -2.53262 0 9 -2.53262 1
gene 3 3 7 -6.39176 0 36 -6.39176 0
gene 2 1 7 -2.64689 0 80 -2.64689 1
genomeend 63

/* Organism #64 Fitness: 8.99639 Error: 1.0006 */
genomestart 64
trait 1 0 0 0 0 0 0 0.652181 0.250862 
trait 2 0.2 0 0 0 0 0 0 0 
trait 3 0.3 0 0 0 0 0 0 0 
node 1 1 1 3
node 2 3 1 1
node 3 2 1 1
node 4 3 0 2
node 7 1 0 0
gene 3 1 4 -4.69505 0 1 -4.69505 1
gene 3 2 4 -8 0 2 -8 1
gene 2 3 4 6.20063 0 3 6.20063 1
gene 1 2 7 -0.91399 0 8 -0.91399 1
gene 1 7 4 -0.165223 0 9 -0.165223 1
gene 3 3 7 -8 0 36 -8 0
gene 2 1 7 -4.57573 0 80 -4.57573 1
genomeend 64

/* Organism #65 Fitness: 4 Error: 2 */
genomestart 65
trait 1 0 0 0 0 0 0 0.652181 0.250862 
trait 2 0.2 0 0 0 0 0 0 0 
trait 3 0.3 0 0 0 0 0 0 0 
node 1 1 1 3
node 2 3 1 1
node 3 2 1 1
node 4 3 0 2
node 7 1 0 0
gene 3 1 4 -4.63371 0 1 -4.63371 1
gene 3 2 4 -8 0 2 -8 1
gene 2 3 4 -1.92045 0 3 -1.92045 1
gene 1 2 7 1.52406 0 8 1.52406 1
gene 1 7 4 -3.87612 0 9 -3.87612 1
gene 3 3 7 -6.39176 0 36 -6.39176 0
gene 2 1 7 -2.24595 0 80 -2.24595 1
genomeend 65

/* Organism #66 Fitness: 8.70843 Error: 1.049 */
genomestart 66
trait 1 0 0 0 0 0 0 0.652181 0.250862 
trait 2 0.2 0 0 0 0 0 0 0 
trait 3 0.3 0 0 0 0 0 0 0 
node 1 1 1 3
node 2 3 1 1
node 3 2 1 1
node 4 3 0 2
node 7 1 0 0
gene 3 1 4 -4.1723 0 1 -4.1723 1
gene 3 2 4 -8 0 2 -8 1
gene 2 3 4 5.2208 0 3 5.2208 1
gene 1 2 7 0.383734 0 8 0.383734 1
gene 1 7 4 -0.446527 0 9 -0.446527 1
gene 3 3 7 -8 0 36 -8 0
gene 2 1 7 1.47243 0 80 1.47243 1
genomeend 66

/* Organism #67 Fitness: 8.99982 Error: 1.00003 */
genomestart 67
trait 1 0 0 0 0 0 0 0.652181 0.250862 
trait 2 0.2 0 0 0 0 0 0 0 
trait 3 0.3 0 0 0 0 0 0 0 
node 1 1 1 3
node 2 3 1 1
node 3 2 1 1
node 4 3 0 2
node 7 1 0 0
gene 3 1 4 -5.8807 0 1 -5.8807 1
gene 3 2 4 -6.61057 0 2 -6.61057 1
gene 2 3 4 8 0 3 8 1
gene 1 2 7 0.187881 0 8 0.187881 1
gene 1 7 4 -0.499324 0 9 -0.499324 1
gene 3 3 7 -8 0 36 -8 0
gene 2 1 7 -2.60477 0 80 -2.60477 1
genomeend 67

/* Organism #68 Fitness: 4.00001 Error: 2 */
genomestart 68
trait 1 0 0 0 0 0 0 0.652181 0.250862 
trait 2 0.2 0 0 0 0 0 0 0 
trait 3 0.3 0 0 0 0 0 0 0 
node 1 1 1 3
node 2 3 1 1
node 3 2 1 1
node 4 3 0 2
node 7 1 0 0
node 58 1 0 0
gene 3 1 4 -2.69521 0 1 -2.69521 1
gene 3 2 4 -8 0 2 -8 0
gene 2 3 4 6.48655 0 3 6.48655 1
gene 1 2 7 1.52406 0 8 1.52406 1
gene 1 7 4 -2.53262 0 9 -2.53262 1
gene 3 3 7 -6.39176 0 36 -6.39176 0
gene 2 1 7 1.04364 0 80 1.04364 1
gene 3 2 58 1 0 175 0 1
gene 3 58 4 -8 0 176 0 1
genomeend 68

/* Organism #69 Fitness: 2.83401 Error: 2.31655 */
genomestart 69
trait 1 0 0 0 0 0 0 0.652181 0.250862 
trait 2 0.2 0 0 0 0 0 0 0 
trait 3 0.3 0 0 0 0 0 0 0 
node 1 1 1 3
node 2 3 1 1
node 3 2 1 1
node 4 3 0 2
node 7 1 0 0
gene 3 1 4 -6.96594 0 1 -6.96594 1
gene 3 2 4 1.98012 0 2 1.98012 1
gene 2 3 4 7.12241 0 3 7.12241 1
gene 1 2 7 -4.1011 0 8 -4.1011 1
gene 1 7 4 -3.29337 0 9 -3.29337 1
gene 3 3 7 -7.37171 0 36 -7.37171 0
gene 2 1 7 -1.98097 0 80 -1.98097 1
genomeend 69

/* Organism #70 Fitness: 8.99999 Error: 1 */
genomestart 70
trait 1 0 0 0 0 0 0 0.652181 0.250862 
trait 2 0.2 0 0 0 0 0 0 0 
trait 3 0.3 0 0 0 0 0 0 0 
node 1 1 1 3
node 2 3 1 1
node 3 2 1 1
node 4 3 0 2
node 7 1 0 0
gene 3 1 4 -3.11206 0 1 -3.11206 1
gene 3 2 4 -6.57471 0 2 -6.57471 1
gene 2 3 4 5.84906 0 3 5.84906 1
gene 1 2 7 3.51501 0 8 3.51501 1
gene 1 7 4 0.283975 0 9 0.283975 1
gene 3 3 7 -4.56553 0 36 -4.56553 0
gene 2 1 7 -2.3565 0 80 -2.3565 1
genomeend 70

/* Species #10 : (Size 12) (AF 7.8853) (Age 13)  */


/* Organism #71 Fitness: 8.99988 Error: 1.00002 */
genomestart 71
trait 1 0 0 0 0 0 0 0.652181 0.250862 
trait 2 0 0 0.307535 0 0 0 0 0 
trait 3 0.3 0 0 0 0 0 0 0 
node 1 1 1 3
node 2 3 1 1
node 3 2 1 1
node 4 3 0 2
node 7 1 0 0
node 15 1 0 0
gene 1 1 4 -4.38506 0 1 -4.38506 1
gene 3 2 4 -4.86393 0 2 -4.86393 1
gene 2 3 4 7.02517 0 3 7.02517 1
gene 1 2 7 -0.773034 0 8 -0.773034 1
gene 3 7 4 1.10168 0 9 1.10168 1
gene 3 2 15 -2.96352 0 32 -2.96352 1
gene 3 15 4 1.1293 0 33 1.1293 1
gene 3 15 7 -1.38325 0 60 -1.38325 1
gene 3 1 15 -2.12464 0 68 -2.12464 1
genomeend 71

/* Organism #72 Fitness: 8.99988 Error: 1.00002 */
genomestart 72
trait 1 0 0 0 0 0 0 0.652181 0.250862 
trait 2 0 0 0.307535 0 0 0 0 0 
trait 3 0.3 0 0 0 0 0 0 0 
node 1 1 1 3
node 2 3 1 1
node 3 2 1 1
node 4 3 0 2
node 7 1 0 0
node 15 1 0 0
gene 1 1 4 -4.38506 0 1 -4.38506 1
gene 3 2 4 -4.86393 0 2 -4.86393 1
gene 2 3 4 7.02517 0 3 7.02517 1
gene 1 2 7 -0.773034 0 8 -0.773034 1
gene 3 7 4 1.10168 0 9 1.10168 1
gene 3 2 15 -2.96352 0 32 -2.96352 1
gene 3 15 4 1.1293 0 33 1.1293 1
gene 3 15 7 -1.38325 0 60 -1.38325 1
gene 3 1 15 -2.12464 0 68 -2.12464 1
genomeend 72

/* Organism #73 Fitness: 8.99953 Error: 1.00008 */
genomestart 73
trait 1 0 0 0 0 0 0 0.652181 0.250862 
trait 2 0 0 0.307535 0 0 0 0 0 
trait 3 0.3 0 0 0 0 0 0 0 
node 1 1 1 3
node 2 3 1 1
node 3 2 1 1
node 4 3 0 2
node 7 1 0 0
node 15 1 0 0
gene 1 1 4 -4.30617 0 1 -4.30617 1
gene 3 2 4 -4.75703 0 2 -4.75703 1
gene 2 3 4 5.81191 0 3 5.81191 1
gene 1 2 7 -0.724738 0 8 -0.724738 1
gene 3 7 4 0.86745 0 9 0.86745 1
gene 3 2 15 -4.68506 0 32 -4.68506 1
gene 3 15 4 -1.3263 0 33 -1.3263 1
gene 3 15 7 0.735343 0 60 0.735343 1
gene 3 1 15 -0.66242 0 68 -0.66242 1
genomeend 73

/* Organism #74 Fitness: 8.99999 Error: 1 */
genomestart 74
trait 1 0 0 0 0 0 0 0.652181 0.250862 
trait 2 0 0 0.307535 0 0 0 0 0 
trait 3 0.3 0 0 0 0 0 0 0 
node 1 1 1 3
node 2 3 1 1
node 3 2 1 1
node 4 3 0 2
node 7 1 0 0
node 15 1 0 0
gene 1 1 4 -3.66131 0 1 -3.66131 1
gene 3 2 4 -5.88981 0 2 -5.88981 1
gene 2 3 4 5.81812 0 3 5.81812 1
gene 1 2 7 -0.604884 0 8 -0.604884 1
gene 1 7 4 1.10168 0 9 1.10168 1
gene 3 2 15 -2.55541 0 32 -2.55541 1
gene 3 15 4 0.0679418 0 33 0.0679418 1
gene 3 15 7 0.500313 0 60 0.500313 1
gene 3 1 15 -2.12464 0 68 -2.12464 1
genomeend 74

/* Organism #75 Fitness: 7.28421 Error: 1.30107 */
genomestart 75
trait 1 0 0 0 0 0 0 0.652181 0.250862 
trait 2 0 0 0.307535 0 0 0 0 0 
trait 3 0.3 0 0 0 0 0 0 0 
node 1 1 1 3
node 2 3 1 1
node 3 2 1 1
node 4 3 0 2
node 7 1 0 0
node 15 1 0 0
gene 1 1 4 -6.12378 0 1 -6.12378 1
gene 3 2 4 -5.27783 0 2 -5.27783 1
gene 2 3 4 4.88514 0 3 4.88514 1
gene 1 2 7 -0.589465 0 8 -0.589465 1
gene 1 7 4 2.81934 0 9 2.81934 1
gene 3 2 15 -3.77477 0 32 -3.77477 1
gene 3 15 4 3.14016 0 33 3.14016 1
gene 3 15 7 4.84756 0 60 4.84756 1
gene 3 1 15 -3.44716 0 68 -3.44716 1
genomeend 75

/* Organism #76 Fitness: 5.44902 Error: 1.66569 */
genomestart 76
trait 1 0 0 0 0 0 0 0.652181 0.250862 
trait 2 0 0 0.307535 0 0 0 0 0 
trait 3 0.3 0 0 0 0 0 0 0 
node 1 1 1 3
node 2 3 1 1
node 3 2 1 1
node 4 3 0 2
node 7 1 0 0
node 15 1 0 0
gene 1 1 4 -2.93757 0 1 -2.93757 1
gene 3 2 4 -0.928755 0 2 -0.928755 1
gene 2 3 4 2.32265 0 3 2.32265 1
gene 1 2 7 0.316553 0 8 0.316553 1
gene 1 7 4 1.10168 0 9 1.10168 1
gene 3 2 15 -2.1473 0 32 -2.1473 1
gene 3 15 4 -1.9472 0 33 -1.9472 1
gene 3 15 7 0.352718 0 60 0.352718 1
gene 3 1 15 -0.735511 0 68 -0.735511 1
genomeend 76

/* Organism #77 Fitness: 8.99985 Error: 1.00003 */
genomestart 77
trait 1 0 0 0 0 0 0 0.652181 0.250862 
trait 2 0 0 0.307535 0 0 0 0 0 
trait 3 0.3 0 0 0 0 0 0 0 
node 1 1 1 3
node 2 3 1 1
node 3 2 1 1
node 4 3 0 2
node 7 1 0 0
node 15 1 0 0
gene 1 1 4 -2.93757 0 1 -2.93757 1
gene 3 2 4 -6.91568 0 2 -6.91568 1
gene 2 3 4 4.61108 0 3 4.61108 1
gene 1 2 7 -0.436735 0 8 -0.436735 1
gene 1 7 4 1.10168 0 9 1.10168 1
gene 3 2 15 -2.1473 0 32 -2.1473 1
gene 3 15 4 -0.993416 0 33 -0.993416 1
gene 3 15 7 2.38388 0 60 2.38388 1
gene 3 1 15 -2.12464 0 68 -2.12464 1
genomeend 77

/* Organism #78 Fitness: 3.99979 Error: 2.00005 */
genomestart 78
trait 1 0 0 0 0 0 0 0.652181 0.250862 
trait 2 0 0 0.307535 0 0 0 0 0 
trait 3 0.3 0 0 0 0 0 0 0 
node 1 1 1 3
node 2 3 1 1
node 3 2 1 1
node 4 3 0 2
node 7 1 0 0
node 15 1 0 0
gene 1 1 4 -1.83111 0 1 -1.83111 1
gene 3 2 4 -5.28134 0 2 -5.28134 1
gene 2 3 4 -1.83844 0 3 -1.83844 1
gene 1 2 7 0.813074 0 8 0.813074 1
gene 1 7 4 -0.33269 0 9 -0.33269 1
gene 3 2 15 -1.23975 0 32 -1.23975 1
gene 3 15 4 -0.939169 0 33 -0.939169 1
gene 3 15 7 1.01222 0 60 1.01222 1
gene 3 1 15 -3.22147 0 68 -3.22147 1
genomeend 78

/* Organism #79 Fitness: 6.16641 Error: 1.51677 */
genomestart 79
trait 1 0 0 0 0 0 0 0.652181 0.250862 
trait 2 0 0 0.307535 0 0 0 0 0 
trait 3 0.867156 0 0.957396 0.0419935 0 0.166967 0 0 
node 1 1 1 3
node 2 3 1 1
node 3 2 1 1
node 4 3 0 2
node 7 1 0 0
node 15 1 0 0
gene 1 1 4 -0.598476 0 1 -0.598476 1
gene 3 2 4 -6.73379 0 2 -6.73379 1
gene 3 3 4 3.19349 0 3 3.19349 1
gene 1 2 7 -1.79519 0 8 -1.79519 1
gene 1 7 4 1.22421 0 9 1.22421 1
gene 3 2 15 -0.310923 0 32 -0.310923 1
gene 3 15 4 -2.33661 0 33 -2.33661 1
gene 3 15 7 3.69053 0 60 3.69053 1
gene 3 1 15 -3.47508 0 68 -3.47508 1
genomeend 79

/* Organism #80 Fitness: 8.72544 Error: 1.04612 */
genomestart 80
trait 1 0 0 0 0 0 0 0.652181 0.250862 
trait 2 0 0 0.307535 0 0 0 0 0 
trait 3 0.3 0 0 0 0 0 0 0 
node 1 1 1 3
node 2 3 1 1
node 3 2 1 1
node 4 3 0 2
node 7 1 0 0
node 15 1 0 0
gene 1 1 4 -1.05351 0 1 -1.05351 1
gene 3 2 4 -5.61872 0 2 -5.61872 1
gene 2 3 4 3.92014 0 3 3.92014 1
gene 1 2 7 -2.86943 0 8 -2.86943 1
gene 3 7 4 0.876606 0 9 0.876606 1
gene 3 2 15 -4.68735 0 32 -4.68735 1
gene 3 15 4 0.341617 0 33 0.341617 1
gene 3 15 7 -2.95511 0 60 -2.95511 1
gene 3 1 15 -4.37271 0 68 -4.37271 1
genomeend 80

/* Organism #81 Fitness: 8.99998 Error: 1 */
genomestart 81
trait 1 0 0 0 0 0 0 0.652181 0.250862 
trait 2 0 0 0.307535 0 0 0 0 0 
trait 3 0.3 0 0 0 0 0 0 0 
node 1 1 1 3
node 2 3 1 1
node 3 2 1 1
node 4 3 0 2
node 7 1 0 0
node 15 1 0 0
gene 1 1 4 -2.86417 0 1 -2.86417 1
gene 3 2 4 -6.09123 0 2 -6.09123 1
gene 2 3 4 5.73721 0 3 5.73721 1
gene 1 2 7 -1.67983 0 8 -1.67983 1
gene 1 7 4 -0.55105 0 9 -0.55105 1
gene 3 2 15 -4.46396 0 32 -4.46396 1
gene 3 15 4 -3.41895 0 33 -3.41895 1
gene 3 15 7 3.39274 0 60 3.39274 1
gene 3 1 15 -2.07527 0 68 -2.07527 1
genomeend 81

/* Organism #82 Fitness: 8.99964 Error: 1.00006 */
genomestart 82
trait 1 0 0 0 0 0 0 0.652181 0.250862 
trait 2 0 0 0.307535 0 0 0 0 0 
trait 3 0.3 0 0 0 0 0 0 0 
node 1 1 1 3
node 2 3 1 1
node 3 2 1 1
node 4 3 0 2
node 7 1 0 0
node 15 1 0 0
gene 1 1 4 -5.11293 0 1 -5.11293 1
gene 3 2 4 -4.86393 0 2 -4.86393 1
gene 2 3 4 8 0 3 8 1
gene 1 2 7 -2.51778 0 8 -2.51778 1
gene 3 7 4 -2.31895 0 9 -2.31895 1
gene 3 2 15 -2.96352 0 32 -2.96352 1
gene 3 15 4 1.67032 0 33 1.67032 1
gene 3 15 7 -3.56967 0 60 -3.56967 1
gene 3 1 15 -0.244011 0 68 -0.244011 1
genomeend 82

/* Species #11 : (Size 7) (AF 6.29582) (Age 12)  */


/* Organism #83 Fitness: 8.99971 Error: 1.00005 */
genomestart 83
trait 1 0.1 0 0 0 0 0 0 0 
trait 2 0.2 0 0 0 0 0 0 0 
trait 3 0.3 0 0 0 0 0 0 0 
node 1 2 1 3
node 2 2 1 1
node 3 3 1 1
node 4 2 0 2
node 9 1 0 0
node 20 1 0 0
gene 2 1 4 5.11523 0 1 5.11523 1
gene 1 2 4 -5.37244 0 2 -5.37244 1
gene 3 3 4 -4.31894 0 3 -4.31894 1
gene 3 3 9 0.529633 0 12 0.529633 1
gene 3 9 4 1.83851 0 13 1.83851 0
gene 1 2 9 1.31579 0 25 1.31579 1
gene 3 9 20 3.84879 0 47 3.84879 1
gene 3 20 4 2.38624 0 48 2.38624 1
gene 1 2 20 2.02089 0 129 2.02089 1
genomeend 83

/* Organism #84 Fitness: 4.00003 Error: 1.99999 */
genomestart 84
trait 1 0.1 0 0 0 0 0 0 0 
trait 2 0.2 0 0 0 0 0 0 0 
trait 3 0.3 0 0 0 0 0 0 0 
node 1 2 1 3
node 2 2 1 1
node 3 3 1 1
node 4 2 0 2
node 9 1 0 0
node 20 1 0 0
gene 2 1 4 -0.0318918 0 1 -0.0318918 1
gene 1 2 4 2.12706 0 2 2.12706 1
gene 3 3 4 1.63305 0 3 1.63305 1
gene 3 3 9 0.529633 0 12 0.529633 1
gene 3 9 4 1.5685 0 13 1.5685 1
gene 1 2 9 1.20867 0 25 1.20867 1
gene 3 9 20 3.38414 0 47 3.38414 1
gene 3 20 4 1.63518 0 48 1.63518 1
gene 1 2 20 2.76005 0 129 2.76005 1
genomeend 84

/* Organism #85 Fitness: 8.93937 Error: 1.01012 */
genomestart 85
trait 1 0.1 0 0 0 0 0 0 0 
trait 2 0.2 0 0 0 0 0 0 0 
trait 3 0.3 0 0 0 0 0 0 0 
node 1 2 1 3
node 2 2 1 1
node 3 3 1 1
node 4 2 0 2
node 9 1 0 0
node 20 1 0 0
gene 2 1 4 2.70698 0 1 2.70698 1
gene 1 2 4 -2.67615 0 2 -2.67615 1
gene 3 3 4 -2.22831 0 3 -2.22831 1
gene 3 3 9 2.03216 0 12 2.03216 1
gene 3 9 4 -2.42645 0 13 -2.42645 0
gene 1 2 9 3.21797 0 25 3.21797 1
gene 3 9 20 2.01575 0 47 2.01575 1
gene 3 20 4 0.978576 0 48 0.978576 1
gene 1 2 20 2.76676 0 129 2.76676 1
genomeend 85

/* Organism #86 Fitness: 8.12017 Error: 1.15041 */
genomestart 86
trait 1 0.1 0 0 0 0 0 0 0 
trait 2 0.2 0 0 0 0 0 0 0 
trait 3 0.3 0 0 0 0 0 0 0 
node 1 2 1 3
node 2 2 1 1
node 3 3 1 1
node 4 2 0 2
node 9 1 0 0
node 20 1 0 0
gene 2 1 4 5.11523 0 1 5.11523 1
gene 1 2 4 -5.37244 0 2 -5.37244 1
gene 3 3 4 -4.31894 0 3 -4.31894 1
gene 3 3 9 0.529633 0 12 0.529633 1
gene 3 9 4 1.83851 0 13 1.83851 1
gene 1 2 9 1.31579 0 25 1.31579 1
gene 3 9 20 3.84879 0 47 3.84879 1
gene 3 20 4 2.38624 0 48 2.38624 1
gene 1 2 20 2.02089 0 129 2.02089 1
gene 1 3 20 -0.158727 0 177 -0.158727 1
genomeend 86

/* Organism #87 Fitness: 8.9997 Error: 1.00005 */
genomestart 87
trait 1 0.1 0 0 0 0 0 0 0 
trait 2 0.2 0 0 0 0 0 0 0 
trait 3 0.3 0 0 0 0 0 0 0 
node 1 2 1 3
node 2 2 1 1
node 3 3 1 1
node 4 2 0 2
node 9 1 0 0
node 20 1 0 0
gene 2 1 4 4.85031 0 1 4.85031 1
gene 1 2 4 -5.19998 0 2 -5.19998 1
gene 3 3 4 -4.34799 0 3 -4.34799 1
gene 3 3 9 0.648474 0 12 0.648474 1
gene 3 9 4 1.98376 0 13 1.98376 0
gene 1 2 9 1.14582 0 25 1.14582 1
gene 3 9 20 3.59029 0 47 3.59029 1
gene 3 20 4 2.43934 0 48 2.43934 1
gene 1 2 20 1.7458 0 129 1.7458 1
genomeend 87

/* Organism #88 Fitness: 1.0118 Error: 2.99412 */
genomestart 88
trait 1 0.1 0 0 0 0 0 0 0 
trait 2 0.2 0 0 0 0 0 0 0 
trait 3 0 0.21601 0 0 0.158605 0.770348 0.239937 0 
node 1 2 1 3
node 2 2 1 1
node 3 3 1 1
node 4 2 0 2
node 9 1 0 0
node 20 1 0 0
gene 2 1 4 3.70798 0 1 3.70798 1
gene 1 2 4 -6.54185 0 2 -6.54185 1
gene 3 3 4 -4.93263 0 3 -4.93263 1
gene 3 3 9 1.7967 0 12 1.7967 1
gene 3 9 4 -0.687201 0 13 -0.687201 0
gene 1 2 9 -0.94689 0 25 -0.94689 1
gene 3 9 20 3.33179 0 47 3.33179 1
gene 3 20 4 0.182882 0 48 0.182882 1
gene 1 2 20 3.71123 0 129 3.71123 1
genomeend 88

/* Organism #89 Fitness: 3.99997 Error: 2.00001 */
genomestart 89
trait 1 0.1 0 0 0 0 0 0 0 
trait 2 0.2 0 0 0 0 0 0 0 
trait 3 0.3 0 0 0 0 0 0 0 
node 1 2 1 3
node 2 2 1 1
node 3 3 1 1
node 4 2 0 2
node 9 1 0 0
node 20 1 0 0
gene 2 1 4 3.05607 0 1 3.05607 1
gene 1 2 4 -7.80759 0 2 -7.80759 1
gene 3 3 4 -1.88963 0 3 -1.88963 1
gene 3 3 9 -1.2409 0 12 -1.2409 1
gene 3 9 4 4.22437 0 13 4.22437 0
gene 1 2 9 -0.237907 0 25 -0.237907 1
gene 3 9 20 4.01321 0 47 4.01321 1
gene 3 20 4 2.23365 0 48 2.23365 1
gene 1 2 20 -0.242286 0 129 -0.242286 1
genomeend 89

/* Species #14 : (Size 9) (AF 7.57859) (Age 10)  */


/* Organism #90 Fitness: 8.9999 Error: 1.00002 */
genomestart 90
trait 1 0 0 0 0 0 0 0.652181 0 
trait 2 0.2 0 0 0 0 0 0 0 
trait 3 0.3 0 0 0 0 0 0 0 
node 1 1 1 3
node 2 2 1 1
node 3 2 1 1
node 4 3 0 2
node 7 2 0 0
node 14 1 0 0
node 28 1 0 0
gene 3 1 4 -1.32287 0 1 -1.32287 1
gene 3 2 4 -0.720771 0 2 -0.720771 0
gene 2 3 4 6.76721 0 3 6.76721 1
gene 1 2 7 -2.40629 0 8 -2.40629 0
gene 1 7 4 3.73463 0 9 3.73463 1
gene 1 3 7 -0.778687 0 16 -0.778687 1
gene 3 2 14 -3.1435 0 29 -3.1435 1
gene 3 14 4 -4.45742 0 30 -4.45742 1
gene 2 14 7 -4.38502 0 52 -4.38502 1
gene 1 1 7 -0.512406 0 71 -0.512406 1
gene 1 2 28 5.20682 0 78 5.20682 1
gene 1 28 7 1.13539 0 79 1.13539 1
genomeend 90

/* Organism #91 Fitness: 7.82462 Error: 1.20275 */
genomestart 91
trait 1 0 0 0 0 0 0 0.652181 0 
trait 2 0.2 0 0 0 0 0 0 0 
trait 3 0.3 0 0 0 0 0 0 0 
node 1 1 1 3
node 2 2 1 1
node 3 2 1 1
node 4 3 0 2
node 7 2 0 0
node 14 1 0 0
node 28 1 0 0
gene 3 1 4 -1.53874 0 1 -1.53874 1
gene 3 2 4 -4.44075 0 2 -4.44075 1
gene 2 3 4 1.03069 0 3 1.03069 1
gene 1 2 7 -4.8309 0 8 -4.8309 0
gene 1 7 4 5.95248 0 9 5.95248 1
gene 1 3 7 -3.67894 0 16 -3.67894 1
gene 3 2 14 2.09098 0 29 2.09098 1
gene 3 14 4 1.57331 0 30 1.57331 1
gene 2 14 7 1.12484 0 52 1.12484 1
gene 1 1 7 1.28422 0 71 1.28422 1
gene 1 2 28 4.21581 0 78 4.21581 1
gene 1 28 7 -0.448065 0 79 -0.448065 1
gene 2 1 28 2.72816 0 171 2.72816 1
genomeend 91

/* Organism #92 Fitness: 8.76597 Error: 1.03926 */
genomestart 92
trait 1 0 0 0 0 0 0 0.652181 0 
trait 2 0.2 0 0 0 0 0 0 0 
trait 3 0.3 0 0 0 0 0 0 0 
node 1 1 1 3
node 2 2 1 1
node 3 2 1 1
node 4 3 0 2
node 7 2 0 0
node 14 1 0 0
node 28 1 0 0
gene 3 1 4 -1.3197 0 1 -1.3197 1
gene 3 2 4 -0.869625 0 2 -0.869625 0
gene 2 3 4 8 0 3 8 1
gene 1 2 7 -1.51212 0 8 -1.51212 0
gene 1 7 4 2.35157 0 9 2.35157 1
gene 1 3 7 0.122608 0 16 0.122608 1
gene 3 2 14 -1.60634 0 29 -1.60634 1
gene 3 14 4 -2.75464 0 30 -2.75464 1
gene 2 14 7 -5.91533 0 52 -5.91533 1
gene 1 1 7 0.644551 0 71 0.644551 1
gene 1 2 28 6.78402 0 78 6.78402 1
gene 1 28 7 -0.309 0 79 -0.309 1
genomeend 92

/* Organism #93 Fitness: 9.27776 Error: 0.954059 */
genomestart 93
trait 1 0 0 0 0 0 0 0.652181 0 
trait 2 0.2 0 0 0 0 0 0 0 
trait 3 0.3 0 0 0 0 0 0 0 
node 1 1 1 3
node 2 2 1 1
node 3 2 1 1
node 4 3 0 2
node 7 2 0 0
node 14 1 0 0
node 28 1 0 0
gene 3 1 4 -0.784829 0 1 -0.784829 1
gene 3 2 4 -1.02718 0 2 -1.02718 0
gene 2 3 4 0.0669118 0 3 0.0669118 1
gene 1 2 7 -3.81372 0 8 -3.81372 0
gene 1 7 4 3.73463 0 9 3.73463 1
gene 1 3 7 -2.44362 0 16 -2.44362 1
gene 3 2 14 -1.6458 0 29 -1.6458 1
gene 3 14 4 1.26423 0 30 1.26423 1
gene 2 14 7 -6.83497 0 52 -6.83497 1
gene 1 1 7 1.62832 0 71 1.62832 1
gene 1 2 28 4.81306 0 78 4.81306 1
gene 1 28 7 -0.448065 0 79 -0.448065 1
genomeend 93

/* Organism #94 Fitness: 6.1419 Error: 1.52171 */
genomestart 94
trait 1 0 0 0 0 0 0 0.652181 0 
trait 2 0.2 0 0 0 0 0 0 0 
trait 3 0.3 0 0 0 0 0 0 0 
node 1 1 1 3
node 2 2 1 1
node 3 2 1 1
node 4 3 0 2
node 7 2 0 0
node 14 1 0 0
node 28 1 0 0
gene 3 1 4 -2.17414 0 1 -2.17414 1
gene 3 2 4 -2.42378 0 2 -2.42378 0
gene 2 3 4 7.6822 0 3 7.6822 1
gene 1 2 7 -3.05587 0 8 -3.05587 0
gene 1 7 4 4.84355 0 9 4.84355 1
gene 1 3 7 0.321238 0 16 0.321238 1
gene 3 2 14 -5.39161 0 29 -5.39161 1
gene 3 14 4 -5.96564 0 30 -5.96564 1
gene 2 14 7 -0.968429 0 52 -0.968429 1
gene 1 1 7 1.54706 0 71 1.54706 1
gene 1 2 28 6.824 0 78 6.824 1
gene 1 28 7 -1.59154 0 79 -1.59154 1
genomeend 94

/* Organism #95 Fitness: 9 Error: 1 */
genomestart 95
trait 1 0 0 0 0 0 0 0.652181 0 
trait 2 0.2 0 0 0 0 0 0 0 
trait 3 0.3 0 0 0 0 0 0 0 
node 1 1 1 3
node 2 2 1 1
node 3 2 1 1
node 4 3 0 2
node 7 2 0 0
node 14 1 0 0
node 28 1 0 0
gene 3 1 4 -1.32287 0 1 -1.32287 1
gene 3 2 4 -0.720771 0 2 -0.720771 0
gene 2 3 4 6.76721 0 3 6.76721 1
gene 1 2 7 -2.40629 0 8 -2.40629 0
gene 1 7 4 5.95248 0 9 5.95248 1
gene 1 3 7 -1.5254 0 16 -1.5254 1
gene 3 2 14 -2.79383 0 29 -2.79383 1
gene 3 14 4 -3.81088 0 30 -3.81088 1
gene 2 14 7 -3.96303 0 52 -3.96303 1
gene 1 1 7 -0.512406 0 71 -0.512406 1
gene 1 2 28 5.20682 0 78 5.20682 1
gene 1 28 7 1.13539 0 79 1.13539 1
genomeend 95

/* Organism #96 Fitness: 4.45591 Error: 1.8891 */
genomestart 96
trait 1 0 0 0 0 0 0 0.652181 0 
trait 2 0.2 0 0 0 0 0 0 0 
trait 3 0.3 0 0 0 0 0 0 0 
node 1 1 1 3
node 2 2 1 1
node 3 2 1 1
node 4 3 0 2
node 7 2 0 0
node 14 1 0 0
node 28 1 0 0
gene 3 1 4 0.339549 0 1 0.339549 1
gene 3 2 4 -0.720771 0 2 -0.720771 0
gene 2 3 4 6.76721 0 3 6.76721 1
gene 1 2 7 -2.40629 0 8 -2.40629 0
gene 1 7 4 5.95248 0 9 5.95248 1
gene 1 3 7 -1.5254 0 16 -1.5254 1
gene 3 2 14 -2.79383 0 29 -2.79383 1
gene 3 14 4 -4.45742 0 30 -4.45742 1
gene 2 14 7 -3.96303 0 52 -3.96303 1
gene 1 1 7 1.3216 0 71 1.3216 1
gene 1 2 28 5.20682 0 78 5.20682 1
gene 1 28 7 1.13539 0 79 1.13539 1
genomeend 96

/* Organism #97 Fitness: 4.74217 Error: 1.82235 */
genomestart 97
trait 1 0 0 0 0 0 0 0.652181 0 
trait 2 0.2 0 0 0 0 0 0 0 
trait 3 0.3 0 0 0 0 0 0 0 
node 1 1 1 3
node 2 2 1 1
node 3 2 1 1
node 4 3 0 2
node 7 2 0 0
node 14 1 0 0
node 28 1 0 0
gene 3 1 4 0.991958 0 1 0.991958 1
gene 1 2 4 -4.4451 0 2 -4.4451 0
gene 2 3 4 -1.8762 0 3 -1.8762 1
gene 1 2 7 -0.867565 0 8 -0.867565 0
gene 1 7 4 3.85647 0 9 3.85647 1
gene 1 3 7 1.40178 0 16 1.40178 1
gene 3 2 14 -2.14661 0 29 -2.14661 1
gene 3 14 4 1.19945 0 30 1.19945 1
gene 2 14 7 -6.24314 0 52 -6.24314 1
gene 1 1 7 -1.48999 0 71 -1.48999 1
gene 1 2 28 6.16457 0 78 6.16457 1
gene 1 28 7 -1.35218 0 79 -1.35218 1
genomeend 97

/* Organism #98 Fitness: 8.99906 Error: 1.00016 */
genomestart 98
trait 1 0 0 0 0 0 0 0.652181 0 
trait 2 0.2 0 0 0 0 0 0 0 
trait 3 0.3 0 0 0 0 0 0 0 
node 1 1 1 3
node 2 2 1 1
node 3 2 1 1
node 4 3 0 2
node 7 2 0 0
node 14 1 0 0
node 28 1 0 0
gene 3 1 4 0.972503 0 1 0.972503 1
gene 3 2 4 -3.72837 0 2 -3.72837 0
gene 2 3 4 5.81107 0 3 5.81107 1
gene 1 2 7 -0.357654 0 8 -0.357654 0
gene 1 7 4 3.56326 0 9 3.56326 1
gene 1 3 7 -3.51231 0 16 -3.51231 1
gene 3 2 14 -4.08736 0 29 -4.08736 1
gene 3 14 4 -5.86241 0 30 -5.86241 1
gene 2 14 7 -4.03063 0 52 -4.03063 1
gene 1 1 7 1.08493 0 71 1.08493 1
gene 1 2 28 5.20682 0 78 5.20682 1
gene 1 28 7 0.667692 0 79 0.667692 1
genomeend 98

/* Species #15 : (Size 8) (AF 6.40616) (Age 8)  */


/* Organism #99 Fitness: 8.99987 Error: 1.00002 */
genomestart 99
trait 1 0 0 0 0 0 0 0.652181 0.250862 
trait 2 0.2 0 0 0 0 0 0 0 
trait 3 0.3 0 0 0 0 0 0 0 
node 1 1 1 3
node 2 3 1 1
node 3 3 1 1
node 4 3 0 2
node 7 1 0 0
node 11 1 0 0
node 33 1 0 0
gene 3 1 4 -3.48442 0 1 -3.48442 1
gene 3 2 4 -6.24313 0 2 -6.24313 1
gene 2 3 4 7.54341 0 3 7.54341 1
gene 1 2 7 -1.32617 0 8 -1.32617 1
gene 1 7 4 3.11525 0 9 3.11525 1
gene 1 2 11 3.55139 0 17 3.55139 1
gene 1 11 7 1.85354 0 18 1.85354 1
gene 1 3 11 4.16374 0 28 4.16374 1
gene 1 3 7 -1.23705 0 83 -1.23705 0
gene 2 3 33 2.91794 0 95 2.91794 1
gene 1 33 7 -2.42816 0 96 -2.42816 1
genomeend 99

/* Organism #100 Fitness: 3.88172 Error: 2.02979 */
genomestart 100
trait 1 0 0 0 0 0 0 0.652181 0.250862 
trait 2 0.2 0 0 0 0 0 0 0 
trait 3 0.3 0 0 0 0 0 0 0 
node 1 1 1 3
node 2 3 1 1
node 3 3 1 1
node 4 3 0 2
node 7 1 0 0
node 11 1 0 0
node 33 1 0 0
gene 3 1 4 -1.02448 0 1 -1.02448 1
gene 3 2 4 -6.1924 0 2 -6.1924 1
gene 2 3 4 8 0 3 8 1
gene 1 2 7 0.616718 0 8 0.616718 1
gene 1 7 4 4.61592 0 9 4.61592 1
gene 1 2 11 1.71532 0 17 1.71532 1
gene 1 11 7 1.07349 0 18 1.07349 1
gene 1 3 11 4.16374 0 28 4.16374 1
gene 1 3 7 1.70417 0 83 1.70417 0
gene 2 3 33 2.74596 0 95 2.74596 1
gene 1 33 7 -2.11603 0 96 -2.11603 1
genomeend 100

/* Organism #101 Fitness: 8.92701 Error: 1.01219 */
genomestart 101
trait 1 0 0 0 0 0 0 0.652181 0.250862 
trait 2 0.2 0.237342 0.300729 0 0 0 0 0 
trait 3 0.3 0 0 0 0 0 0 0 
node 1 1 1 3
node 2 3 1 1
node 3 3 1 1
node 4 3 0 2
node 7 1 0 0
node 11 1 0 0
node 33 1 0 0
gene 3 1 4 -0.932081 0 1 -0.932081 1
gene 3 2 4 -7.2214 0 2 -7.2214 1
gene 2 3 4 3.07566 0 3 3.07566 1
gene 1 2 7 0.649678 0 8 0.649678 1
gene 1 7 4 0.665075 0 9 0.665075 1
gene 1 2 11 7.66559 0 17 7.66559 1
gene 1 11 7 0.153203 0 18 0.153203 1
gene 1 3 11 0.215766 0 28 0.215766 1
gene 1 3 7 -0.225608 0 83 -0.225608 0
gene 2 3 33 5.50224 0 95 5.50224 1
gene 1 33 7 -1.27911 0 96 -1.27911 1
genomeend 101

/* Organism #102 Fitness: 8.99726 Error: 1.00046 */
genomestart 102
trait 1 0 0 0 0 0 0 0.652181 0.250862 
trait 2 0.2 0 0 0 0 0 0 0 
trait 3 0.3 0 0 0 0 0 0 0 
node 1 1 1 3
node 2 3 1 1
node 3 3 1 1
node 4 3 0 2
node 7 1 0 0
node 11 1 0 0
node 33 1 0 0
gene 3 1 4 -2.19196 0 1 -2.19196 1
gene 3 2 4 -8 0 2 -8 1
gene 2 3 4 3.76148 0 3 3.76148 1
gene 1 2 7 -0.318636 0 8 -0.318636 1
gene 1 7 4 0.573176 0 9 0.573176 1
gene 1 2 11 4.87242 0 17 4.87242 1
gene 1 11 7 -0.302286 0 18 -0.302286 1
gene 1 3 11 5.46866 0 28 5.46866 1
gene 1 3 7 0.302416 0 83 0.302416 0
gene 2 3 33 1.27154 0 95 1.27154 1
gene 1 33 7 -0.727439 0 96 -0.727439 1
genomeend 102

/* Organism #103 Fitness: 8.99969 Error: 1.00005 */
genomestart 103
trait 1 0 0 0 0 0 0 0.652181 0.250862 
trait 2 0.2 0 0 0 0 0 0 0 
trait 3 0.3 0 0 0 0 0 0 0 
node 1 1 1 3
node 2 3 1 1
node 3 3 1 1
node 4 1 0 2
node 7 1 0 0
node 11 1 0 0
node 33 1 0 0
gene 3 1 4 -4.20893 0 1 -4.20893 1
gene 3 2 4 -5.42875 0 2 -5.42875 1
gene 2 3 4 6.24142 0 3 6.24142 1
gene 1 2 7 1.61017 0 8 1.61017 1
gene 1 7 4 1.32008 0 9 1.32008 1
gene 1 2 11 7.67032 0 17 7.67032 1
gene 1 11 7 -0.336543 0 18 -0.336543 1
gene 1 3 11 3.17362 0 28 3.17362 1
gene 1 3 7 -1.19076 0 83 -1.19076 0
gene 2 3 33 5.96414 0 95 5.96414 1
gene 1 33 7 -1.07581 0 96 -1.07581 1
gene 1 33 11 0.589007 0 172 0.589007 1
genomeend 103

/* Organism #104 Fitness: 1.03651 Error: 2.98191 */
genomestart 104
trait 1 0 0 0 0 0 0 0.652181 0.250862 
trait 2 0.2 0 0 0 0 0 0 0 
trait 3 0.3 0 0 0 0 0 0 0 
node 1 1 1 3
node 2 3 1 1
node 3 3 1 1
node 4 3 0 2
node 7 1 0 0
node 11 1 0 0
node 33 1 0 0
gene 3 1 4 -2.41032 0 1 -2.41032 1
gene 3 2 4 -5.76815 0 2 -5.76815 1
gene 2 3 4 5.27879 0 3 5.27879 1
gene 1 2 7 -1.47071 0 8 -1.47071 1
gene 1 7 4 3.76102 0 9 3.76102 1
gene 1 2 11 3.3035 0 17 3.3035 1
gene 1 11 7 0.58105 0 18 0.58105 1
gene 1 3 11 2.37366 0 28 2.37366 1
gene 1 3 7 2.19494 0 83 2.19494 1
gene 2 3 33 1.43298 0 95 1.43298 1
gene 1 33 7 0.00439467 0 96 0.00439467 1
gene 1 33 11 2.43027 0 172 2.43027 1
genomeend 104

/* Organism #105 Fitness: 3.99984 Error: 2.00004 */
genomestart 105
trait 1 0 0 0 0 0 0 0.652181 0.250862 
trait 2 0.2 0 0 0 0 0 0 0 
trait 3 0.3 0 0 0 0 0 0 0 
node 1 1 1 3
node 2 3 1 1
node 3 3 1 1
node 4 3 0 2
node 7 1 0 0
node 11 2 0 0
node 33 1 0 0
gene 3 1 4 1.35182 0 1 1.35182 1
gene 3 2 4 -1.51479 0 2 -1.51479 1
gene 3 3 4 2.10257 0 3 2.10257 1
gene 1 2 7 1.76978 0 8 1.76978 1
gene 1 7 4 2.22129 0 9 2.22129 1
gene 1 2 11 7.19079 0 17 7.19079 1
gene 1 11 7 0.218513 0 18 0.218513 1
gene 1 3 11 0.431837 0 28 0.431837 1
gene 1 3 7 2.60782 0 83 2.60782 0
gene 2 3 33 5.2481 0 95 5.2481 1
gene 1 33 7 0.973281 0 96 0.973281 1
genomeend 105

/* Organism #106 Fitness: 6.40738 Error: 1.46872 */
genomestart 106
trait 1 0 0 0 0 0 0 0.652181 0.250862 
trait 2 0.2 0 0 0 0 0 0 0 
trait 3 0.3 0 0.46614 0.79165 0 0 0 0 
node 1 1 1 3
node 2 3 1 1
node 3 3 1 1
node 4 3 0 2
node 7 1 0 0
node 11 1 0 0
node 33 1 0 0
gene 3 1 4 -2.73222 0 1 -2.73222 1
gene 3 2 4 -3.6499 0 2 -3.6499 1
gene 2 3 4 6.27636 0 3 6.27636 1
gene 1 2 7 -2.95776 0 8 -2.95776 1
gene 1 7 4 2.32421 0 9 2.32421 1
gene 1 2 11 5.12935 0 17 5.12935 1
gene 1 11 7 3.77987 0 18 3.77987 1
gene 1 3 11 0.535165 0 28 0.535165 1
gene 1 3 7 1.97014 0 83 1.97014 0
gene 2 3 33 2.48404 0 95 2.48404 1
gene 1 33 7 -2.25222 0 96 -2.25222 1
genomeend 106

/* Species #16 : (Size 6) (AF 7.95036) (Age 4)  */


/* Organism #107 Fitness: 8.9979 Error: 1.00035 */
genomestart 107
trait 1 0.1 0 0 0 0 0 0 0 
trait 2 0.2 0 0 0 0 0 0 0 
trait 3 0.3 0 0 0 0 0 0 0 
node 1 2 1 3
node 2 2 1 1
node 3 3 1 1
node 4 2 0 2
node 9 1 0 0
node 20 1 0 0
node 48 1 0 0
gene 2 1 4 5.79007 0 1 5.79007 1
gene 1 2 4 -4.31593 0 2 -4.31593 1
gene 3 3 4 -3.54156 0 3 -3.54156 1
gene 3 3 9 2.37818 0 12 2.37818 1
gene 3 9 4 0.192572 0 13 0.192572 0
gene 1 2 9 4.36268 0 25 4.36268 1
gene 3 9 20 -0.539811 0 47 -0.539811 1
gene 3 20 4 2.48894 0 48 2.48894 0
gene 3 20 48 0.163182 0 140 0.163182 1
gene 3 48 4 0.503021 0 141 0.503021 1
gene 3 1 48 0.197363 0 173 0.197363 1
genomeend 107

/* Organism #108 Fitness: 8.93873 Error: 1.01023 */
genomestart 108
trait 1 0.1 0 0 0 0 0 0 0 
trait 2 0.2 0 0 0 0 0 0 0 
trait 3 0.3 0 0 0 0 0 0 0 
node 1 2 1 3
node 2 2 1 1
node 3 3 1 1
node 4 2 0 2
node 9 1 0 0
node 20 1 0 0
node 48 1 0 0
gene 2 1 4 7.92522 0 1 7.92522 1
gene 1 2 4 -6.71079 0 2 -6.71079 1
gene 3 3 4 -2.20096 0 3 -2.20096 1
gene 3 3 9 1.02186 0 12 1.02186 1
gene 3 9 4 -1.02535 0 13 -1.02535 0
gene 1 2 9 4.31866 0 25 4.31866 1
gene 3 9 20 0.496597 0 47 0.496597 1
gene 3 20 4 1.77519 0 48 1.77519 0
gene 3 20 48 -0.428571 0 140 -0.428571 1
gene 3 48 4 2.40638 0 141 2.40638 1
gene 3 1 48 -2.37106 0 173 -2.37106 1
genomeend 108

/* Organism #109 Fitness: 4 Error: 2 */
genomestart 109
trait 1 0.1 0 0 0 0 0 0 0 
trait 2 0.2 0 0 0 0 0 0 0 
trait 3 0.3 0 0 0 0 0 0 0 
node 1 2 1 3
node 2 2 1 1
node 3 3 1 1
node 4 2 0 2
node 9 1 0 0
node 20 1 0 0
node 48 1 0 0
gene 2 1 4 8 0 1 8 1
gene 1 2 4 -2.86546 0 2 -2.86546 1
gene 3 3 4 0.851695 0 3 0.851695 1
gene 3 3 9 2.37818 0 12 2.37818 1
gene 3 9 4 -1.37364 0 13 -1.37364 0
gene 1 2 9 5.50018 0 25 5.50018 1
gene 3 9 20 0.188971 0 47 0.188971 1
gene 3 20 4 0.572146 0 48 0.572146 0
gene 3 20 48 1.35371 0 140 1.35371 1
gene 3 48 4 -0.296258 0 141 -0.296258 1
gene 3 1 48 1.89969 0 173 1.89969 1
genomeend 109

/* Organism #110 Fitness: 8.99377 Error: 1.00104 */
genomestart 110
trait 1 0.1 0 0 0 0 0 0 0 
trait 2 0.2 0 0 0 0 0 0 0 
trait 3 0.3 0 0 0.130863 0 0 0 0 
node 1 2 1 3
node 2 2 1 1
node 3 3 1 1
node 4 2 0 2
node 9 1 0 0
node 20 1 0 0
node 48 1 0 0
gene 2 1 4 7.63064 0 1 7.63064 1
gene 1 2 4 -4.53413 0 2 -4.53413 1
gene 3 3 4 -4.48733 0 3 -4.48733 1
gene 3 3 9 1.79779 0 12 1.79779 1
gene 3 9 4 -1.98508 0 13 -1.98508 0
gene 1 2 9 3.19352 0 25 3.19352 1
gene 3 9 20 -0.309397 0 47 -0.309397 1
gene 3 20 4 0.211493 0 48 0.211493 0
gene 3 20 48 2.14742 0 140 2.14742 1
gene 3 48 4 -1.06281 0 141 -1.06281 1
gene 3 1 48 -1.50687 0 173 -1.50687 1
genomeend 110

/* Organism #111 Fitness: 7.77387 Error: 1.21183 */
genomestart 111
trait 1 0.1 0 0 0 0 0 0 0 
trait 2 0.2 0 0 0 0 0 0 0 
trait 3 0.3 0 0 0 0 0 0 0 
node 1 2 1 3
node 2 2 1 1
node 3 3 1 1
node 4 2 0 2
node 9 1 0 0
node 20 1 0 0
node 48 1 0 0
gene 2 1 4 5.50869 0 1 5.50869 1
gene 1 2 4 -1.91359 0 2 -1.91359 1
gene 3 3 4 -4.36441 0 3 -4.36441 1
gene 3 3 9 4.1288 0 12 4.1288 1
gene 3 9 4 1.77015 0 13 1.77015 0
gene 1 2 9 2.83363 0 25 2.83363 1
gene 3 9 20 -1.80244 0 47 -1.80244 1
gene 3 20 4 3.26182 0 48 3.26182 0
gene 3 20 48 -0.104999 0 140 -0.104999 1
gene 3 48 4 0.503021 0 141 0.503021 1
gene 3 1 48 1.28436 0 173 1.28436 1
genomeend 111

/* Organism #112 Fitness: 8.9979 Error: 1.00035 */
genomestart 112
trait 1 0.1 0 0 0 0 0 0 0 
trait 2 0.2 0 0 0 0 0 0 0 
trait 3 0.3 0 0 0 0 0 0 0 
node 1 2 1 3
node 2 2 1 1
node 3 3 1 1
node 4 2 0 2
node 9 1 0 0
node 20 1 0 0
node 48 1 0 0
gene 2 1 4 5.79007 0 1 5.79007 1
gene 1 2 4 -4.31593 0 2 -4.31593 1
gene 3 3 4 -3.54156 0 3 -3.54156 1
gene 3 3 9 2.37818 0 12 2.37818 1
gene 3 9 4 0.192572 0 13 0.192572 0
gene 1 2 9 4.36268 0 25 4.36268 1
gene 3 9 20 -0.539811 0 47 -0.539811 1
gene 3 20 4 2.48894 0 48 2.48894 0
gene 3 20 48 0.163182 0 140 0.163182 1
gene 3 48 4 0.503021 0 141 0.503021 1
gene 3 1 48 0.197363 0 173 0.197363 1
genomeend 112

/* Species #17 : (Size 8) (AF 7.46334) (Age 4)  */


/* Organism #113 Fitness: 8.99884 Error: 1.00019 */
genomestart 113
trait 1 0.1 0 0 0 0 0 0 0 
trait 2 0.2 0 0 0 0 0 0 0 
trait 3 0.3 0 0 0 0 0 0 0 
node 1 2 1 3
node 2 2 1 1
node 3 1 1 1
node 4 2 0 2
node 9 1 0 0
node 20 1 0 0
gene 2 1 4 6.11357 0 1 6.11357 1
gene 1 2 4 -4.45494 0 2 -4.45494 1
gene 3 3 4 -4.77931 0 3 -4.77931 1
gene 3 3 9 3.42481 0 12 3.42481 1
gene 3 9 4 4.06186 0 13 4.06186 0
gene 1 2 9 -0.00756859 0 25 -0.00756859 1
gene 3 9 20 3.0513 0 47 3.0513 1
gene 3 20 4 0.441603 0 48 0.441603 1
gene 1 1 20 1.71187 0 142 1.71187 1
gene 1 1 9 -0.410901 0 155 -0.410901 1
genomeend 113

/* Organism #114 Fitness: 8.9694 Error: 1.0051 */
genomestart 114
trait 1 0.1 0 0 0 0 0 0 0 
trait 2 0.2 0 0 0 0 0 0 0 
trait 3 0.3 0 0 0 0 0 0 0 
node 1 2 1 3
node 2 2 1 1
node 3 3 1 1
node 4 2 0 2
node 9 1 0 0
node 20 1 0 0
gene 2 1 4 5.82685 0 1 5.82685 1
gene 1 2 4 -2.48703 0 2 -2.48703 1
gene 3 3 4 -4.71103 0 3 -4.71103 1
gene 3 3 9 2.72906 0 12 2.72906 1
gene 3 9 4 0.475097 0 13 0.475097 0
gene 1 2 9 1.67621 0 25 1.67621 1
gene 3 9 20 1.60739 0 47 1.60739 1
gene 3 20 4 1.49678 0 48 1.49678 1
gene 1 1 20 -2.43864 0 142 -2.43864 1
gene 1 1 9 -0.657979 0 155 -0.657979 1
gene 1 3 20 -0.158727 0 177 0 1
genomeend 114

/* Organism #115 Fitness: 8.9964 Error: 1.0006 */
genomestart 115
trait 1 0.1 0 0 0 0 0 0 0 
trait 2 0.2 0 0 0 0 0 0 0 
trait 3 0.3 0 0 0 0 0 0 0 
node 1 2 1 3
node 2 2 1 1
node 3 1 1 1
node 4 2 0 2
node 9 1 0 0
node 20 1 0 0
gene 2 1 4 5.82685 0 1 5.82685 1
gene 1 2 4 -4.45494 0 2 -4.45494 1
gene 3 3 4 -4.71103 0 3 -4.71103 1
gene 3 3 9 2.72906 0 12 2.72906 1
gene 3 9 4 4.06186 0 13 4.06186 0
gene 1 2 9 1.67621 0 25 1.67621 1
gene 3 9 20 1.60739 0 47 1.60739 1
gene 3 20 4 0.441603 0 48 0.441603 1
gene 1 1 20 1.71187 0 142 1.71187 1
gene 1 1 9 -0.410901 0 155 -0.410901 1
genomeend 115

/* Organism #116 Fitness: 6.37371 Error: 1.47538 */
genomestart 116
trait 1 0.1 0 0 0 0 0 0 0 
trait 2 0.2 0 0 0 0 0 0 0 
trait 3 0.3 0 0 0 0 0 0 0 
node 1 2 1 3
node 2 2 1 1
node 3 3 1 1
node 4 2 0 2
node 9 1 0 0
node 20 1 0 0
gene 2 1 4 6.93596 0 1 6.93596 1
gene 1 2 4 -2.06534 0 2 -2.06534 1
gene 3 3 4 -6.91591 0 3 -6.91591 1
gene 3 3 9 0.353885 0 12 0.353885 1
gene 3 9 4 1.04549 0 13 1.04549 0
gene 1 2 9 3.67357 0 25 3.67357 1
gene 2 9 20 2.41362 0 47 2.41362 1
gene 3 20 4 -0.764718 0 48 -0.764718 1
gene 1 1 20 -4.65856 0 142 -4.65856 1
gene 1 1 9 -1.81921 0 155 -1.81921 1
genomeend 116

/* Organism #117 Fitness: 8.91331 Error: 1.01448 */
genomestart 117
trait 1 0.1 0 0 0 0 0 0 0 
trait 2 0.2 0 0 0 0 0 0 0 
trait 3 0.3 0 0 0 0 0 0 0 
node 1 2 1 3
node 2 2 1 1
node 3 1 1 1
node 4 2 0 2
node 9 1 0 0
node 20 1 0 0
gene 2 1 4 5.60009 0 1 5.60009 1
gene 1 2 4 -4.36453 0 2 -4.36453 1
gene 3 3 4 -6.51116 0 3 -6.51116 1
gene 3 3 9 3.19523 0 12 3.19523 1
gene 3 9 4 5.36859 0 13 5.36859 0
gene 1 2 9 -1.16063 0 25 -1.16063 1
gene 3 9 20 2.92396 0 47 2.92396 1
gene 3 20 4 1.76809 0 48 1.76809 1
gene 1 1 20 0.735359 0 142 0.735359 1
gene 1 1 9 -1.97261 0 155 -1.97261 1
genomeend 117

/* Organism #118 Fitness: 3.58782 Error: 2.10585 */
genomestart 118
trait 1 0.1 0 0 0 0 0 0 0 
trait 2 0.2 0 0 0 0 0 0 0 
trait 3 0.3 0 0 0 0 0 0 0 
node 1 2 1 3
node 2 2 1 1
node 3 1 1 1
node 4 2 0 2
node 9 1 0 0
node 20 1 0 0
gene 2 1 4 -0.508362 0 1 -0.508362 1
gene 2 2 4 -4.45494 0 2 -4.45494 1
gene 3 3 4 -3.84323 0 3 -3.84323 1
gene 3 3 9 2.91942 0 12 2.91942 1
gene 3 9 4 5.71047 0 13 5.71047 0
gene 1 2 9 1.87779 0 25 1.87779 1
gene 3 9 20 1.27856 0 47 1.27856 1
gene 3 20 4 0.0751518 0 48 0.0751518 1
gene 1 1 20 0.0140538 0 142 0.0140538 1
gene 1 1 9 1.27189 0 155 1.27189 1
genomeend 118

/* Organism #119 Fitness: 5.00401 Error: 1.76304 */
genomestart 119
trait 1 0.1 0 0 0 0 0 0 0 
trait 2 0.2 0 0 0 0 0 0 0 
trait 3 0.3 0 0 0 0 0 0 0 
node 1 2 1 3
node 2 2 1 1
node 3 3 1 1
node 4 2 0 2
node 9 1 0 0
node 20 1 0 0
gene 2 1 4 4.22104 0 1 4.22104 1
gene 1 2 4 -4.45494 0 2 -4.45494 1
gene 3 3 4 -3.4986 0 3 -3.4986 1
gene 3 3 9 1.27066 0 12 1.27066 1
gene 3 9 4 -2.08411 0 13 -2.08411 0
gene 1 2 9 -1.734 0 25 -1.734 1
gene 3 9 20 0.327754 0 47 0.327754 1
gene 3 20 4 2.84463 0 48 2.84463 1
gene 1 1 20 -1.04053 0 142 -1.04053 1
gene 1 1 9 -0.00541704 0 155 -0.00541704 1
genomeend 119

/* Organism #120 Fitness: 8.86326 Error: 1.02288 */
genomestart 120
trait 1 0.1 0 0 0 0 0 0 0 
trait 2 0.2 0 0 0 0 0 0 0 
trait 3 0.3 0 0 0 0 0 0 0 
node 1 2 1 3
node 2 2 1 1
node 3 1 1 1
node 4 2 0 2
node 9 1 0 0
node 20 1 0 0
gene 2 1 4 5.64106 0 1 5.64106 1
gene 1 2 4 -2.35866 0 2 -2.35866 1
gene 3 3 4 -5.39941 0 3 -5.39941 1
gene 3 3 9 3.97731 0 12 3.97731 1
gene 3 9 4 0.888508 0 13 0.888508 0
gene 1 2 9 2.01758 0 25 2.01758 1
gene 3 9 20 3.03494 0 47 3.03494 1
gene 3 20 4 1.35098 0 48 1.35098 1
gene 1 1 20 1.40951 0 142 1.40951 1
gene 1 1 9 -0.220786 0 155 -0.220786 1
genomeend 120

/* Species #18 : (Size 6) (AF 5.48849) (Age 4)  */


/* Organism #121 Fitness: 6.80843 Error: 1.3907 */
genomestart 121
trait 1 0.1 0 0 0 0 0 0 0 
trait 2 0.2 0 0 0 0 0 0 0 
trait 3 0.3 0 0 0 0 0 0 0 
node 1 2 1 3
node 2 2 1 1
node 3 3 1 1
node 4 2 0 2
node 9 1 0 0
node 20 1 0 0
node 53 1 0 0
gene 2 1 4 2.47721 0 1 2.47721 1
gene 1 2 4 -1.59536 0 2 -1.59536 0
gene 3 3 4 -1.34651 0 3 -1.34651 1
gene 3 3 9 4.06387 0 12 4.06387 1
gene 3 9 4 5.67919 0 13 5.67919 0
gene 1 2 9 0.608066 0 25 0.608066 1
gene 3 9 20 0.696646 0 47 0.696646 1
gene 3 20 4 0.142293 0 48 0.142293 0
gene 1 1 20 1.26707 0 142 1.26707 1
gene 1 2 53 0.937895 0 156 0.937895 1
gene 1 53 4 -1.31687 0 157 -1.31687 1
genomeend 121

/* Organism #122 Fitness: 6.80843 Error: 1.3907 */
genomestart 122
trait 1 0.1 0 0 0 0 0 0 0 
trait 2 0.2 0 0 0 0 0 0 0 
trait 3 0.3 0 0 0 0 0 0 0 
node 1 2 1 3
node 2 2 1 1
node 3 3 1 1
node 4 2 0 2
node 9 1 0 0
node 20 1 0 0
node 53 1 0 0
gene 2 1 4 2.47721 0 1 2.47721 1
gene 1 2 4 -1.59536 0 2 -1.59536 0
gene 3 3 4 -1.34651 0 3 -1.34651 1
gene 3 3 9 4.06387 0 12 4.06387 1
gene 3 9 4 5.67919 0 13 5.67919 0
gene 1 2 9 0.608066 0 25 0.608066 1
gene 3 9 20 0.696646 0 47 0.696646 1
gene 3 20 4 0.142293 0 48 0.142293 0
gene 1 1 20 1.26707 0 142 1.26707 1
gene 1 2 53 0.937895 0 156 0.937895 1
gene 1 53 4 -1.31687 0 157 -1.31687 1
genomeend 122

/* Organism #123 Fitness: 4.00513 Error: 1.99872 */
genomestart 123
trait 1 0.1 0 0 0 0 0 0 0 
trait 2 0.2 0 0 0 0 0 0 0 
trait 3 0.3 0 0 0 0 0 0 0 
node 1 2 1 3
node 2 2 1 1
node 3 3 1 1
node 4 2 0 2
node 9 1 0 0
node 20 1 0 0
node 53 1 0 0
gene 2 1 4 -0.225558 0 1 -0.225558 1
gene 1 2 4 -2.97475 0 2 -2.97475 0
gene 3 3 4 -0.932836 0 3 -0.932836 1
gene 3 3 9 0.750015 0 12 0.750015 1
gene 3 9 4 1.68931 0 13 1.68931 0
gene 1 2 9 0.607768 0 25 0.607768 1
gene 3 9 20 5.86156 0 47 5.86156 1
gene 3 20 4 -1.12194 0 48 -1.12194 1
gene 1 1 20 -0.325709 0 142 -0.325709 1
gene 1 2 53 -1.44757 0 156 -1.44757 1
gene 1 53 4 -2.77955 0 157 -2.77955 1
genomeend 123

/* Organism #124 Fitness: 4.13815 Error: 1.96576 */
genomestart 124
trait 1 0.1 0 0 0 0 0 0 0 
trait 2 0.2 0 0 0 0 0 0 0 
trait 3 0.3 0 0 0 0 0 0 0 
node 1 2 1 3
node 2 2 1 1
node 3 3 1 1
node 4 2 0 2
node 9 1 0 0
node 20 1 0 0
node 53 1 0 0
gene 2 1 4 1.19948 0 1 1.19948 1
gene 1 2 4 -0.227973 0 2 -0.227973 0
gene 3 3 4 0.179945 0 3 0.179945 1
gene 3 3 9 5.55157 0 12 5.55157 1
gene 3 9 4 5.37927 0 13 5.37927 0
gene 1 2 9 0.697943 0 25 0.697943 1
gene 3 9 20 2.65803 0 47 2.65803 1
gene 3 20 4 -1.35792 0 48 -1.35792 0
gene 1 1 20 1.12423 0 142 1.12423 1
gene 1 2 53 -2.27165 0 156 -2.27165 1
gene 1 53 4 -1.30016 0 157 -1.30016 1
genomeend 124

/* Organism #125 Fitness: 6.89 Error: 1.37512 */
genomestart 125
trait 1 0.1 0 0 0 0 0 0 0 
trait 2 0.2 0 0 0 0 0 0 0 
trait 3 0.3 0 0 0 0 0 0 0 
node 1 2 1 3
node 2 2 1 1
node 3 3 1 1
node 4 2 0 2
node 9 1 0 0
node 20 1 0 0
node 53 1 0 0
gene 2 1 4 2.21875 0 1 2.21875 1
gene 1 2 4 -4.17924 0 2 -4.17924 0
gene 3 3 4 -1.34651 0 3 -1.34651 1
gene 3 3 9 4.06387 0 12 4.06387 1
gene 3 9 4 4.07189 0 13 4.07189 0
gene 1 2 9 0.608066 0 25 0.608066 1
gene 3 9 20 4.9251 0 47 4.9251 1
gene 3 20 4 0.142293 0 48 0.142293 0
gene 1 1 20 1.26707 0 142 1.26707 1
gene 1 2 53 0.937895 0 156 0.937895 1
gene 1 53 4 -1.30016 0 157 -1.30016 1
genomeend 125

/* Organism #126 Fitness: 4.2808 Error: 1.93099 */
genomestart 126
trait 1 0.1 0 0 0 0 0 0 0 
trait 2 0.2 0 0 0 0 0 0 0 
trait 3 0.3 0 0 0 0 0 0 0 
node 1 2 1 3
node 2 2 1 1
node 3 2 1 1
node 4 2 0 2
node 9 1 0 0
node 20 1 0 0
node 53 1 0 0
gene 3 1 4 2.51575 0 1 2.51575 1
gene 1 2 4 -1.631 0 2 -1.631 1
gene 3 3 4 -1.29551 0 3 -1.29551 1
gene 3 3 9 2.01108 0 12 2.01108 1
gene 3 9 4 4.70494 0 13 4.70494 0
gene 1 2 9 -2.29458 0 25 -2.29458 1
gene 3 9 20 0.545713 0 47 0.545713 1
gene 3 20 4 -2.47879 0 48 -2.47879 0
gene 1 1 20 2.35272 0 142 2.35272 1
gene 1 2 53 -0.666875 0 156 -0.666875 1
gene 1 53 4 -3.13894 0 157 -3.13894 1
genomeend 126

/* Species #19 : (Size 6) (AF 3.84918) (Age 3)  */


/* Organism #127 Fitness: 8.77063 Error: 1.03847 */
genomestart 127
trait 1 0.1 0 0 0 0 0.043508 0 0.0799776 
trait 2 0.088245 0 0 0.405116 0 0 0.4366 0 
trait 3 0.3 0 0 0 0 0 0 0 
node 1 2 1 3
node 2 1 1 1
node 3 2 1 1
node 4 2 0 2
node 9 1 0 0
node 55 1 0 0
gene 3 1 4 0.818201 0 1 0.818201 1
gene 3 2 4 -8 0 2 -8 0
gene 2 3 4 5.85138 0 3 5.85138 0
gene 1 3 9 2.20115 0 12 2.20115 1
gene 2 9 4 8 0 13 8 1
gene 2 1 9 -1.01603 0 61 -1.01603 1
gene 3 2 55 -0.621906 0 160 -0.621906 1
gene 3 55 4 -4.81375 0 161 -4.81375 1
genomeend 127

/* Organism #128 Fitness: 4 Error: 2 */
genomestart 128
trait 1 0.1 0 0 0 0 0.043508 0 0.0799776 
trait 2 0.088245 0 0 0.405116 0 0 0.4366 0 
trait 3 0.3 0 0 0 0 0 0 0 
node 1 2 1 3
node 2 1 1 1
node 3 2 1 1
node 4 2 0 2
node 9 1 0 0
node 55 1 0 0
gene 3 1 4 0.791902 0 1 0.791902 1
gene 3 2 4 -7.72256 0 2 -7.72256 0
gene 2 3 4 3.36588 0 3 3.36588 0
gene 1 3 9 0.529765 0 12 0.529765 1
gene 2 9 4 7.82858 0 13 7.82858 1
gene 2 1 9 -2.85782 0 61 -2.85782 1
gene 3 2 55 1.52065 0 160 1.52065 1
gene 3 55 4 -3.94248 0 161 -3.94248 1
genomeend 128

/* Organism #129 Fitness: 1.95198 Error: 2.60287 */
genomestart 129
trait 1 0.1 0 0 0 0 0.043508 0 0.0799776 
trait 2 0.088245 0 0 0.405116 0 0 0.4366 0 
trait 3 0.3 0 0 0 0 0 0 0 
node 1 2 1 3
node 2 1 1 1
node 3 2 1 1
node 4 2 0 2
node 9 1 0 0
node 55 1 0 0
gene 3 1 4 -3.81233 0 1 -3.81233 1
gene 3 2 4 -8 0 2 -8 0
gene 2 3 4 5.39803 0 3 5.39803 0
gene 1 3 9 2.27935 0 12 2.27935 1
gene 2 9 4 6.9882 0 13 6.9882 1
gene 2 1 9 -1.01603 0 61 -1.01603 1
gene 3 2 55 -0.621906 0 160 -0.621906 1
gene 3 55 4 -6.49356 0 161 0 1
genomeend 129

/* Organism #130 Fitness: 1.0877 Error: 2.95707 */
genomestart 130
trait 1 0.1 0 0 0 0 0.043508 0 0.0799776 
trait 2 0.088245 0 0 0.405116 0 0 0.4366 0 
trait 3 0.3 0 0 0 0 0 0 0 
node 1 2 1 3
node 2 1 1 1
node 3 2 1 1
node 4 2 0 2
node 9 1 0 0
node 55 1 0 0
gene 3 1 4 -3.54234 0 1 -3.54234 1
gene 3 2 4 -8 0 2 -8 0
gene 2 3 4 -1.52982 0 3 -1.52982 0
gene 1 3 9 -0.906781 0 12 -0.906781 1
gene 2 9 4 6.73777 0 13 6.73777 1
gene 2 1 9 1.11867 0 61 1.11867 1
gene 3 2 55 -0.725898 0 160 -0.725898 1
gene 3 55 4 -4.2144 0 161 -4.2144 1
genomeend 130

/* Organism #131 Fitness: 3.28477 Error: 2.18761 */
genomestart 131
trait 1 0.1 0 0 0 0 0.043508 0 0.0799776 
trait 2 0.088245 0 0 0.405116 0 0 0.4366 0 
trait 3 0.3 0 0 0 0 0 0 0 
node 1 2 1 3
node 2 1 1 1
node 3 2 1 1
node 4 2 0 2
node 9 1 0 0
node 55 1 0 0
gene 3 1 4 -0.345241 0 1 -0.345241 1
gene 3 2 4 -6.16927 0 2 -6.16927 0
gene 2 3 4 7.1781 0 3 7.1781 0
gene 1 3 9 -0.207297 0 12 -0.207297 1
gene 2 9 4 7.2317 0 13 7.2317 1
gene 2 1 9 -0.11329 0 61 -0.11329 1
gene 3 2 55 -0.810129 0 160 -0.810129 1
gene 3 55 4 -5.12 0 161 -5.12 1
genomeend 131

/* Organism #132 Fitness: 4 Error: 2 */
genomestart 132
trait 1 0.1 0 0 0 0 0.043508 0 0.0799776 
trait 2 0.088245 0 0 0.405116 0 0 0.4366 0 
trait 3 0.3 0 0 0 0 0 0 0 
node 1 2 1 3
node 2 1 1 1
node 3 2 1 1
node 4 2 0 2
node 9 1 0 0
node 55 1 0 0
gene 3 1 4 -3.83377 0 1 -3.83377 1
gene 3 2 4 -6.76624 0 2 -6.76624 0
gene 2 3 4 6.56407 0 3 6.56407 0
gene 1 3 9 1.0561 0 12 1.0561 1
gene 2 9 4 4.84221 0 13 4.84221 1
gene 2 1 9 -1.31091 0 61 -1.31091 1
gene 3 2 55 3.49771 0 160 3.49771 1
gene 3 55 4 -8 0 161 -8 1
genomeend 132

/* Species #20 : (Size 7) (AF 7.98284) (Age 3)  */


/* Organism #133 Fitness: 8.99741 Error: 1.00043 */
genomestart 133
trait 1 0 0 0 0 0 0 0.652181 0.235183 
trait 2 0.2 0 0 0 0 0 0 0 
trait 3 0.3 0 0 0 0 0 0 0 
node 1 1 1 3
node 2 1 1 1
node 3 2 1 1
node 4 3 0 2
node 7 1 0 0
node 11 1 0 0
node 52 1 0 0
gene 3 1 4 -2.95297 0 1 -2.95297 1
gene 3 2 4 -3.16666 0 2 -3.16666 1
gene 1 3 4 3.62664 0 3 3.62664 1
gene 1 2 7 -6.95106 0 8 -6.95106 1
gene 1 7 4 -2.64763 0 9 -2.64763 0
gene 3 2 11 4.07255 0 17 4.07255 1
gene 2 11 7 1.19984 0 18 1.19984 1
gene 1 3 11 3.23834 0 28 3.23834 1
gene 1 7 52 0.409009 0 149 0.409009 1
gene 1 52 4 1.40538 0 150 1.40538 1
genomeend 133

/* Organism #134 Fitness: 7.59749 Error: 1.24365 */
genomestart 134
trait 1 0 0 0 0 0 0 0.652181 0.235183 
trait 2 0.2 0 0 0 0 0 0 0 
trait 3 0.3 0 0 0 0 0 0 0 
node 1 1 1 3
node 2 1 1 1
node 3 2 1 1
node 4 3 0 2
node 7 1 0 0
node 11 1 0 0
node 52 1 0 0
gene 3 1 4 -0.2369 0 1 -0.2369 1
gene 3 2 4 4.02135 0 2 4.02135 1
gene 1 3 4 1.27061 0 3 1.27061 1
gene 1 2 7 -8 0 8 -8 1
gene 1 7 4 -4.29998 0 9 -4.29998 0
gene 3 2 11 5.2086 0 17 5.2086 1
gene 2 11 7 4.23362 0 18 4.23362 1
gene 1 3 11 5.12332 0 28 5.12332 1
gene 1 7 52 -2.14682 0 149 -2.14682 1
gene 1 52 4 2.26142 0 150 2.26142 1
genomeend 134

/* Organism #135 Fitness: 8.93472 Error: 1.0109 */
genomestart 135
trait 1 0 0 0 0 0 0 0.652181 0.235183 
trait 2 0.2 0 0 0 0 0 0 0 
trait 3 0.3 0 0 0 0 0 0 0 
node 1 1 1 3
node 2 1 1 1
node 3 2 1 1
node 4 3 0 2
node 7 1 0 0
node 11 1 0 0
node 52 1 0 0
gene 3 1 4 -1.85797 0 1 -1.85797 1
gene 3 2 4 2.37136 0 2 2.37136 1
gene 1 3 4 4.52686 0 3 4.52686 1
gene 1 2 7 -4.60426 0 8 -4.60426 1
gene 1 7 4 -4.48461 0 9 -4.48461 0
gene 3 2 11 3.62866 0 17 3.62866 1
gene 2 11 7 4.33296 0 18 4.33296 1
gene 1 3 11 1.4263 0 28 1.4263 1
gene 1 7 52 0.769295 0 149 0.769295 1
gene 1 52 4 0.66744 0 150 0.66744 1
genomeend 135

/* Organism #136 Fitness: 8.96671 Error: 1.00555 */
genomestart 136
trait 1 0 0 0 0 0 0 0.652181 0.235183 
trait 2 0.2 0 0 0 0 0 0 0 
trait 3 0.3 0 0 0 0 0 0 0 
node 1 1 1 3
node 2 1 1 1
node 3 2 1 1
node 4 3 0 2
node 7 1 0 0
node 11 1 0 0
node 52 1 0 0
gene 3 1 4 -1.85446 0 1 -1.85446 1
gene 3 2 4 -3.7797 0 2 -3.7797 1
gene 1 3 4 3.43918 0 3 3.43918 1
gene 1 2 7 -8 0 8 -8 1
gene 1 7 4 -2.95739 0 9 -2.95739 0
gene 3 2 11 3.70885 0 17 3.70885 1
gene 2 11 7 1.05052 0 18 1.05052 1
gene 1 3 11 3.9952 0 28 3.9952 1
gene 1 7 52 -1.69958 0 149 -1.69958 1
gene 1 52 4 1.32557 0 150 1.32557 1
gene 3 1 52 0.346202 0 178 0.346202 1
genomeend 136

/* Organism #137 Fitness: 8.99399 Error: 1.001 */
genomestart 137
trait 1 0 0 0 0 0 0 0.652181 0.235183 
trait 2 0.2 0 0 0 0 0 0 0 
trait 3 0.3 0 0 0 0 0 0 0 
node 1 1 1 3
node 2 1 1 1
node 3 2 1 1
node 4 3 0 2
node 7 1 0 0
node 11 1 0 0
node 52 1 0 0
gene 3 1 4 -1.85446 0 1 -1.85446 1
gene 3 2 4 -3.7797 0 2 -3.7797 1
gene 1 3 4 3.43918 0 3 3.43918 1
gene 1 2 7 -6.98333 0 8 -6.98333 1
gene 1 7 4 -2.62787 0 9 -2.62787 0
gene 3 2 11 2.98762 0 17 2.98762 1
gene 2 11 7 1.05052 0 18 1.05052 1
gene 1 3 11 3.43297 0 28 3.43297 1
gene 1 7 52 -1.69958 0 149 -1.69958 1
gene 1 52 4 0.66744 0 150 0.66744 1
gene 3 2 52 0.689505 0 179 0.689505 1
genomeend 137

/* Organism #138 Fitness: 4 Error: 2 */
genomestart 138
trait 1 0 0 0 0 0 0 0.652181 0.235183 
trait 2 0.2 0 0 0 0 0 0 0 
trait 3 0.3 0 0 0 0 0 0 0 
node 1 1 1 3
node 2 1 1 1
node 3 2 1 1
node 4 3 0 2
node 7 1 0 0
node 11 1 0 0
node 52 1 0 0
gene 3 1 4 -2.93474 0 1 -2.93474 1
gene 3 2 4 0.532319 0 2 0.532319 1
gene 1 3 4 -1.9985 0 3 -1.9985 1
gene 1 2 7 -7.19811 0 8 -7.19811 1
gene 1 7 4 -0.25864 0 9 -0.25864 0
gene 3 2 11 2.49757 0 17 2.49757 1
gene 2 11 7 4.59992 0 18 4.59992 1
gene 1 3 11 3.97811 0 28 3.97811 1
gene 1 7 52 -0.545595 0 149 -0.545595 1
gene 1 52 4 -1.26652 0 150 -1.26652 1
genomeend 138

/* Organism #139 Fitness: 8.38955 Error: 1.10353 */
genomestart 139
trait 1 0 0 0 0 0 0 0.652181 0.235183 
trait 2 0.2 0 0 0 0 0 0 0 
trait 3 0.3 0 0 0 0 0 0 0 
node 1 1 1 3
node 2 1 1 1
node 3 1 1 1
node 4 3 0 2
node 7 1 0 0
node 11 1 0 0
node 52 1 0 0
gene 3 1 4 -1.60199 0 1 -1.60199 1
gene 3 2 4 -3.16666 0 2 -3.16666 1
gene 1 3 4 3.62664 0 3 3.62664 1
gene 1 2 7 -6.98333 0 8 -6.98333 1
gene 1 7 4 -2.64763 0 9 -2.64763 0
gene 3 2 11 4.07255 0 17 4.07255 1
gene 2 11 7 1.19984 0 18 1.19984 1
gene 1 3 11 3.23834 0 28 3.23834 1
gene 1 7 52 -1.07128 0 149 -1.07128 1
gene 1 52 4 1.40538 0 150 1.40538 1
genomeend 139

/* Species #21 : (Size 10) (AF 8.2088) (Age 2)  */


/* Organism #140 Fitness: 8.99998 Error: 1 */
genomestart 140
trait 1 0 0 0 0 0 0 0.652181 0.250862 
trait 2 0.2 0.703207 0 0 0 0 0 0.956359 
trait 3 0.3 0 0 0 0 0 0 0 
node 1 1 1 3
node 2 3 1 1
node 3 2 1 1
node 4 3 0 2
node 7 1 0 0
node 47 1 0 0
gene 3 1 4 -2.86882 0 1 -2.86882 1
gene 3 2 4 -7.90295 0 2 -7.90295 1
gene 2 3 4 4.37444 0 3 4.37444 1
gene 1 2 7 -3.24515 0 8 -3.24515 1
gene 1 7 4 1.33736 0 9 1.33736 1
gene 3 3 7 -5.63199 0 36 -5.63199 0
gene 2 1 7 0.425871 0 80 0.425871 1
gene 3 3 47 -0.838816 0 138 -0.838816 1
gene 3 47 7 -6.2941 0 139 -6.2941 1
gene 2 2 47 1.57587 0 166 1.57587 1
genomeend 140

/* Organism #141 Fitness: 8.99638 Error: 1.0006 */
genomestart 141
trait 1 0 0 0 0 0 0 0.652181 0.250862 
trait 2 0.2 0.703207 0 0 0 0 0 0.956359 
trait 3 0.3 0 0 0 0 0 0 0 
node 1 1 1 3
node 2 3 1 1
node 3 2 1 1
node 4 3 0 2
node 7 1 0 0
node 47 1 0 0
node 59 1 0 0
gene 3 1 4 -2.86882 0 1 -2.86882 1
gene 3 2 4 -7.90295 0 2 -7.90295 1
gene 2 3 4 4.37444 0 3 4.37444 1
gene 1 2 7 -3.24515 0 8 -3.24515 1
gene 1 7 4 1.33736 0 9 1.33736 1
gene 3 3 7 -5.63199 0 36 -5.63199 0
gene 2 1 7 0.425871 0 80 0.425871 1
gene 3 3 47 -0.838816 0 138 -0.838816 1
gene 3 47 7 -6.2941 0 139 -6.2941 0
gene 2 2 47 1.57587 0 166 1.57587 1
gene 3 47 59 1 0 180 0 1
gene 3 59 7 -6.2941 0 181 0 1
genomeend 141

/* Organism #142 Fitness: 6.09104 Error: 1.532 */
genomestart 142
trait 1 0 0 0 0 0 0 0.652181 0.250862 
trait 2 0.2 0.703207 0 0 0 0 0 0.956359 
trait 3 0.3 0 0 0 0 0 0 0 
node 1 1 1 3
node 2 3 1 1
node 3 2 1 1
node 4 3 0 2
node 7 1 0 0
node 47 1 0 0
gene 3 1 4 -2.56745 0 1 -2.56745 1
gene 3 2 4 -8 0 2 -8 1
gene 2 3 4 2.34862 0 3 2.34862 1
gene 1 2 7 -2.59228 0 8 -2.59228 1
gene 1 7 4 1.27403 0 9 1.27403 1
gene 3 3 7 -3.85695 0 36 -3.85695 0
gene 2 1 7 -0.192053 0 80 -0.192053 1
gene 3 3 47 -0.746727 0 138 -0.746727 1
gene 3 47 7 -6.40748 0 139 -6.40748 1
gene 2 2 47 1.57587 0 166 1.57587 1
genomeend 142

/* Organism #143 Fitness: 4.00561 Error: 1.9986 */
genomestart 143
trait 1 0 0 0 0 0 0 0.652181 0.250862 
trait 2 0.2 0.703207 0 0 0 0 0 0.956359 
trait 3 0.3 0 0 0 0 0 0 0 
node 1 1 1 3
node 2 3 1 1
node 3 2 1 1
node 4 3 0 2
node 7 1 0 0
node 47 1 0 0
gene 3 1 4 -0.876339 0 1 -0.876339 1
gene 3 2 4 -7.53429 0 2 -7.53429 1
gene 2 3 4 3.06298 0 3 3.06298 1
gene 1 2 7 -3.56544 0 8 -3.56544 1
gene 1 7 4 2.53307 0 9 2.53307 1
gene 3 3 7 -6.73805 0 36 -6.73805 0
gene 2 1 7 2.72666 0 80 2.72666 1
gene 3 3 47 1.2707 0 138 1.2707 1
gene 3 47 7 -4.67624 0 139 -4.67624 1
gene 2 2 47 0.581729 0 166 0.581729 1
genomeend 143

/* Organism #144 Fitness: 8.99638 Error: 1.0006 */
genomestart 144
trait 1 0 0 0 0 0 0 0.652181 0.250862 
trait 2 0.2 0.703207 0 0 0 0 0 0.956359 
trait 3 0.3 0 0 0 0 0 0 0 
node 1 1 1 3
node 2 3 1 1
node 3 2 1 1
node 4 3 0 2
node 7 1 0 0
node 47 1 0 0
node 59 1 0 0
gene 3 1 4 -2.86882 0 1 -2.86882 1
gene 3 2 4 -7.90295 0 2 -7.90295 1
gene 2 3 4 4.37444 0 3 4.37444 1
gene 1 2 7 -3.24515 0 8 -3.24515 1
gene 1 7 4 1.33736 0 9 1.33736 1
gene 3 3 7 -5.63199 0 36 -5.63199 0
gene 2 1 7 0.425871 0 80 0.425871 1
gene 3 3 47 -0.838816 0 138 -0.838816 1
gene 3 47 7 -6.2941 0 139 -6.2941 0
gene 2 2 47 1.57587 0 166 1.57587 1
gene 3 47 59 1 0 180 0 1
gene 3 59 7 -6.2941 0 181 0 1
genomeend 144

/* Organism #145 Fitness: 8.99875 Error: 1.00021 */
genomestart 145
trait 1 0 0 0 0 0 0 0.652181 0.250862 
trait 2 0.2 0.703207 0 0 0 0 0 0.956359 
trait 3 0.3 0 0 0 0 0 0 0 
node 1 1 1 3
node 2 2 1 1
node 3 2 1 1
node 4 3 0 2
node 7 1 0 0
node 47 1 0 0
gene 3 1 4 -4.24558 0 1 -4.24558 1
gene 3 2 4 -6.35887 0 2 -6.35887 1
gene 2 3 4 6.28002 0 3 6.28002 1
gene 1 2 7 -2.2169 0 8 -2.2169 1
gene 1 7 4 -0.64917 0 9 -0.64917 1
gene 3 3 7 -3.5317 0 36 -3.5317 0
gene 2 1 7 0.876629 0 80 0.876629 1
gene 3 3 47 -0.3979 0 138 -0.3979 1
gene 3 47 7 -7.20912 0 139 -7.20912 1
gene 2 2 47 1.57587 0 166 1.57587 1
genomeend 145

/* Organism #146 Fitness: 8.99989 Error: 1.00002 */
genomestart 146
trait 1 0 0 0 0 0 0 0.652181 0.250862 
trait 2 0.2 0.703207 0 0 0 0 0 0.956359 
trait 3 0.3 0 0 0 0 0 0 0 
node 1 1 1 3
node 2 3 1 1
node 3 2 1 1
node 4 3 0 2
node 7 1 0 0
node 47 1 0 0
gene 3 1 4 -3.79109 0 1 -3.79109 1
gene 3 2 4 -8 0 2 -8 1
gene 2 3 4 4.88212 0 3 4.88212 1
gene 1 2 7 -2.43915 0 8 -2.43915 1
gene 1 7 4 1.12258 0 9 1.12258 1
gene 3 3 7 -6.58851 0 36 -6.58851 0
gene 2 1 7 1.23569 0 80 1.23569 1
gene 3 3 47 -1.1984 0 138 -1.1984 1
gene 3 47 7 -4.18886 0 139 -4.18886 1
gene 2 2 47 2.67736 0 166 2.67736 1
genomeend 146

/* Organism #147 Fitness: 8.99999 Error: 1 */
genomestart 147
trait 1 0 0 0 0 0 0 0.652181 0.250862 
trait 2 0.2 0.703207 0 0 0 0 0 0.956359 
trait 3 0.3 0 0 0 0 0 0 0 
node 1 1 1 3
node 2 3 1 1
node 3 2 1 1
node 4 3 0 2
node 7 1 0 0
node 47 1 0 0
gene 3 1 4 -2.73606 0 1 -2.73606 1
gene 3 2 4 -8 0 2 -8 1
gene 2 3 4 6.00565 0 3 6.00565 1
gene 1 2 7 -4.93274 0 8 -4.93274 1
gene 1 7 4 3.13421 0 9 3.13421 1
gene 3 3 7 -3.3347 0 36 -3.3347 0
gene 2 1 7 0.0574358 0 80 0.0574358 1
gene 3 3 47 2.17772 0 138 2.17772 1
gene 3 47 7 -7.91677 0 139 -7.91677 1
gene 2 2 47 1.96249 0 166 1.96249 1
genomeend 147

/* Organism #148 Fitness: 9 Error: 1 */
genomestart 148
trait 1 0 0 0 0 0 0 0.652181 0.250862 
trait 2 0.2 0.703207 0 0 0 0 0 0.956359 
trait 3 0.3 0 0 0 0 0 0 0 
node 1 1 1 3
node 2 3 1 1
node 3 2 1 1
node 4 3 0 2
node 7 1 0 0
node 47 1 0 0
gene 3 1 4 -4.10367 0 1 -4.10367 1
gene 3 2 4 -6.65695 0 2 -6.65695 1
gene 2 3 4 6.14406 0 3 6.14406 1
gene 1 2 7 -3.5955 0 8 -3.5955 1
gene 1 7 4 2.30723 0 9 2.30723 1
gene 3 3 7 -3.51255 0 36 -3.51255 0
gene 2 1 7 2.275 0 80 2.275 1
gene 3 3 47 -0.138569 0 138 -0.138569 1
gene 3 47 7 -5.62956 0 139 -5.62956 1
gene 2 2 47 1.83798 0 166 1.83798 1
genomeend 148

/* Organism #149 Fitness: 8.99996 Error: 1.00001 */
genomestart 149
trait 1 0 0 0 0 0 0 0.652181 0.250862 
trait 2 0.2 0.703207 0 0 0 0 0 0.956359 
trait 3 0.3 0 0 0 0 0 0 0 
node 1 1 1 3
node 2 3 1 1
node 3 2 1 1
node 4 3 0 2
node 7 1 0 0
node 47 1 0 0
gene 3 1 4 -2.42065 0 1 -2.42065 1
gene 3 2 4 -8 0 2 -8 1
gene 2 3 4 6.0435 0 3 6.0435 1
gene 1 2 7 -4.74841 0 8 -4.74841 1
gene 1 7 4 3.5308 0 9 3.5308 1
gene 3 3 7 -8 0 36 -8 0
gene 2 1 7 -1.59941 0 80 -1.59941 1
gene 3 3 47 -1.74033 0 138 -1.74033 1
gene 3 47 7 -6.14693 0 139 -6.14693 1
gene 2 2 47 2.81957 0 166 2.81957 1
genomeend 149
