
/* Species #1 : (Size 11) (AF 8.08758) (Age 19)  */


/* Organism #0 Fitness: 9 Error: 1 */
genomestart 0
trait 1 0.1 0 0 0 0.036729 0 0.00465789 0 
trait 2 0.2 0 0 0 0 0 0 0 
trait 3 0.3 0 0 0 0 0 0 0 
node 1 3 1 3
node 2 3 1 1
node 3 2 1 1
node 4 3 0 2
gene 1 1 4 -3.688 0 1 -3.688 1
gene 3 2 4 -8 0 2 -8 1
gene 3 3 4 8 0 3 8 1
genomeend 0

/* Organism #1 Fitness: 9 Error: 1 */
genomestart 1
trait 1 0.1 0 0 0 0.036729 0 0.00465789 0 
trait 2 0.2 0 0 0 0 0 0 0 
trait 3 0.3 0 0 0 0 0 0 0 
node 1 3 1 3
node 2 3 1 1
node 3 2 1 1
node 4 3 0 2
gene 1 1 4 -3.47294 0 1 -3.47294 1
gene 3 2 4 -8 0 2 -8 1
gene 3 3 4 8 0 3 8 1
genomeend 1

/* Organism #2 Fitness: 8.99992 Error: 1.00001 */
genomestart 2
trait 1 0.1 0 0 0 0.036729 0 0.00465789 0 
trait 2 0.2 0 0 0 0 0 0 0 
trait 3 0.3 0 0 0 0 0 0 0 
node 1 3 1 3
node 2 2 1 1
node 3 2 1 1
node 4 3 0 2
gene 1 1 4 -2.33443 0 1 -2.33443 1
gene 3 2 4 -6.20482 0 2 -6.20482 1
gene 3 3 4 6.00996 0 3 6.00996 1
genomeend 2

/* Organism #3 Fitness: 3.99857 Error: 2.00036 */
genomestart 3
trait 1 0.1 0 0 0 0.036729 0 0.00465789 0 
trait 2 0.2 0 0 0 0 0 0 0 
trait 3 0.3 0 0 0 0 0 0 0 
node 1 3 1 3
node 2 2 1 1
node 3 2 1 1
node 4 3 0 2
gene 1 1 4 -3.4912 0 1 -3.4912 1
gene 3 2 4 1.13018 0 2 1.13018 1
gene 3 3 4 0.755333 0 3 0.755333 1
genomeend 3

/* Organism #4 Fitness: 8.99992 Error: 1.00001 */
genomestart 4
trait 1 0.1 0 0 0 0.036729 0 0.00465789 0 
trait 2 0.2 0 0 0 0 0 0 0 
trait 3 0.3 0 0 0 0 0 0 0 
node 1 3 1 3
node 2 3 1 1
node 3 2 1 1
node 4 3 0 2
gene 1 1 4 -4.81887 0 1 -4.81887 1
gene 3 2 4 -7.00678 0 2 -7.00678 1
gene 3 3 4 7.09612 0 3 7.09612 1
genomeend 4

/* Organism #5 Fitness: 9 Error: 1 */
genomestart 5
trait 1 0.1 0 0 0 0.036729 0 0.00465789 0 
trait 2 0.2 0 0 0 0 0 0 0 
trait 3 0.3 0 0 0 0 0 0 0 
node 1 3 1 3
node 2 2 1 1
node 3 2 1 1
node 4 3 0 2
gene 1 1 4 -3.688 0 1 -3.688 1
gene 3 2 4 -8 0 2 -8 1
gene 3 3 4 8 0 3 8 1
genomeend 5

/* Organism #6 Fitness: 8.99027 Error: 1.00162 */
genomestart 6
trait 1 0.1 0 0 0 0.036729 0 0.00465789 0 
trait 2 0.2 0 0 0 0 0 0 0 
trait 3 0.3 0 0 0 0 0 0 0 
node 1 3 1 3
node 2 2 1 1
node 3 2 1 1
node 4 3 0 2
gene 1 1 4 -1.44512 0 1 -1.44512 1
gene 3 2 4 -8 0 2 -8 1
gene 3 3 4 8 0 3 8 1
genomeend 6

/* Organism #7 Fitness: 9 Error: 1 */
genomestart 7
trait 1 0.1 0 0 0 0.036729 0 0.00465789 0 
trait 2 0.2 0 0 0 0 0 0 0 
trait 3 0.3 0 0 0 0 0 0 0 
node 1 3 1 3
node 2 2 1 1
node 3 2 1 1
node 4 2 0 2
gene 1 1 4 -4.09649 0 1 -4.09649 1
gene 3 2 4 -8 0 2 -8 1
gene 3 3 4 8 0 3 8 1
genomeend 7

/* Organism #8 Fitness: 3.97504 Error: 2.00625 */
genomestart 8
trait 1 0.1 0 0 0 0.036729 0 0.00465789 0 
trait 2 0.2 0 0 0 0 0 0 0 
trait 3 0.3 0 0 0 0 0 0 0 
node 1 3 1 3
node 2 3 1 1
node 3 2 1 1
node 4 3 0 2
gene 1 1 4 -3.00896 0 1 -3.00896 1
gene 3 2 4 1.17565 0 2 1.17565 1
gene 3 3 4 0.808435 0 3 0.808435 1
genomeend 8

/* Organism #9 Fitness: 8.99964 Error: 1.00006 */
genomestart 9
trait 1 0.1 0 0 0 0.036729 0 0.00465789 0 
trait 2 0.394037 0.244758 0.13654 0 0 0 0 0 
trait 3 0.3 0 0 0 0 0 0 0 
node 1 3 1 3
node 2 2 1 1
node 3 2 1 1
node 4 3 0 2
gene 1 1 4 -2.97089 0 1 -2.97089 1
gene 3 2 4 -7.00357 0 2 -7.00357 1
gene 3 3 4 8 0 3 8 1
genomeend 9

/* Organism #10 Fitness: 9 Error: 1 */
genomestart 10
trait 1 0.1 0 0 0 0.036729 0 0.00465789 0 
trait 2 0.2 0 0 0 0 0 0 0 
trait 3 0.3 0 0 0 0 0 0 0 
node 1 3 1 3
node 2 3 1 1
node 3 2 1 1
node 4 3 0 2
gene 1 1 4 -4.94124 0 1 -4.94124 1
gene 3 2 4 -7.32104 0 2 -7.32104 1
gene 3 3 4 8 0 3 8 1
genomeend 10

/* Species #2 : (Size 9) (AF 7.2668) (Age 17)  */


/* Organism #11 Fitness: 9 Error: 1 */
genomestart 11
trait 1 0.1 0 0 0 0 0 0 0 
trait 2 0.2 0.364551 0 0 0 0 0 0.155828 
trait 3 0.911255 0 0 0.605976 0 0 0.00991852 0 
node 1 3 1 3
node 2 3 1 1
node 3 2 1 1
node 4 2 0 2
node 7 1 0 0
gene 3 1 4 -4.30743 0 1 -4.30743 1
gene 3 2 4 1.64678 0 2 1.64678 1
gene 3 3 4 -2.64581 0 3 -2.64581 1
gene 3 2 7 3.13878 0 8 3.13878 1
gene 3 7 4 6.46761 0 9 6.46761 1
gene 1 3 7 -1.96417 0 21 -1.96417 1
gene 3 1 7 -1.79963 0 60 -1.79963 1
genomeend 11

/* Organism #12 Fitness: 9 Error: 1 */
genomestart 12
trait 1 0.1 0 0 0 0 0 0 0 
trait 2 0.2 0.39493 0 0 0 0 0 0.168813 
trait 3 0.911255 0 0 0.605976 0 0 0.00991852 0 
node 1 3 1 3
node 2 3 1 1
node 3 2 1 1
node 4 2 0 2
node 7 1 0 0
gene 3 1 4 -4.41615 0 1 -4.41615 1
gene 3 2 4 1.51975 0 2 1.51975 1
gene 3 3 4 -2.00144 0 3 -2.00144 1
gene 3 2 7 2.59164 0 8 2.59164 1
gene 3 7 4 6.44188 0 9 6.44188 1
gene 1 3 7 -2.05935 0 21 -2.05935 1
gene 3 1 7 -1.4172 0 60 -1.4172 1
genomeend 12

/* Organism #13 Fitness: 8.99917 Error: 1.00014 */
genomestart 13
trait 1 0.1 0 0 0 0 0 0 0 
trait 2 0.2 0.39493 0 0 0 0 0 0.168813 
trait 3 0.911255 0 0 0.605976 0 0 0.00991852 0 
node 1 3 1 3
node 2 3 1 1
node 3 2 1 1
node 4 2 0 2
node 7 1 0 0
gene 3 1 4 -4.52487 0 1 -4.52487 1
gene 3 2 4 1.39271 0 2 1.39271 1
gene 3 3 4 -1.35708 0 3 -1.35708 1
gene 3 2 7 2.04449 0 8 2.04449 1
gene 3 7 4 6.41615 0 9 6.41615 1
gene 1 3 7 -1.96417 0 21 -1.96417 1
gene 3 1 7 -1.79963 0 60 -1.79963 1
genomeend 13

/* Organism #14 Fitness: 8.99981 Error: 1.00003 */
genomestart 14
trait 1 0.1 0 0 0 0 0 0 0 
trait 2 0.2 0.39493 0 0 0 0 0 0.168813 
trait 3 0.911255 0 0 0.605976 0 0 0.00991852 0 
node 1 3 1 3
node 2 3 1 1
node 3 2 1 1
node 4 2 0 2
node 7 1 0 0
gene 3 1 4 -4.52487 0 1 -4.52487 1
gene 3 2 4 1.64678 0 2 1.64678 1
gene 3 3 4 -2.64581 0 3 -2.64581 1
gene 3 2 7 2.04449 0 8 2.04449 1
gene 3 7 4 6.46761 0 9 6.46761 1
gene 1 3 7 -1.96417 0 21 -1.96417 1
gene 3 1 7 -1.79963 0 60 -1.79963 1
genomeend 14

/* Organism #15 Fitness: 3.88607 Error: 2.02869 */
genomestart 15
trait 1 0.1 0 0 0 0 0 0 0 
trait 2 0.2 0.364551 0 0 0 0 0 0.155828 
trait 3 0.911255 0 0 0.605976 0 0 0.00991852 0 
node 1 3 1 3
node 2 3 1 1
node 3 2 1 1
node 4 2 0 2
node 7 1 0 0
gene 3 1 4 -1.26362 0 1 -1.26362 1
gene 3 2 4 -0.613041 0 2 -0.613041 1
gene 3 3 4 -1.54874 0 3 -1.54874 1
gene 3 2 7 4.51074 0 8 4.51074 1
gene 3 7 4 6.56214 0 9 6.56214 1
gene 1 3 7 -1.96417 0 21 -1.96417 1
gene 3 1 7 -0.486343 0 60 -0.486343 1
genomeend 15

/* Organism #16 Fitness: 8.99994 Error: 1.00001 */
genomestart 16
trait 1 0.1 0 0 0 0 0 0 0 
trait 2 0.2 0.39493 0 0 0 0 0 0.168813 
trait 3 0.911255 0 0 0.605976 0 0 0.00991852 0 
node 1 3 1 3
node 2 3 1 1
node 3 3 1 1
node 4 2 0 2
node 7 1 0 0
gene 3 1 4 -6.47607 0 1 -6.47607 1
gene 3 2 4 1.30093 0 2 1.30093 1
gene 3 3 4 -2.55154 0 3 -2.55154 1
gene 3 2 7 1.6329 0 8 1.6329 1
gene 3 7 4 8 0 9 8 1
gene 1 3 7 -1.00272 0 21 -1.00272 1
gene 3 1 7 -1.07127 0 60 -1.07127 1
genomeend 16

/* Organism #17 Fitness: 3.51622 Error: 2.12484 */
genomestart 17
trait 1 0.1 0 0 0 0 0 0 0 
trait 2 0.2 0.42531 0 0 0 0 0 0.181799 
trait 3 0.911255 0 0 0.605976 0 0 0.00991852 0 
node 1 3 1 3
node 2 3 1 1
node 3 2 1 1
node 4 2 0 2
node 7 1 0 0
gene 3 1 4 -2.48329 0 1 -2.48329 1
gene 3 2 4 1.15131 0 2 1.15131 1
gene 3 3 4 0.940046 0 3 0.940046 1
gene 3 2 7 0.0638371 0 8 0.0638371 1
gene 3 7 4 4.20943 0 9 4.20943 1
gene 1 3 7 -2.88629 0 21 -2.88629 1
gene 3 1 7 -2.22182 0 60 -2.22182 1
genomeend 17

/* Organism #18 Fitness: 9 Error: 1 */
genomestart 18
trait 1 0.1 0 0 0 0 0 0 0 
trait 2 0.2 0.39493 0 0 0 0 0 0.168813 
trait 3 0.911255 0 0 0.605976 0 0 0.00991852 0 
node 1 3 1 3
node 2 3 1 1
node 3 2 1 1
node 4 2 0 2
node 7 1 0 0
gene 3 1 4 -4.30743 0 1 -4.30743 1
gene 3 2 4 1.39271 0 2 1.39271 1
gene 3 3 4 -1.35708 0 3 -1.35708 1
gene 3 2 7 3.13878 0 8 3.13878 1
gene 3 7 4 6.41615 0 9 6.41615 1
gene 1 3 7 -2.15453 0 21 -2.15453 1
gene 3 1 7 -1.79963 0 60 -1.79963 1
genomeend 18

/* Organism #19 Fitness: 4 Error: 2 */
genomestart 19
trait 1 0.1 0 0 0 0 0 0 0 
trait 2 0.2 0.39493 0 0 0 0 0 0.168813 
trait 3 0.911255 0 0 0.605976 0 0 0.00991852 0 
node 1 3 1 3
node 2 3 1 1
node 3 2 1 1
node 4 2 0 2
node 7 1 0 0
gene 3 1 4 0.739235 0 1 0.739235 1
gene 3 2 4 -2.11615 0 2 -2.11615 1
gene 3 3 4 -1.35708 0 3 -1.35708 1
gene 3 2 7 0.718558 0 8 0.718558 1
gene 3 7 4 8 0 9 8 1
gene 1 3 7 0.119175 0 21 0.119175 1
gene 3 1 7 0.420896 0 60 0.420896 1
genomeend 19

/* Species #3 : (Size 9) (AF 5.12787) (Age 16)  */


/* Organism #20 Fitness: 9 Error: 1 */
genomestart 20
trait 1 0.1 0 0 0 0 0 0 0 
trait 2 0.2 0 0 0 0 0 0 0 
trait 3 0.3 0 0.0620518 0 0.0596789 0 0 0 
node 1 1 1 3
node 2 3 1 1
node 3 2 1 1
node 4 2 0 2
node 7 1 0 0
node 9 1 0 0
node 14 1 0 0
gene 3 1 4 -4.09195 0 1 -4.09195 1
gene 3 2 4 2.52781 0 2 2.52781 1
gene 3 3 4 -3.60798 0 3 -3.60798 1
gene 3 2 7 -2.23364 0 8 -2.23364 0
gene 3 7 4 5.85205 0 9 5.85205 1
gene 3 3 9 1.51695 0 12 1.51695 1
gene 3 9 4 -0.126488 0 13 -0.126488 1
gene 1 9 7 -2.21814 0 22 -2.21814 1
gene 3 2 14 3.43658 0 29 3.43658 1
gene 3 14 7 1.51569 0 30 1.51569 1
gene 1 3 14 0.891217 0 88 0.891217 1
genomeend 20

/* Organism #21 Fitness: 3.99971 Error: 2.00007 */
genomestart 21
trait 1 0.1 0 0 0 0 0 0 0 
trait 2 0.2 0 0 0 0 0 0 0 
trait 3 0.3 0 0.0620518 0 0.0596789 0 0 0 
node 1 1 1 3
node 2 3 1 1
node 3 2 1 1
node 4 2 0 2
node 7 1 0 0
node 9 1 0 0
node 14 1 0 0
gene 3 1 4 -2.08642 0 1 -2.08642 1
gene 3 2 4 4.82705 0 2 4.82705 1
gene 3 3 4 -6.01734 0 3 -6.01734 0
gene 3 2 7 -5.69903 0 8 -5.69903 0
gene 3 7 4 6.25555 0 9 6.25555 1
gene 3 3 9 -0.445692 0 12 -0.445692 1
gene 3 9 4 -0.282666 0 13 -0.282666 1
gene 1 9 7 1.21287 0 22 1.21287 1
gene 3 2 14 1.91355 0 29 1.91355 1
gene 3 14 7 1.53172 0 30 1.53172 1
gene 1 3 14 -1.33343 0 88 -1.33343 1
genomeend 21

/* Organism #22 Fitness: 3.13938 Error: 2.22817 */
genomestart 22
trait 1 0.1 0 0 0 0 0 0 0 
trait 2 0.2 0 0 0 0 0 0 0 
trait 3 0.3 0 0.0620518 0 0.0596789 0 0 0 
node 1 1 1 3
node 2 3 1 1
node 3 2 1 1
node 4 2 0 2
node 7 1 0 0
node 9 1 0 0
node 14 1 0 0
gene 3 1 4 0.849406 0 1 0.849406 1
gene 3 2 4 0.446181 0 2 0.446181 1
gene 3 3 4 3.33735 0 3 3.33735 0
gene 3 2 7 -2.27104 0 8 -2.27104 0
gene 3 7 4 -2.27912 0 9 -2.27912 1
gene 3 3 9 0.492141 0 12 0.492141 1
gene 3 9 4 -1.25623 0 13 -1.25623 1
gene 1 9 7 -1.02933 0 22 -1.02933 1
gene 3 2 14 0.237434 0 29 0.237434 1
gene 3 14 7 -0.548349 0 30 -0.548349 1
gene 1 3 14 1.39164 0 88 1.39164 1
genomeend 22

/* Organism #23 Fitness: 2.01272 Error: 2.5813 */
genomestart 23
trait 1 0.1 0 0 0 0 0 0 0 
trait 2 0.2 0 0 0 0 0 0 0 
trait 3 0.3 0 0.0620518 0 0.0596789 0 0 0 
node 1 1 1 3
node 2 3 1 1
node 3 2 1 1
node 4 2 0 2
node 7 1 0 0
node 9 1 0 0
node 14 1 0 0
gene 3 1 4 -1.45498 0 1 -1.45498 1
gene 3 2 4 0.602741 0 2 0.602741 1
gene 3 3 4 3.60355 0 3 3.60355 0
gene 3 2 7 -1.67082 0 8 -1.67082 0
gene 3 7 4 6.58484 0 9 6.58484 1
gene 3 3 9 0.840205 0 12 0.840205 1
gene 3 9 4 -0.195097 0 13 -0.195097 1
gene 1 9 7 -2.70716 0 22 -2.70716 1
gene 3 2 14 1.17565 0 29 1.17565 1
gene 3 14 7 2.39318 0 30 2.39318 1
gene 1 3 14 1.23814 0 88 1.23814 1
genomeend 23

/* Organism #24 Fitness: 8.99612 Error: 1.00065 */
genomestart 24
trait 1 0.1 0 0 0 0 0 0 0 
trait 2 0.2 0 0 0 0 0 0 0 
trait 3 0.3 0 0.0620518 0 0.0596789 0 0 0 
node 1 1 1 3
node 2 3 1 1
node 3 2 1 1
node 4 2 0 2
node 7 1 0 0
node 9 1 0 0
node 14 1 0 0
gene 3 1 4 -4.09195 0 1 -4.09195 1
gene 3 2 4 3.12498 0 2 3.12498 1
gene 3 3 4 -3.60798 0 3 -3.60798 1
gene 3 2 7 -2.23364 0 8 -2.23364 0
gene 3 7 4 4.64573 0 9 4.64573 1
gene 3 3 9 2.9221 0 12 2.9221 1
gene 3 9 4 2.43561 0 13 2.43561 1
gene 1 9 7 -3.43758 0 22 -3.43758 1
gene 3 2 14 3.43658 0 29 3.43658 1
gene 3 14 7 1.51569 0 30 1.51569 1
gene 1 3 14 0.500427 0 88 0.500427 1
genomeend 24

/* Organism #25 Fitness: 3.85391 Error: 2.03686 */
genomestart 25
trait 1 0.1 0 0 0 0 0 0 0 
trait 2 0.2 0 0 0 0 0 0 0 
trait 3 0.3 0 0.0620518 0 0.0596789 0 0 0 
node 1 1 1 3
node 2 3 1 1
node 3 2 1 1
node 4 2 0 2
node 7 1 0 0
node 9 1 0 0
node 14 1 0 0
gene 3 1 4 -0.137417 0 1 -0.137417 1
gene 3 2 4 1.28937 0 2 1.28937 1
gene 3 3 4 2.76788 0 3 2.76788 0
gene 3 2 7 -5.99064 0 8 -5.99064 0
gene 3 7 4 4.23404 0 9 4.23404 1
gene 3 3 9 0.315897 0 12 0.315897 1
gene 3 9 4 -0.600898 0 13 -0.600898 1
gene 1 9 7 -2.15615 0 22 -2.15615 1
gene 3 2 14 -3.3488 0 29 -3.3488 1
gene 3 14 7 -2.16155 0 30 -2.16155 1
gene 1 3 14 -2.34916 0 88 -2.34916 1
genomeend 25

/* Organism #26 Fitness: 4 Error: 2 */
genomestart 26
trait 1 0.1 0 0 0 0 0 0 0 
trait 2 0.2 0 0 0 0 0 0 0 
trait 3 0.3 0 0.0620518 0 0.0596789 0 0 0 
node 1 1 1 3
node 2 3 1 1
node 3 2 1 1
node 4 2 0 2
node 7 1 0 0
node 9 1 0 0
node 14 1 0 0
gene 3 1 4 0.235679 0 1 0.235679 1
gene 3 2 4 7.51382 0 2 7.51382 1
gene 3 3 4 1.38462 0 3 1.38462 0
gene 3 2 7 -2.65504 0 8 -2.65504 0
gene 3 7 4 5.67722 0 9 5.67722 1
gene 3 3 9 1.33918 0 12 1.33918 1
gene 3 9 4 -0.637234 0 13 -0.637234 1
gene 1 9 7 -0.871014 0 22 -0.871014 1
gene 3 2 14 -0.714743 0 29 -0.714743 1
gene 3 14 7 1.90664 0 30 1.90664 1
gene 1 3 14 1.24607 0 88 1.24607 1
genomeend 26

/* Organism #27 Fitness: 4.00058 Error: 1.99985 */
genomestart 27
trait 1 0.1 0 0 0 0 0 0 0 
trait 2 0.2 0 0 0 0 0 0 0 
trait 3 0.3 0 0.0620518 0 0.0596789 0 0 0 
node 1 1 1 3
node 2 3 1 1
node 3 2 1 1
node 4 2 0 2
node 7 1 0 0
node 9 1 0 0
node 14 1 0 0
gene 3 1 4 -0.304048 0 1 -0.304048 1
gene 3 2 4 5.91618 0 2 5.91618 1
gene 3 3 4 1.43124 0 3 1.43124 0
gene 3 2 7 -4.46693 0 8 -4.46693 0
gene 3 7 4 4.33845 0 9 4.33845 1
gene 3 3 9 1.11838 0 12 1.11838 1
gene 3 9 4 -3.87548 0 13 -3.87548 1
gene 1 9 7 -0.766564 0 22 -0.766564 1
gene 3 2 14 0.885266 0 29 0.885266 1
gene 3 14 7 -0.655087 0 30 -0.655087 1
gene 1 3 14 0.0967437 0 88 0.0967437 1
genomeend 27

/* Organism #28 Fitness: 7.14845 Error: 1.32634 */
genomestart 28
trait 1 0.1 0 0 0 0 0 0 0 
trait 2 0.2 0 0 0 0 0 0 0 
trait 3 0.3 0 0.0620518 0 0.0596789 0 0 0 
node 1 1 1 3
node 2 3 1 1
node 3 2 1 1
node 4 2 0 2
node 7 1 0 0
node 9 1 0 0
node 14 1 0 0
gene 3 1 4 -3.26622 0 1 -3.26622 1
gene 3 2 4 3.77482 0 2 3.77482 1
gene 3 3 4 -0.972324 0 3 -0.972324 0
gene 3 2 7 -3.15016 0 8 -3.15016 0
gene 3 7 4 6.21845 0 9 6.21845 1
gene 3 3 9 0.512284 0 12 0.512284 1
gene 3 9 4 -1.17214 0 13 -1.17214 1
gene 1 9 7 -1.69518 0 22 -1.69518 1
gene 3 2 14 1.17365 0 29 1.17365 1
gene 3 14 7 1.04121 0 30 1.04121 1
gene 1 3 14 0.49398 0 88 0.49398 1
genomeend 28

/* Species #4 : (Size 9) (AF 6.46042) (Age 16)  */


/* Organism #29 Fitness: 9 Error: 1 */
genomestart 29
trait 1 0.1 0 0 0 0 0 0 0 
trait 2 0.247788 0 0.0186811 0 0 0.0248535 0.0398495 0 
trait 3 0.3 0 0 0 0 0 0 0 
node 1 2 1 3
node 2 3 1 1
node 3 3 1 1
node 4 3 0 2
node 10 1 0 0
node 20 1 0 0
gene 1 1 4 -4.46985 0 1 -4.46985 1
gene 1 2 4 4.88141 0 2 4.88141 1
gene 1 3 4 -4.5295 0 3 -4.5295 1
gene 3 2 10 0.738161 0 14 0.738161 1
gene 3 10 4 4.69954 0 15 4.69954 1
gene 3 3 10 -1.25965 0 26 -1.25965 1
gene 3 1 10 -1.05457 0 33 -1.05457 1
gene 3 3 20 1.47507 0 52 1.47507 1
gene 3 20 10 1.30206 0 53 1.30206 1
genomeend 29

/* Organism #30 Fitness: 4.00129 Error: 1.99968 */
genomestart 30
trait 1 0.1 0 0 0 0 0 0 0 
trait 2 0.247788 0 0.0186811 0 0 0.0248535 0.0398495 0 
trait 3 0.3 0 0 0 0 0 0 0 
node 1 2 1 3
node 2 3 1 1
node 3 3 1 1
node 4 3 0 2
node 10 1 0 0
node 20 1 0 0
gene 1 1 4 -4.46985 0 1 -4.46985 1
gene 1 2 4 3.01711 0 2 3.01711 1
gene 1 3 4 -1.33175 0 3 -1.33175 1
gene 3 2 10 2.16788 0 14 2.16788 1
gene 3 10 4 -0.179067 0 15 -0.179067 1
gene 3 3 10 -2.14309 0 26 -2.14309 1
gene 3 1 10 0.638821 0 33 0.638821 1
gene 3 3 20 1.47507 0 52 1.47507 1
gene 3 20 10 -1.70209 0 53 -1.70209 1
genomeend 30

/* Organism #31 Fitness: 8.99999 Error: 1 */
genomestart 31
trait 1 0.1 0 0 0 0 0 0 0 
trait 2 0.247788 0 0.0186811 0 0 0.0248535 0.0398495 0 
trait 3 0.3 0 0 0 0 0 0 0 
node 1 3 1 3
node 2 3 1 1
node 3 3 1 1
node 4 3 0 2
node 10 1 0 0
node 20 1 0 0
node 60 1 0 0
gene 1 1 4 -3.63122 0 1 -3.63122 1
gene 1 2 4 4.88141 0 2 4.88141 1
gene 1 3 4 -4.5295 0 3 -4.5295 1
gene 3 2 10 0.215093 0 14 0.215093 1
gene 3 10 4 4.02983 0 15 4.02983 1
gene 3 3 10 -1.25965 0 26 -1.25965 1
gene 3 1 10 -1.05457 0 33 -1.05457 1
gene 3 3 20 1.47507 0 52 1.47507 0
gene 1 20 10 0.830506 0 53 0.830506 1
gene 3 3 60 1 0 171 0 1
gene 3 60 20 1.47507 0 172 0 1
genomeend 31

/* Organism #32 Fitness: 1.11843 Error: 2.94244 */
genomestart 32
trait 1 0 0 0 0 0 0 0 0.358287 
trait 2 0.247788 0 0.0186811 0 0 0.0248535 0.0398495 0 
trait 3 0.3 0 0 0 0 0 0 0 
node 1 3 1 3
node 2 3 1 1
node 3 3 1 1
node 4 3 0 2
node 10 1 0 0
node 20 1 0 0
gene 1 1 4 -1.32433 0 1 -1.32433 1
gene 1 2 4 6.6511 0 2 6.6511 1
gene 1 3 4 -4.76304 0 3 -4.76304 1
gene 3 2 10 -0.987795 0 14 -0.987795 1
gene 3 10 4 3.13043 0 15 3.13043 1
gene 3 3 10 -3.24679 0 26 -3.24679 1
gene 3 1 10 0.802639 0 33 0.802639 1
gene 3 3 20 1.36352 0 52 1.36352 1
gene 3 20 10 2.10661 0 53 2.10661 1
genomeend 32

/* Organism #33 Fitness: 8.99982 Error: 1.00003 */
genomestart 33
trait 1 0.1 0 0 0 0 0 0 0 
trait 2 0.247788 0 0.0186811 0 0 0.0248535 0.0398495 0 
trait 3 0.3 0 0 0 0 0 0 0 
node 1 3 1 3
node 2 3 1 1
node 3 3 1 1
node 4 3 0 2
node 10 1 0 0
node 20 1 0 0
gene 1 1 4 -2.1342 0 1 -2.1342 1
gene 1 2 4 6.06141 0 2 6.06141 1
gene 1 3 4 -6.59889 0 3 -6.59889 1
gene 3 2 10 -1.69606 0 14 -1.69606 1
gene 3 10 4 2.8647 0 15 2.8647 1
gene 3 3 10 -1.29427 0 26 -1.29427 1
gene 3 1 10 -1.07731 0 33 -1.07731 1
gene 3 3 20 0.231059 0 52 0.231059 1
gene 1 20 10 -1.16408 0 53 -1.16408 1
genomeend 33

/* Organism #34 Fitness: 8.99998 Error: 1 */
genomestart 34
trait 1 0.1 0 0 0 0 0 0 0 
trait 2 0.247788 0 0.0186811 0 0 0.0248535 0.0398495 0 
trait 3 0.3 0 0 0 0 0 0 0 
node 1 2 1 3
node 2 3 1 1
node 3 3 1 1
node 4 3 0 2
node 10 1 0 0
node 20 1 0 0
gene 1 1 4 -4.46985 0 1 -4.46985 1
gene 1 2 4 3.55065 0 2 3.55065 1
gene 1 3 4 -2.47286 0 3 -2.47286 1
gene 3 2 10 2.3014 0 14 2.3014 1
gene 3 10 4 6.535 0 15 6.535 1
gene 3 3 10 -1.25965 0 26 -1.25965 1
gene 3 1 10 -1.75444 0 33 -1.75444 1
gene 3 3 20 0.459181 0 52 0.459181 1
gene 1 20 10 -1.03221 0 53 -1.03221 1
genomeend 34

/* Organism #35 Fitness: 4.02425 Error: 1.99395 */
genomestart 35
trait 1 0.1 0 0 0 0 0 0 0 
trait 2 0.247788 0 0.0186811 0 0 0.0248535 0.0398495 0 
trait 3 0.3 0 0 0 0 0 0 0 
node 1 3 1 3
node 2 3 1 1
node 3 3 1 1
node 4 3 0 2
node 10 1 0 0
node 20 1 0 0
gene 1 1 4 -1.35462 0 1 -1.35462 1
gene 1 2 4 4.68319 0 2 4.68319 1
gene 1 3 4 -2.33173 0 3 -2.33173 1
gene 3 2 10 0.613435 0 14 0.613435 1
gene 3 10 4 4.02983 0 15 4.02983 1
gene 3 3 10 -0.783792 0 26 -0.783792 1
gene 3 1 10 -2.14919 0 33 -2.14919 1
gene 3 3 20 -0.516717 0 52 -0.516717 1
gene 1 20 10 0.830506 0 53 0.830506 1
genomeend 35

/* Organism #36 Fitness: 4 Error: 2 */
genomestart 36
trait 1 0.1 0 0 0 0 0 0 0 
trait 2 0.247788 0 0.0186811 0 0 0.0248535 0.0398495 0 
trait 3 0.3 0 0 0 0 0 0 0 
node 1 2 1 3
node 2 3 1 1
node 3 3 1 1
node 4 3 0 2
node 10 1 0 0
node 20 1 0 0
gene 1 1 4 -4.46985 0 1 -4.46985 1
gene 1 2 4 1.07761 0 2 1.07761 1
gene 1 3 4 -5.07876 0 3 -5.07876 1
gene 3 2 10 -0.934559 0 14 -0.934559 1
gene 3 10 4 4.69954 0 15 4.69954 1
gene 3 3 10 -0.972167 0 26 -0.972167 1
gene 3 1 10 -1.8402 0 33 -1.8402 1
gene 3 3 20 0.738884 0 52 0.738884 1
gene 3 20 10 1.27742 0 53 1.27742 1
genomeend 36

/* Organism #37 Fitness: 9 Error: 1 */
genomestart 37
trait 1 0.1 0 0 0 0 0 0 0 
trait 2 0.247788 0 0.0186811 0 0 0.0248535 0.0398495 0 
trait 3 0.3 0 0 0 0 0 0 0 
node 1 2 1 3
node 2 3 1 1
node 3 3 1 1
node 4 3 0 2
node 10 1 0 0
node 20 1 0 0
gene 1 1 4 -4.46985 0 1 -4.46985 1
gene 1 2 4 4.88141 0 2 4.88141 1
gene 1 3 4 -4.5295 0 3 -4.5295 1
gene 2 2 10 0.738161 0 14 0.738161 1
gene 3 10 4 4.69954 0 15 4.69954 1
gene 3 3 10 -1.25965 0 26 -1.25965 1
gene 3 1 10 -1.05457 0 33 -1.05457 1
gene 3 3 20 1.47507 0 52 1.47507 1
gene 3 20 10 1.30206 0 53 1.30206 1
genomeend 37

/* Species #5 : (Size 10) (AF 6.56744) (Age 15)  */


/* Organism #38 Fitness: 8.99972 Error: 1.00005 */
genomestart 38
trait 1 0.1 0.324885 0 0.233833 0 0 0 0 
trait 2 0.2 0 0 0.0980979 0 0 0 0.22874 
trait 3 0.152344 0 0.0814805 0 0.51177 0 0.224877 0 
node 1 1 1 3
node 2 3 1 1
node 3 2 1 1
node 4 2 0 2
node 7 1 0 0
node 9 1 0 0
gene 3 1 4 -0.571993 0 1 -0.571993 1
gene 3 2 4 1.25986 0 2 1.25986 0
gene 3 3 4 -4.64508 0 3 -4.64508 0
gene 3 2 7 3.16733 0 8 3.16733 1
gene 3 7 4 3.0013 0 9 3.0013 1
gene 3 3 9 -6.40387 0 12 -6.40387 1
gene 3 9 4 -7.23801 0 13 -7.23801 1
gene 1 9 7 -2.31662 0 22 -2.31662 1
gene 1 3 7 -5.17022 0 42 -5.17022 1
gene 2 2 9 -1.65981 0 66 -1.65981 1
genomeend 38

/* Organism #39 Fitness: 5.95803 Error: 1.55909 */
genomestart 39
trait 1 0.1 0.351959 0 0.253319 0 0 0 0 
trait 2 0.2 0.107105 0 0.093193 0 0 0 0.233939 
trait 3 0.154102 0.0666524 0 0 0.505677 0.279763 0.91085 0 
node 1 1 1 3
node 2 3 1 1
node 3 2 1 1
node 4 2 0 2
node 7 1 0 0
node 9 1 0 0
gene 3 1 4 -0.0482383 0 1 -0.0482383 1
gene 3 2 4 2.28468 0 2 2.28468 1
gene 3 3 4 -0.313044 0 3 -0.313044 0
gene 3 2 7 3.39579 0 8 3.39579 1
gene 3 7 4 0.549953 0 9 0.549953 1
gene 3 3 9 -5.36929 0 12 -5.36929 1
gene 3 9 4 -7.29836 0 13 -7.29836 1
gene 1 9 7 -0.832154 0 22 -0.832154 1
gene 1 3 7 -7.04436 0 42 -7.04436 1
gene 1 2 9 -1.31806 0 66 -1.31806 1
genomeend 39

/* Organism #40 Fitness: 7.87411 Error: 1.19392 */
genomestart 40
trait 1 0.1 0.379032 0 0.272805 0 0 0 0 
trait 2 0.2 0.214209 0 0.0882881 0 0 0 0.239137 
trait 3 0.155859 0 0.0795405 0 0.499585 0 0.219523 0 
node 1 1 1 3
node 2 3 1 1
node 3 2 1 1
node 4 2 0 2
node 7 1 0 0
node 9 1 0 0
gene 3 1 4 0.0784707 0 1 0.0784707 1
gene 3 2 4 4.18912 0 2 4.18912 0
gene 3 3 4 -2.96648 0 3 -2.96648 0
gene 3 2 7 0.976764 0 8 0.976764 1
gene 3 7 4 0.213839 0 9 0.213839 1
gene 3 3 9 -5.71834 0 12 -5.71834 1
gene 3 9 4 -3.50597 0 13 -3.50597 1
gene 1 9 7 -1.67617 0 22 -1.67617 1
gene 1 3 7 -6.98874 0 42 -6.98874 1
gene 2 2 9 -1.67961 0 66 -1.67961 1
genomeend 40

/* Organism #41 Fitness: 8.62586 Error: 1.06302 */
genomestart 41
trait 1 0.1 0.351959 0 0.253319 0 0 0 0 
trait 2 0.2 0.107105 0 0.093193 0 0 0 0.233939 
trait 3 0.154102 0 0.0805105 0 0.505677 0 0.2222 0 
node 1 1 1 3
node 2 3 1 1
node 3 2 1 1
node 4 2 0 2
node 7 1 0 0
node 9 1 0 0
gene 3 1 4 -0.571993 0 1 -0.571993 1
gene 3 2 4 3.3095 0 2 3.3095 0
gene 3 3 4 -4.64508 0 3 -4.64508 0
gene 3 2 7 3.2597 0 8 3.2597 1
gene 3 7 4 1.12131 0 9 1.12131 1
gene 3 3 9 -6.40387 0 12 -6.40387 1
gene 3 9 4 -7.23801 0 13 -7.23801 1
gene 1 9 7 -2.31662 0 22 -2.31662 1
gene 1 3 7 -5.17022 0 42 -5.17022 1
gene 2 2 9 -1.78825 0 66 -1.78825 1
genomeend 41

/* Organism #42 Fitness: 4.05091 Error: 1.98731 */
genomestart 42
trait 1 0.1 0.324885 0 0.233833 0 0 0 0 
trait 2 0.2 0 0 0.0980979 0 0 0 0.22874 
trait 3 0.152344 0 0.0814805 0 0.51177 0 0.224877 0 
node 1 1 1 3
node 2 3 1 1
node 3 2 1 1
node 4 2 0 2
node 7 1 0 0
node 9 1 0 0
gene 3 1 4 -0.571993 0 1 -0.571993 1
gene 3 2 4 1.25986 0 2 1.25986 0
gene 3 3 4 -5.13391 0 3 -5.13391 0
gene 3 2 7 2.24261 0 8 2.24261 1
gene 3 7 4 -0.312281 0 9 -0.312281 1
gene 3 3 9 -7.18987 0 12 -7.18987 1
gene 3 9 4 -7.0079 0 13 -7.0079 1
gene 1 9 7 -2.14217 0 22 -2.14217 1
gene 1 3 7 -5.79211 0 42 -5.79211 1
gene 2 2 9 -3.88995 0 66 -3.88995 1
genomeend 42

/* Organism #43 Fitness: 8.62539 Error: 1.0631 */
genomestart 43
trait 1 0.1 0.351959 0 0.253319 0 0 0 0 
trait 2 0.2 0.107105 0 0.093193 0 0 0 0.233939 
trait 3 0.154102 0 0.0805105 0 0.505677 0 0.2222 0 
node 1 1 1 3
node 2 3 1 1
node 3 2 1 1
node 4 2 0 2
node 7 1 0 0
node 9 1 0 0
gene 3 1 4 -0.571993 0 1 -0.571993 1
gene 3 2 4 3.3095 0 2 3.3095 0
gene 3 3 4 -4.64508 0 3 -4.64508 0
gene 3 2 7 3.2597 0 8 3.2597 1
gene 3 7 4 1.12131 0 9 1.12131 1
gene 3 3 9 -5.19884 0 12 -5.19884 1
gene 3 9 4 -7.23801 0 13 -7.23801 1
gene 1 9 7 0.22948 0 22 0.22948 1
gene 1 3 7 -4.87419 0 42 -4.87419 1
gene 2 2 9 -1.78825 0 66 -1.78825 1
genomeend 43

/* Organism #44 Fitness: 3.99643 Error: 2.00089 */
genomestart 44
trait 1 0.1 0.351959 0 0.253319 0 0 0 0 
trait 2 0.2 0.107105 0 0.093193 0 0 0 0.233939 
trait 3 0.154102 0 0.0805105 0 0.505677 0 0.2222 0 
node 1 1 1 3
node 2 3 1 1
node 3 2 1 1
node 4 2 0 2
node 7 1 0 0
node 9 1 0 0
gene 3 1 4 2.26382 0 1 2.26382 1
gene 3 2 4 5.32235 0 2 5.32235 0
gene 3 3 4 -5.27582 0 3 -5.27582 0
gene 3 2 7 3.20151 0 8 3.20151 1
gene 3 7 4 -0.0773072 0 9 -0.0773072 1
gene 3 3 9 -2.91026 0 12 -2.91026 1
gene 3 9 4 -7.24915 0 13 -7.24915 1
gene 1 9 7 0.553358 0 22 0.553358 1
gene 1 3 7 -4.63958 0 42 -4.63958 1
gene 2 2 9 2.12371 0 66 2.12371 1
genomeend 44

/* Organism #45 Fitness: 8.98113 Error: 1.00315 */
genomestart 45
trait 1 0.1 0.379032 0 0.272805 0 0 0 0 
trait 2 0.2 0.214209 0 0.0882881 0 0 0 0.239137 
trait 3 0.155859 0 0.0795405 0 0.499585 0 0.219523 0 
node 1 1 1 3
node 2 3 1 1
node 3 2 1 1
node 4 2 0 2
node 7 1 0 0
node 9 1 0 0
gene 3 1 4 2.88816 0 1 2.88816 1
gene 3 2 4 1.71659 0 2 1.71659 0
gene 3 3 4 -6.433 0 3 -6.433 0
gene 3 2 7 5.29918 0 8 5.29918 1
gene 3 7 4 -0.829894 0 9 -0.829894 1
gene 3 3 9 -4.50958 0 12 -4.50958 1
gene 3 9 4 -6.55172 0 13 -6.55172 1
gene 1 9 7 2.10934 0 22 2.10934 1
gene 1 3 7 -2.43881 0 42 -2.43881 1
gene 2 2 9 -0.478706 0 66 -0.478706 1
genomeend 45

/* Organism #46 Fitness: 4.53259 Error: 1.87101 */
genomestart 46
trait 1 1 0 0 0 0 0.12534 0 0 
trait 2 0.2 0.107105 0 0.093193 0 0 0 0.233939 
trait 3 0.154102 0 0.0805105 0 0.505677 0 0.2222 0 
node 1 1 1 3
node 2 3 1 1
node 3 2 1 1
node 4 2 0 2
node 7 1 0 0
node 9 1 0 0
gene 3 1 4 -1.09333 0 1 -1.09333 1
gene 3 2 4 2.55766 0 2 2.55766 0
gene 3 3 4 -4.3769 0 3 -4.3769 0
gene 3 2 7 2.88839 0 8 2.88839 1
gene 3 7 4 0.708754 0 9 0.708754 1
gene 3 3 9 -5.10698 0 12 -5.10698 1
gene 3 9 4 -3.99 0 13 -3.99 1
gene 1 9 7 -1.03683 0 22 -1.03683 1
gene 1 3 7 -3.38008 0 42 -3.38008 1
gene 2 2 9 -1.78825 0 66 -1.78825 1
genomeend 46

/* Organism #47 Fitness: 4.03023 Error: 1.99246 */
genomestart 47
trait 1 0.1 0.379032 0 0.272805 0 0 0 0 
trait 2 0.2 0.214209 0 0.0882881 0 0 0 0.239137 
trait 3 0.155859 0 0.0795405 0 0.499585 0 0.219523 0 
node 1 1 1 3
node 2 3 1 1
node 3 2 1 1
node 4 2 0 2
node 7 1 0 0
node 9 1 0 0
node 61 1 0 0
gene 3 1 4 0.475517 0 1 0.475517 1
gene 3 2 4 3.3095 0 2 3.3095 0
gene 3 3 4 -4.25429 0 3 -4.25429 0
gene 3 2 7 3.2597 0 8 3.2597 1
gene 3 7 4 1.12131 0 9 1.12131 1
gene 3 3 9 -5.19884 0 12 -5.19884 1
gene 3 9 4 -5.23355 0 13 -5.23355 1
gene 1 9 7 0.22948 0 22 0.22948 1
gene 1 3 7 -4.87419 0 42 -4.87419 1
gene 2 2 9 -1.78825 0 66 -1.78825 0
gene 2 2 61 1 0 173 0 1
gene 2 61 9 -1.78825 0 174 0 1
genomeend 47

/* Species #6 : (Size 10) (AF 6.35211) (Age 14)  */


/* Organism #48 Fitness: 9 Error: 1 */
genomestart 48
trait 1 0.1 0.0940733 0.383465 0 0.400632 0 0 0 
trait 2 0.2 0 0 0 0 0 0 0 
trait 3 0.498019 0.735527 0.248131 0.0923338 0 0.149266 0 0.094058 
node 1 1 1 3
node 2 3 1 1
node 3 2 1 1
node 4 2 0 2
node 13 1 0 0
node 54 1 0 0
gene 2 1 4 0.841624 0 1 0.841624 1
gene 3 2 4 5.03288 0 2 5.03288 1
gene 3 3 4 -5.94559 0 3 -5.94559 1
gene 3 3 13 2.24882 0 27 2.24882 1
gene 3 13 4 -6.39291 0 28 -6.39291 1
gene 3 1 13 1.21299 0 75 1.21299 1
gene 1 2 13 -3.70606 0 93 -3.70606 1
gene 3 3 54 0.707038 0 152 0.707038 1
gene 3 54 13 0.497436 0 153 0.497436 1
genomeend 48

/* Organism #49 Fitness: 6.07938 Error: 1.53436 */
genomestart 49
trait 1 0.1 0.0940733 0.383465 0 0.400632 0 0 0 
trait 2 0.2 0 0 0 0 0 0 0 
trait 3 0.498019 0.735527 0.248131 0.0923338 0 0.149266 0 0.094058 
node 1 1 1 3
node 2 3 1 1
node 3 2 1 1
node 4 2 0 2
node 13 1 0 0
node 54 1 0 0
gene 2 1 4 -2.11737 0 1 -2.11737 1
gene 3 2 4 6.2936 0 2 6.2936 1
gene 3 3 4 -4.14827 0 3 -4.14827 1
gene 3 3 13 0.127934 0 27 0.127934 1
gene 3 13 4 -6.17798 0 28 -6.17798 1
gene 3 1 13 -1.14856 0 75 -1.14856 1
gene 1 2 13 -5.10961 0 93 -5.10961 1
gene 3 3 54 -1.36959 0 152 -1.36959 1
gene 3 54 13 2.28683 0 153 2.28683 1
genomeend 49

/* Organism #50 Fitness: 4 Error: 2 */
genomestart 50
trait 1 0.1 0.0940733 0.383465 0 0.400632 0 0 0 
trait 2 0.2 0 0 0 0 0 0 0 
trait 3 0.498019 0.735527 0.248131 0.0923338 0 0.149266 0 0.094058 
node 1 1 1 3
node 2 3 1 1
node 3 2 1 1
node 4 2 0 2
node 13 1 0 0
node 54 1 0 0
gene 2 1 4 1.48701 0 1 1.48701 1
gene 3 2 4 0.404294 0 2 0.404294 1
gene 3 3 4 -5.28639 0 3 -5.28639 1
gene 3 3 13 0.761727 0 27 0.761727 1
gene 3 13 4 -6.39291 0 28 -6.39291 1
gene 3 1 13 1.73531 0 75 1.73531 1
gene 1 2 13 1.07089 0 93 1.07089 1
gene 3 3 54 1.18007 0 152 1.18007 1
gene 3 54 13 0.541688 0 153 0.541688 1
genomeend 50

/* Organism #51 Fitness: 4 Error: 2 */
genomestart 51
trait 1 0.1 0.0940733 0.383465 0 0.400632 0 0 0 
trait 2 0.2 0 0 0 0 0 0 0 
trait 3 0.498019 0 0.294134 0.0923338 0 0.147149 0 0.094058 
node 1 1 1 3
node 2 3 1 1
node 3 2 1 1
node 4 2 0 2
node 13 1 0 0
gene 2 1 4 1.31321 0 1 1.31321 1
gene 3 2 4 -2.1128 0 2 -2.1128 1
gene 3 3 4 -5.74489 0 3 -5.74489 1
gene 3 3 13 -0.597911 0 27 -0.597911 1
gene 3 13 4 -7.58441 0 28 -7.58441 1
gene 3 1 13 0.57474 0 75 0.57474 1
gene 1 2 13 0.416036 0 93 0.416036 1
genomeend 51

/* Organism #52 Fitness: 5.46176 Error: 1.66296 */
genomestart 52
trait 1 0.1 0.0940733 0.383465 0 0.400632 0 0 0 
trait 2 0.2 0 0 0 0 0 0 0 
trait 3 0.498019 0.367763 0.271132 0.0923338 0 0.148207 0 0.094058 
node 1 1 1 3
node 2 3 1 1
node 3 2 1 1
node 4 2 0 2
node 13 1 0 0
node 54 1 0 0
gene 2 1 4 3.00878 0 1 3.00878 1
gene 3 2 4 4.37762 0 2 4.37762 1
gene 3 3 4 -6.99754 0 3 -6.99754 1
gene 3 3 13 2.37675 0 27 2.37675 1
gene 3 13 4 -5.36935 0 28 -5.36935 1
gene 3 1 13 1.67162 0 75 1.67162 1
gene 1 2 13 -3.70322 0 93 -3.70322 1
gene 3 3 54 0.331431 0 152 0.331431 1
gene 3 54 13 -1.14415 0 153 -1.14415 1
genomeend 52

/* Organism #53 Fitness: 4.12857 Error: 1.96811 */
genomestart 53
trait 1 0.1 0.0940733 0.383465 0 0.400632 0 0 0 
trait 2 0.2 0 0 0 0 0 0 0 
trait 3 0.498019 0.735527 0.248131 0.0923338 0 0.149266 0 0.094058 
node 1 1 1 3
node 2 3 1 1
node 3 2 1 1
node 4 2 0 2
node 13 1 0 0
node 54 1 0 0
gene 2 1 4 -0.240944 0 1 -0.240944 1
gene 3 2 4 -0.230644 0 2 -0.230644 1
gene 3 3 4 -6.06484 0 3 -6.06484 1
gene 3 3 13 1.44328 0 27 1.44328 1
gene 3 13 4 -5.71136 0 28 -5.71136 1
gene 3 1 13 2.88121 0 75 2.88121 1
gene 1 2 13 -2.89503 0 93 -2.89503 1
gene 3 3 54 -1.14246 0 152 -1.14246 1
gene 3 54 13 -1.27613 0 153 -1.27613 1
genomeend 53

/* Organism #54 Fitness: 4.00851 Error: 1.99787 */
genomestart 54
trait 1 0.1 0.0940733 0.383465 0 0.400632 0 0 0 
trait 2 0.2 0 0 0 0 0 0 0 
trait 3 0.498019 0.367763 0.271132 0.0923338 0 0.148207 0 0.094058 
node 1 1 1 3
node 2 3 1 1
node 3 2 1 1
node 4 2 0 2
node 13 1 0 0
node 54 1 0 0
gene 2 1 4 1.72613 0 1 1.72613 1
gene 3 2 4 4.95226 0 2 4.95226 1
gene 3 3 4 -1.89116 0 3 -1.89116 1
gene 3 3 13 3.39486 0 27 3.39486 1
gene 3 13 4 -7.93127 0 28 -7.93127 1
gene 3 1 13 -0.592692 0 75 -0.592692 1
gene 1 2 13 0.733047 0 93 0.733047 1
gene 3 3 54 1.60756 0 152 1.60756 1
gene 3 54 13 2.83737 0 153 2.83737 1
genomeend 54

/* Organism #55 Fitness: 9 Error: 1 */
genomestart 55
trait 1 0.1 0.0940733 0.383465 0 0.400632 0 0 0 
trait 2 0.2 0 0 0 0 0 0 0 
trait 3 0.498019 0.367763 0.271132 0.0923338 0 0.148207 0 0.094058 
node 1 1 1 3
node 2 3 1 1
node 3 2 1 1
node 4 2 0 2
node 13 1 0 0
node 54 1 0 0
gene 2 1 4 1.31321 0 1 1.31321 1
gene 3 2 4 4.95226 0 2 4.95226 1
gene 3 3 4 -6.52113 0 3 -6.52113 1
gene 3 3 13 2.24882 0 27 2.24882 1
gene 3 13 4 -6.08763 0 28 -6.08763 1
gene 3 1 13 1.21299 0 75 1.21299 1
gene 1 2 13 -3.70606 0 93 -3.70606 1
gene 3 3 54 0.707038 0 152 0.707038 1
gene 3 54 13 0.497436 0 153 0.497436 1
genomeend 55

/* Organism #56 Fitness: 9 Error: 1 */
genomestart 56
trait 1 0.1 0.0940733 0.383465 0 0.400632 0 0 0 
trait 2 0.2 0 0 0 0 0 0 0 
trait 3 0.498019 0.735527 0.248131 0.0923338 0 0.149266 0 0.094058 
node 1 1 1 3
node 2 2 1 1
node 3 2 1 1
node 4 2 0 2
node 13 1 0 0
node 54 1 0 0
gene 2 1 4 0.841624 0 1 0.841624 1
gene 3 2 4 5.03288 0 2 5.03288 1
gene 3 3 4 -5.94559 0 3 -5.94559 1
gene 3 3 13 2.24882 0 27 2.24882 1
gene 3 13 4 -6.39291 0 28 -6.39291 1
gene 3 1 13 1.21299 0 75 1.21299 1
gene 1 2 13 -3.70606 0 93 -3.70606 1
gene 3 3 54 0.707038 0 152 0.707038 1
gene 3 54 13 0.497436 0 153 0.497436 1
genomeend 56

/* Organism #57 Fitness: 8.84286 Error: 1.0263 */
genomestart 57
trait 1 0.1 0.0940733 0.383465 0 0.400632 0 0 0 
trait 2 0.2 0 0 0 0 0 0 0 
trait 3 0.498019 0.367763 0.271132 0.0923338 0 0.148207 0 0.094058 
node 1 1 1 3
node 2 3 1 1
node 3 2 1 1
node 4 2 0 2
node 13 1 0 0
node 54 1 0 0
gene 2 1 4 0.841624 0 1 0.841624 1
gene 3 2 4 4.95226 0 2 4.95226 1
gene 3 3 4 -6.52113 0 3 -6.52113 1
gene 3 3 13 0.599406 0 27 0.599406 1
gene 3 13 4 -6.39291 0 28 -6.39291 1
gene 3 1 13 1.21299 0 75 1.21299 1
gene 1 2 13 -3.70606 0 93 -3.70606 1
gene 3 3 54 0.707038 0 152 0.707038 1
gene 3 54 13 0.497436 0 153 0.497436 1
genomeend 57

/* Species #7 : (Size 6) (AF 6.61523) (Age 14)  */


/* Organism #58 Fitness: 8.99987 Error: 1.00002 */
genomestart 58
trait 1 0.1 0 0 0 0 0 0 0 
trait 2 0.2 0 0 0 0 0 0 0 
trait 3 1 0 0 0 0 0.280129 0 0 
node 1 2 1 3
node 2 3 1 1
node 3 3 1 1
node 4 3 0 2
node 10 1 0 0
node 15 1 0 0
gene 1 1 4 -5.38513 0 1 -5.38513 1
gene 3 2 4 3.10479 0 2 3.10479 1
gene 1 3 4 -1.4678 0 3 -1.4678 1
gene 3 2 10 -5.49335 0 14 -5.49335 0
gene 3 10 4 7.10279 0 15 7.10279 1
gene 3 3 10 -0.458846 0 26 -0.458846 1
gene 3 2 15 4.46164 0 31 4.46164 1
gene 3 15 10 2.93594 0 32 2.93594 1
gene 3 1 10 -2.82678 0 49 -2.82678 1
gene 1 3 15 -0.613498 0 78 -0.613498 1
genomeend 58

/* Organism #59 Fitness: 4 Error: 2 */
genomestart 59
trait 1 0.1 0 0 0 0 0 0 0 
trait 2 0.2 0 0 0 0 0.359783 0.201147 0 
trait 3 1 0 0 0 0 0.280129 0 0 
node 1 2 1 3
node 2 3 1 1
node 3 3 1 1
node 4 3 0 2
node 10 1 0 0
node 15 1 0 0
gene 1 1 4 -6.86978 0 1 -6.86978 1
gene 3 2 4 1.51622 0 2 1.51622 1
gene 1 3 4 1.966 0 3 1.966 1
gene 3 2 10 -5.94365 0 14 -5.94365 0
gene 3 10 4 1.41278 0 15 1.41278 1
gene 3 3 10 -1.63656 0 26 -1.63656 1
gene 3 2 15 -0.840709 0 31 -0.840709 1
gene 3 15 10 0.920499 0 32 0.920499 1
gene 3 1 10 -4.0772 0 49 -4.0772 1
gene 1 3 15 -0.814539 0 78 -0.814539 1
genomeend 59

/* Organism #60 Fitness: 8.99987 Error: 1.00002 */
genomestart 60
trait 1 0.1 0 0 0 0 0 0 0 
trait 2 0.2 0 0 0 0 0 0 0 
trait 3 1 0 0 0 0 0.280129 0 0 
node 1 2 1 3
node 2 3 1 1
node 3 3 1 1
node 4 3 0 2
node 10 1 0 0
node 15 1 0 0
node 62 1 0 0
gene 1 1 4 -5.38513 0 1 -5.38513 1
gene 3 2 4 3.10479 0 2 3.10479 1
gene 1 3 4 -1.4678 0 3 -1.4678 1
gene 3 2 10 -5.49335 0 14 -5.49335 0
gene 3 10 4 7.10279 0 15 7.10279 1
gene 3 3 10 -0.458846 0 26 -0.458846 1
gene 3 2 15 4.46164 0 31 4.46164 1
gene 3 15 10 2.93594 0 32 2.93594 1
gene 3 1 10 -2.82678 0 49 -2.82678 1
gene 1 3 15 -0.613498 0 78 -0.613498 0
gene 1 3 62 1 0 175 0 1
gene 1 62 15 -0.613498 0 176 0 1
genomeend 60

/* Organism #61 Fitness: 7.58301 Error: 1.24627 */
genomestart 61
trait 1 0.1 0 0 0 0 0 0 0 
trait 2 0.2 0 0 0 0 0 0 0 
trait 3 1 0 0 0 0 0.280129 0 0 
node 1 2 1 3
node 2 3 1 1
node 3 3 1 1
node 4 3 0 2
node 10 1 0 0
node 15 1 0 0
gene 1 1 4 -7.34884 0 1 -7.34884 1
gene 3 2 4 1.78791 0 2 1.78791 1
gene 1 3 4 -0.567736 0 3 -0.567736 1
gene 3 2 10 -5.30276 0 14 -5.30276 0
gene 3 10 4 5.84527 0 15 5.84527 1
gene 3 3 10 -2.59896 0 26 -2.59896 1
gene 3 2 15 2.74688 0 31 2.74688 1
gene 3 15 10 3.12836 0 32 3.12836 1
gene 3 1 10 -2.19069 0 49 -2.19069 1
gene 1 3 15 -0.613498 0 78 -0.613498 1
genomeend 61

/* Organism #62 Fitness: 8.99971 Error: 1.00005 */
genomestart 62
trait 1 0.1 0 0 0 0 0 0 0 
trait 2 0.2 0 0 0 0 0 0 0 
trait 3 1 0 0 0 0 0.280129 0 0 
node 1 2 1 3
node 2 3 1 1
node 3 3 1 1
node 4 3 0 2
node 10 1 0 0
node 15 1 0 0
node 63 1 0 0
gene 1 1 4 -5.38513 0 1 -5.38513 1
gene 3 2 4 3.10479 0 2 3.10479 1
gene 1 3 4 -1.4678 0 3 -1.4678 1
gene 3 2 10 -5.49335 0 14 -5.49335 0
gene 3 10 4 7.10279 0 15 7.10279 1
gene 3 3 10 -0.458846 0 26 -0.458846 1
gene 3 2 15 4.46164 0 31 4.46164 1
gene 3 15 10 2.93594 0 32 2.93594 0
gene 3 1 10 -2.82678 0 49 -2.82678 1
gene 1 3 15 -0.613498 0 78 -0.613498 1
gene 3 15 63 1 0 177 0 1
gene 3 63 10 2.93594 0 178 0 1
genomeend 62

/* Organism #63 Fitness: 1.10889 Error: 2.94696 */
genomestart 63
trait 1 0.1 0 0 0 0 0 0 0 
trait 2 0.2 0 0 0 0 0 0 0 
trait 3 1 0 0 0 0 0.280129 0 0 
node 1 2 1 3
node 2 3 1 1
node 3 3 1 1
node 4 3 0 2
node 10 1 0 0
node 15 1 0 0
gene 1 1 4 -5.21415 0 1 -5.21415 1
gene 3 2 4 3.76513 0 2 3.76513 1
gene 1 3 4 -1.80213 0 3 -1.80213 1
gene 3 2 10 -6.10711 0 14 -6.10711 1
gene 3 10 4 5.86724 0 15 5.86724 1
gene 3 3 10 -0.775781 0 26 -0.775781 1
gene 3 2 15 5.17898 0 31 5.17898 1
gene 3 15 10 1.54708 0 32 1.54708 1
gene 3 1 10 0.140042 0 49 0.140042 1
gene 1 3 15 -2.59621 0 78 -2.59621 1
genomeend 63

/* Species #8 : (Size 11) (AF 6.82692) (Age 13)  */


/* Organism #64 Fitness: 9 Error: 1 */
genomestart 64
trait 1 0.325 0.0227134 0.000373852 0 0.191137 0.187452 0 0 
trait 2 0.175 0 0 0 0 0 0 0 
trait 3 0.3 0 0 0 0 0 0 0 
node 1 3 1 3
node 2 1 1 1
node 3 2 1 1
node 4 2 0 2
node 17 1 0 0
gene 1 1 4 -5.07262 0 1 -5.07262 1
gene 3 2 4 5.89927 0 2 5.89927 1
gene 2 3 4 -7.28742 0 3 -7.28742 1
gene 3 2 17 3.46269 0 39 3.46269 1
gene 3 17 4 3.11144 0 40 3.11144 1
gene 3 3 17 0.357921 0 166 0.357921 1
genomeend 64

/* Organism #65 Fitness: 4 Error: 2 */
genomestart 65
trait 1 0.325 0.0227134 0.000373852 0 0.191137 0.187452 0 0 
trait 2 0.2 0 0 0 0 0 0 0 
trait 3 0.3 0 0 0 0 0 0 0 
node 1 3 1 3
node 2 1 1 1
node 3 2 1 1
node 4 2 0 2
node 17 1 0 0
gene 2 1 4 -6.59503 0 1 -6.59503 1
gene 3 2 4 0.472655 0 2 0.472655 1
gene 2 3 4 -8 0 3 -8 1
gene 3 2 17 5.93248 0 39 5.93248 1
gene 3 17 4 2.64794 0 40 2.64794 1
genomeend 65

/* Organism #66 Fitness: 8.40853 Error: 1.10025 */
genomestart 66
trait 1 0.55 0.0454268 0.000747703 0 0.382275 0.374905 0 0 
trait 2 0.2 0 0 0 0 0 0 0 
trait 3 0.3 0 0 0 0 0 0 0 
node 1 3 1 3
node 2 1 1 1
node 3 2 1 1
node 4 2 0 2
node 17 1 0 0
gene 2 1 4 -5.07262 0 1 -5.07262 1
gene 3 2 4 7.32826 0 2 7.32826 1
gene 2 3 4 -2.14164 0 3 -2.14164 1
gene 3 2 17 6.29729 0 39 6.29729 1
gene 3 17 4 -0.560167 0 40 -0.560167 1
genomeend 66

/* Organism #67 Fitness: 1.00003 Error: 2.99999 */
genomestart 67
trait 1 0.325 0.0227134 0.000373852 0 0.191137 0.187452 0 0 
trait 2 0.2 0 0 0 0 0 0 0 
trait 3 0.3 0 0 0 0 0 0 0 
node 1 3 1 3
node 2 1 1 1
node 3 2 1 1
node 4 2 0 2
node 17 1 0 0
gene 1 1 4 2.26089 0 1 2.26089 1
gene 3 2 4 6.55019 0 2 6.55019 1
gene 2 3 4 -6.75262 0 3 -6.75262 1
gene 3 2 17 3.66995 0 39 3.66995 1
gene 3 17 4 4.4264 0 40 4.4264 1
genomeend 67

/* Organism #68 Fitness: 9 Error: 1 */
genomestart 68
trait 1 0.1 0 0 0 0 0 0 0 
trait 2 0.2 0 0 0 0 0 0 0 
trait 3 0.3 0 0 0 0 0 0 0 
node 1 3 1 3
node 2 1 1 1
node 3 2 1 1
node 4 2 0 2
node 17 1 0 0
gene 1 1 4 -5.07262 0 1 -5.07262 1
gene 3 2 4 5.10483 0 2 5.10483 1
gene 2 3 4 -7.66276 0 3 -7.66276 1
gene 3 2 17 2.31302 0 39 2.31302 1
gene 3 17 4 3.11144 0 40 3.11144 1
genomeend 68

/* Organism #69 Fitness: 9 Error: 1 */
genomestart 69
trait 1 0.2125 0.0113567 0.000186926 0 0.0955687 0.0937262 0 0 
trait 2 0.1875 0 0 0 0 0 0 0 
trait 3 0.3 0 0 0 0 0 0 0 
node 1 3 1 3
node 2 1 1 1
node 3 2 1 1
node 4 2 0 2
node 17 1 0 0
gene 1 1 4 -5.07262 0 1 -5.07262 1
gene 3 2 4 5.50205 0 2 5.50205 1
gene 2 3 4 -7.47509 0 3 -7.47509 1
gene 3 2 17 2.88786 0 39 2.88786 1
gene 3 17 4 3.11144 0 40 3.11144 1
gene 3 3 17 0.357921 0 166 0.357921 1
genomeend 69

/* Organism #70 Fitness: 4 Error: 2 */
genomestart 70
trait 1 0.2125 0.0113567 0.000186926 0 0.0955687 0.0937262 0 0 
trait 2 0.1875 0 0 0 0 0 0 0 
trait 3 0.3 0 0 0 0 0 0 0 
node 1 3 1 3
node 2 1 1 1
node 3 2 1 1
node 4 2 0 2
node 17 1 0 0
gene 1 1 4 -6.9154 0 1 -6.9154 1
gene 3 2 4 -2.21381 0 2 -2.21381 1
gene 2 3 4 -5.31943 0 3 -5.31943 1
gene 3 2 17 2.653 0 39 2.653 1
gene 3 17 4 1.62366 0 40 1.62366 1
gene 3 3 17 -2.30811 0 166 -2.30811 1
genomeend 70

/* Organism #71 Fitness: 8.79612 Error: 1.03417 */
genomestart 71
trait 1 0.4375 0.0340701 0.000560778 0 0.286706 0.281178 0 0 
trait 2 0.1875 0 0 0 0 0 0 0 
trait 3 0.3 0 0 0 0 0 0 0 
node 1 3 1 3
node 2 1 1 1
node 3 2 1 1
node 4 2 0 2
node 17 1 0 0
gene 2 1 4 -6.0853 0 1 -6.0853 1
gene 3 2 4 7.39458 0 2 7.39458 1
gene 2 3 4 -6.03766 0 3 -6.03766 1
gene 3 2 17 2.77597 0 39 2.77597 1
gene 3 17 4 4.0537 0 40 4.0537 1
gene 3 3 17 -1.36508 0 166 -1.36508 1
genomeend 71

/* Organism #72 Fitness: 3.89147 Error: 2.02732 */
genomestart 72
trait 1 0.1 0 0 0 0 0 0 0 
trait 2 0.2 0 0 0 0 0 0 0 
trait 3 0.3 0 0 0 0 0 0 0 
node 1 3 1 3
node 2 1 1 1
node 3 2 1 1
node 4 2 0 2
node 17 1 0 0
gene 1 1 4 -3.18505 0 1 -3.18505 1
gene 3 2 4 4.8088 0 2 4.8088 1
gene 2 3 4 -5.41255 0 3 -5.41255 1
gene 3 2 17 2.31302 0 39 2.31302 1
gene 3 17 4 4.96361 0 40 4.96361 1
genomeend 72

/* Organism #73 Fitness: 9 Error: 1 */
genomestart 73
trait 1 0.325 0.0227134 0.000373852 0 0.191137 0.187452 0 0 
trait 2 0.175 0 0 0 0 0 0 0 
trait 3 0.3 0 0 0 0 0 0 0 
node 1 3 1 3
node 2 1 1 1
node 3 2 1 1
node 4 2 0 2
node 17 1 0 0
gene 1 1 4 -5.07262 0 1 -5.07262 1
gene 3 2 4 5.89927 0 2 5.89927 1
gene 2 3 4 -7.28742 0 3 -7.28742 1
gene 3 2 17 3.46269 0 39 3.46269 1
gene 3 17 4 3.11144 0 40 3.11144 1
gene 3 3 17 0.357921 0 166 0.357921 1
gene 3 1 17 -0.750481 0 179 -0.750481 1
genomeend 73

/* Organism #74 Fitness: 9 Error: 1 */
genomestart 74
trait 1 0.55 0.0454268 0.000747703 0 0.382275 0.374905 0 0 
trait 2 0.2 0 0 0 0 0 0 0 
trait 3 0.3 0 0 0 0 0 0 0 
node 1 3 1 3
node 2 1 1 1
node 3 2 1 1
node 4 2 0 2
node 17 1 0 0
gene 2 1 4 -7.0023 0 1 -7.0023 1
gene 3 2 4 7.01773 0 2 7.01773 1
gene 2 3 4 -8 0 3 -8 1
gene 3 2 17 3.14824 0 39 3.14824 1
gene 3 17 4 3.92842 0 40 3.92842 1
genomeend 74

/* Species #9 : (Size 10) (AF 7.9742) (Age 13)  */


/* Organism #75 Fitness: 8.99951 Error: 1.00008 */
genomestart 75
trait 1 0.1 0 0 0 0 0 0 0 
trait 2 0.211947 0 0.00467029 0 0 0.00621338 0.00996239 0 
trait 3 0.3 0 0 0 0 0 0 0 
node 1 2 1 3
node 2 3 1 1
node 3 3 1 1
node 4 2 0 2
node 10 1 0 0
gene 1 1 4 -3.30646 0 1 -3.30646 1
gene 1 2 4 1.73652 0 2 1.73652 0
gene 1 3 4 -4.18181 0 3 -4.18181 1
gene 1 2 10 3.25828 0 14 3.25828 1
gene 3 10 4 5.73819 0 15 5.73819 1
gene 3 1 10 -2.76739 0 61 -2.76739 1
genomeend 75

/* Organism #76 Fitness: 8.99951 Error: 1.00008 */
genomestart 76
trait 1 0.1 0 0 0 0 0 0 0 
trait 2 0.211947 0 0.00467029 0 0 0.00621338 0.00996239 0 
trait 3 0.3 0 0 0 0 0 0 0 
node 1 2 1 3
node 2 3 1 1
node 3 3 1 1
node 4 3 0 2
node 10 1 0 0
gene 1 1 4 -3.30646 0 1 -3.30646 1
gene 1 2 4 -0.0624657 0 2 -0.0624657 0
gene 1 3 4 -4.18181 0 3 -4.18181 1
gene 1 2 10 3.25828 0 14 3.25828 1
gene 3 10 4 5.73819 0 15 5.73819 1
gene 3 1 10 -2.76739 0 61 -2.76739 1
genomeend 76

/* Organism #77 Fitness: 8.99338 Error: 1.0011 */
genomestart 77
trait 1 0.1 0 0 0 0 0 0 0 
trait 2 0.211947 0 0.00467029 0 0 0.00621338 0.00996239 0 
trait 3 0.3 0 0 0 0 0 0 0 
node 1 2 1 3
node 2 3 1 1
node 3 3 1 1
node 4 3 0 2
node 10 1 0 0
gene 1 1 4 -3.30646 0 1 -3.30646 1
gene 1 2 4 0.837029 0 2 0.837029 1
gene 1 3 4 -4.18181 0 3 -4.18181 1
gene 1 2 10 3.25828 0 14 3.25828 1
gene 3 10 4 5.73819 0 15 5.73819 1
gene 3 1 10 -2.76739 0 61 -2.76739 1
genomeend 77

/* Organism #78 Fitness: 8.97382 Error: 1.00437 */
genomestart 78
trait 1 0.1 0 0 0 0 0 0 0 
trait 2 0.211947 0 0.00467029 0 0 0.00621338 0.00996239 0 
trait 3 0.3 0 0 0 0 0 0 0 
node 1 2 1 3
node 2 3 1 1
node 3 3 1 1
node 4 3 0 2
node 10 1 0 0
gene 1 1 4 -3.33424 0 1 -3.33424 1
gene 1 2 4 2.1277 0 2 2.1277 0
gene 1 3 4 -5.02283 0 3 -5.02283 1
gene 1 2 10 4.07145 0 14 4.07145 1
gene 3 10 4 4.43741 0 15 4.43741 1
gene 3 1 10 -2.27116 0 61 -2.27116 1
genomeend 78

/* Organism #79 Fitness: 8.9989 Error: 1.00018 */
genomestart 79
trait 1 0.1 0 0 0 0 0 0 0 
trait 2 0.211947 0 0.00467029 0 0 0.00621338 0.00996239 0 
trait 3 0.3 0 0 0 0 0 0 0 
node 1 2 1 3
node 2 3 1 1
node 3 3 1 1
node 4 2 0 2
node 10 2 0 0
gene 1 1 4 -1.91023 0 1 -1.91023 1
gene 1 2 4 3.58778 0 2 3.58778 1
gene 1 3 4 -4.85543 0 3 -4.85543 1
gene 1 2 10 2.47215 0 14 2.47215 1
gene 3 10 4 7.6414 0 15 7.6414 1
gene 3 1 10 -3.21685 0 61 -3.21685 1
genomeend 79

/* Organism #80 Fitness: 4 Error: 2 */
genomestart 80
trait 1 0.1 0 0 0 0 0 0 0 
trait 2 0.211947 0 0 0 0 0.00621338 0.00996239 0 
trait 3 0.3 0 0 0 0 0 0 0 
node 1 2 1 3
node 2 3 1 1
node 3 3 1 1
node 4 3 0 2
node 10 1 0 0
gene 1 1 4 -3.44761 0 1 -3.44761 1
gene 1 2 4 -0.955132 0 2 -0.955132 0
gene 1 3 4 -5.49937 0 3 -5.49937 1
gene 1 2 10 3.10332 0 14 3.10332 1
gene 3 10 4 4.53393 0 15 4.53393 1
gene 3 1 10 -4.72523 0 61 -4.72523 1
genomeend 80

/* Organism #81 Fitness: 8.99951 Error: 1.00008 */
genomestart 81
trait 1 0.1 0 0 0 0 0 0 0 
trait 2 0.211947 0 0.00467029 0 0 0.00621338 0.00996239 0 
trait 3 0.3 0 0 0 0 0 0 0 
node 1 2 1 3
node 2 3 1 1
node 3 3 1 1
node 4 3 0 2
node 10 1 0 0
gene 1 1 4 -3.30646 0 1 -3.30646 1
gene 1 2 4 0.837029 0 2 0.837029 0
gene 1 3 4 -4.18181 0 3 -4.18181 1
gene 1 2 10 3.25828 0 14 3.25828 1
gene 3 10 4 5.73819 0 15 5.73819 1
gene 3 1 10 -2.76739 0 61 -2.76739 1
genomeend 81

/* Organism #82 Fitness: 8.77792 Error: 1.03724 */
genomestart 82
trait 1 0.1 0 0 0 0 0 0 0 
trait 2 0.211947 0 0.00467029 0 0 0.00621338 0.00996239 0 
trait 3 0.3 0 0 0 0 0 0 0 
node 1 2 1 3
node 2 3 1 1
node 3 3 1 1
node 4 3 0 2
node 10 1 0 0
gene 1 1 4 -3.62874 0 1 -3.62874 1
gene 1 2 4 -1.50305 0 2 -1.50305 0
gene 1 3 4 -1.70698 0 3 -1.70698 1
gene 1 2 10 3.8154 0 14 3.8154 1
gene 3 10 4 4.35891 0 15 4.35891 1
gene 3 1 10 -2.76739 0 61 -2.76739 1
genomeend 82

/* Organism #83 Fitness: 8.99951 Error: 1.00008 */
genomestart 83
trait 1 0.1 0 0 0 0 0 0 0 
trait 2 0.211947 0 0.00467029 0 0 0.00621338 0.00996239 0 
trait 3 0.3 0 0 0 0 0 0 0 
node 1 2 1 3
node 2 3 1 1
node 3 3 1 1
node 4 3 0 2
node 10 1 0 0
gene 1 1 4 -3.30646 0 1 -3.30646 1
gene 1 2 4 -0.0624657 0 2 -0.0624657 0
gene 1 3 4 -4.18181 0 3 -4.18181 1
gene 1 2 10 3.25828 0 14 3.25828 1
gene 3 10 4 5.73819 0 15 5.73819 1
gene 3 1 10 -2.76739 0 61 -2.76739 1
genomeend 83

/* Organism #84 Fitness: 4 Error: 2 */
genomestart 84
trait 1 0.1 0 0 0 0 0 0 0 
trait 2 0.211947 0 0.00467029 0 0 0.00621338 0.00996239 0 
trait 3 0.3 0 0 0 0 0 0 0 
node 1 2 1 3
node 2 3 1 1
node 3 3 1 1
node 4 3 0 2
node 10 1 0 0
gene 1 1 4 -1.52869 0 1 -1.52869 1
gene 1 2 4 -0.235963 0 2 -0.235963 0
gene 1 3 4 -4.92982 0 3 -4.92982 1
gene 1 2 10 3.25828 0 14 3.25828 1
gene 1 10 4 4.69926 0 15 4.69926 1
gene 3 1 10 1.74306 0 61 1.74306 1
genomeend 84

/* Species #11 : (Size 6) (AF 5.64525) (Age 12)  */


/* Organism #85 Fitness: 8.83097 Error: 1.02831 */
genomestart 85
trait 1 0.1 0 0 0 0 0 0 0 
trait 2 0.2 0 0 0 0 0 0 0.665426 
trait 3 0.3 0 0 0 0 0 0 0 
node 1 1 1 3
node 2 3 1 1
node 3 2 1 1
node 4 2 0 2
node 7 1 0 0
node 9 1 0 0
gene 3 1 4 -0.457976 0 1 -0.457976 1
gene 3 2 4 2.35482 0 2 2.35482 1
gene 3 3 4 -5.25385 0 3 -5.25385 1
gene 3 2 7 -0.465255 0 8 -0.465255 1
gene 3 7 4 2.66314 0 9 2.66314 1
gene 3 3 9 2.23363 0 12 2.23363 1
gene 3 9 4 -2.35405 0 13 -2.35405 1
gene 3 9 7 -2.41864 0 68 -2.41864 1
genomeend 85

/* Organism #86 Fitness: 3.99991 Error: 2.00002 */
genomestart 86
trait 1 0.1 0 0 0 0 0 0 0 
trait 2 0.2 0 0 0 0 0 0 0.665426 
trait 3 0.3 0 0 0 0 0 0 0 
node 1 1 1 3
node 2 3 1 1
node 3 2 1 1
node 4 2 0 2
node 7 1 0 0
node 9 1 0 0
gene 3 1 4 -1.24459 0 1 -1.24459 1
gene 3 2 4 0.866283 0 2 0.866283 0
gene 3 3 4 0.507447 0 3 0.507447 1
gene 3 2 7 -2.72698 0 8 -2.72698 1
gene 3 7 4 1.03879 0 9 1.03879 1
gene 3 3 9 0.828806 0 12 0.828806 1
gene 3 9 4 -0.0740913 0 13 -0.0740913 1
gene 3 9 7 -2.41864 0 68 -2.41864 1
genomeend 86

/* Organism #87 Fitness: 3.99049 Error: 2.00238 */
genomestart 87
trait 1 0.1 0 0 0 0 0 0 0 
trait 2 0.2 0 0 0 0 0 0 0.665426 
trait 3 0.3 0 0 0 0 0 0 0 
node 1 1 1 3
node 2 3 1 1
node 3 2 1 1
node 4 2 0 2
node 7 1 0 0
node 9 1 0 0
gene 3 1 4 0.513733 0 1 0.513733 1
gene 3 2 4 0.0159612 0 2 0.0159612 0
gene 3 3 4 -7.73881 0 3 -7.73881 1
gene 3 2 7 -1.90344 0 8 -1.90344 1
gene 3 7 4 3.61394 0 9 3.61394 1
gene 3 3 9 1.89503 0 12 1.89503 1
gene 3 9 4 -0.0396817 0 13 -0.0396817 1
gene 3 9 7 -2.56063 0 68 -2.56063 1
genomeend 87

/* Organism #88 Fitness: 8.83097 Error: 1.02831 */
genomestart 88
trait 1 0.1 0 0 0 0 0 0 0 
trait 2 0.2 0 0 0 0 0 0 0.665426 
trait 3 0.3 0 0 0 0 0 0 0 
node 1 1 1 3
node 2 3 1 1
node 3 2 1 1
node 4 2 0 2
node 7 1 0 0
node 9 1 0 0
gene 3 1 4 -0.457976 0 1 -0.457976 1
gene 3 2 4 2.35482 0 2 2.35482 1
gene 3 3 4 -5.25385 0 3 -5.25385 1
gene 3 2 7 -0.465255 0 8 -0.465255 1
gene 3 7 4 2.66314 0 9 2.66314 1
gene 3 3 9 2.23363 0 12 2.23363 1
gene 3 9 4 -2.35405 0 13 -2.35405 1
gene 3 9 7 -2.41864 0 68 -2.41864 1
genomeend 88

/* Organism #89 Fitness: 4.21935 Error: 1.9459 */
genomestart 89
trait 1 0.1 0 0 0 0 0 0 0 
trait 2 0.2 0 0 0 0 0 0 0.665426 
trait 3 0.872954 0 0.978271 0 0 0 0.936033 0 
node 1 1 1 3
node 2 3 1 1
node 3 2 1 1
node 4 2 0 2
node 7 1 0 0
node 9 1 0 0
gene 3 1 4 -1.24192 0 1 -1.24192 1
gene 3 2 4 1.67937 0 2 1.67937 1
gene 3 3 4 -3.87883 0 3 -3.87883 1
gene 3 2 7 1.1243 0 8 1.1243 1
gene 3 7 4 5.02023 0 9 5.02023 1
gene 3 3 9 3.67182 0 12 3.67182 1
gene 3 9 4 -2.10334 0 13 -2.10334 1
gene 3 9 7 -4.28393 0 68 -4.28393 1
genomeend 89

/* Organism #90 Fitness: 3.99982 Error: 2.00004 */
genomestart 90
trait 1 0.1 0 0 0 0 0 0 0 
trait 2 0.2 0 0 0 0 0 0 0.665426 
trait 3 0.3 0 0 0 0 0 0 0 
node 1 1 1 3
node 2 3 1 1
node 3 2 1 1
node 4 2 0 2
node 7 1 0 0
node 9 1 0 0
gene 3 1 4 -1.30787 0 1 -1.30787 1
gene 3 2 4 -0.393674 0 2 -0.393674 0
gene 3 3 4 -3.88959 0 3 -3.88959 1
gene 3 2 7 -1.50464 0 8 -1.50464 1
gene 3 7 4 0.405683 0 9 0.405683 1
gene 3 3 9 -0.100635 0 12 -0.100635 1
gene 3 9 4 -0.471595 0 13 -0.471595 1
gene 3 9 7 -1.2684 0 68 -1.2684 1
genomeend 90

/* Species #12 : (Size 6) (AF 5.8523) (Age 12)  */


/* Organism #91 Fitness: 8.99745 Error: 1.00043 */
genomestart 91
trait 1 0.1 0 0 0 0 0 0 0 
trait 2 0.235035 0 0 0 0.959044 0 0 0 
trait 3 0.3 0 0 0 0.468581 0 0.424757 0 
node 1 2 1 3
node 2 3 1 1
node 3 3 1 1
node 4 3 0 2
node 10 1 0 0
node 15 1 0 0
node 21 1 0 0
gene 1 1 4 2.08586 0 1 2.08586 1
gene 3 2 4 0.420736 0 2 0.420736 0
gene 1 3 4 -3.07392 0 3 -3.07392 0
gene 3 2 10 -1.04946 0 14 -1.04946 0
gene 3 10 4 4.82134 0 15 4.82134 1
gene 3 3 10 -0.896069 0 26 -0.896069 1
gene 3 2 15 -3.64734 0 31 -3.64734 1
gene 3 15 10 2.4567 0 32 2.4567 1
gene 1 3 21 0.555193 0 54 0.555193 1
gene 1 21 4 -3.96757 0 55 -3.96757 1
genomeend 91

/* Organism #92 Fitness: 4 Error: 2 */
genomestart 92
trait 1 0.05 0 0 0.398099 0 0 0 0 
trait 2 0.235035 0 0 0 0.959044 0 0 0 
trait 3 0.3 0 0 0 0.468581 0 0.424757 0 
node 1 2 1 3
node 2 3 1 1
node 3 3 1 1
node 4 3 0 2
node 10 1 0 0
node 15 1 0 0
node 21 1 0 0
gene 1 1 4 3.69518 0 1 3.69518 1
gene 3 2 4 -0.52942 0 2 -0.52942 0
gene 1 3 4 -3.07392 0 3 -3.07392 0
gene 3 2 10 -3.41136 0 14 -3.41136 0
gene 3 10 4 3.75243 0 15 3.75243 1
gene 3 3 10 -2.36282 0 26 -2.36282 1
gene 3 2 15 -0.466247 0 31 -0.466247 1
gene 3 15 10 1.51086 0 32 1.51086 1
gene 1 3 21 -1.95341 0 54 -1.95341 1
gene 1 21 4 -1.06023 0 55 -1.06023 1
genomeend 92

/* Organism #93 Fitness: 4.31847 Error: 1.92191 */
genomestart 93
trait 1 0 0 0 0.796197 0 0 0 0 
trait 2 0.235035 0 0 0 0.959044 0 0 0 
trait 3 0.3 0 0 0 0.468581 0 0.424757 0 
node 1 2 1 3
node 2 3 1 1
node 3 3 1 1
node 4 3 0 2
node 10 1 0 0
node 15 1 0 0
node 21 1 0 0
gene 1 1 4 -0.266121 0 1 -0.266121 1
gene 3 2 4 -0.418905 0 2 -0.418905 0
gene 1 3 4 -2.11342 0 3 -2.11342 0
gene 3 2 10 2.08594 0 14 2.08594 0
gene 3 10 4 2.63079 0 15 2.63079 1
gene 3 3 10 -1.87594 0 26 -1.87594 1
gene 3 2 15 -3.02568 0 31 -3.02568 1
gene 3 15 10 -1.30165 0 32 -1.30165 1
gene 1 3 21 1.1397 0 54 1.1397 1
gene 1 21 4 -3.09993 0 55 -3.09993 1
genomeend 93

/* Organism #94 Fitness: 3.9906 Error: 2.00235 */
genomestart 94
trait 1 0.05 0 0 0.398099 0 0 0 0 
trait 2 0.235035 0 0 0 0.959044 0 0 0 
trait 3 0.3 0 0 0 0.468581 0 0.424757 0 
node 1 2 1 3
node 2 3 1 1
node 3 3 1 1
node 4 3 0 2
node 10 1 0 0
node 15 1 0 0
node 21 1 0 0
gene 1 1 4 0.246361 0 1 0.246361 1
gene 3 2 4 -1.5519 0 2 -1.5519 0
gene 1 3 4 -1.29025 0 3 -1.29025 0
gene 3 2 10 -2.09395 0 14 -2.09395 0
gene 3 10 4 5.3532 0 15 5.3532 1
gene 3 3 10 -1.99443 0 26 -1.99443 1
gene 3 2 15 -1.26011 0 31 -1.26011 1
gene 3 15 10 0.515648 0 32 0.515648 1
gene 1 3 21 1.67415 0 54 1.67415 1
gene 1 21 4 -3.40229 0 55 -3.40229 1
genomeend 94

/* Organism #95 Fitness: 4.80745 Error: 1.80741 */
genomestart 95
trait 1 0 0 0 0.796197 0 0 0 0 
trait 2 0.235035 0 0 0 0.959044 0 0 0 
trait 3 0.3 0 0 0 0.468581 0 0.424757 0 
node 1 2 1 3
node 2 1 1 1
node 3 3 1 1
node 4 3 0 2
node 10 1 0 0
node 15 1 0 0
node 21 1 0 0
gene 1 1 4 0.935163 0 1 0.935163 1
gene 3 2 4 1.41846 0 2 1.41846 0
gene 1 3 4 -4.78784 0 3 -4.78784 0
gene 3 2 10 -2.8206 0 14 -2.8206 0
gene 3 10 4 6.45087 0 15 6.45087 1
gene 3 3 10 -0.80192 0 26 -0.80192 1
gene 3 2 15 -2.49207 0 31 -2.49207 1
gene 3 15 10 -1.07505 0 32 -1.07505 1
gene 1 3 21 -0.195334 0 54 -0.195334 1
gene 1 21 4 -2.30142 0 55 -2.30142 1
genomeend 95

/* Organism #96 Fitness: 8.99982 Error: 1.00003 */
genomestart 96
trait 1 0.05 0 0 0.398099 0 0 0 0 
trait 2 0.235035 0 0 0 0.959044 0 0 0 
trait 3 0.3 0 0 0 0.468581 0 0.424757 0 
node 1 2 1 3
node 2 3 1 1
node 3 3 1 1
node 4 3 0 2
node 10 1 0 0
node 15 1 0 0
node 21 1 0 0
gene 1 1 4 1.32687 0 1 1.32687 1
gene 3 2 4 1.70503 0 2 1.70503 0
gene 1 3 4 -0.638081 0 3 -0.638081 0
gene 3 2 10 1.37738 0 14 1.37738 0
gene 3 10 4 6.70105 0 15 6.70105 1
gene 3 3 10 -1.70046 0 26 -1.70046 1
gene 3 2 15 -3.07917 0 31 -3.07917 1
gene 3 15 10 4.04298 0 32 4.04298 1
gene 1 3 21 2.53432 0 54 2.53432 1
gene 1 21 4 -3.448 0 55 -3.448 1
genomeend 96

/* Species #13 : (Size 7) (AF 6.00965) (Age 12)  */


/* Organism #97 Fitness: 8.79531 Error: 1.03431 */
genomestart 97
trait 1 0.1 0 0 0 0 0 0 0 
trait 2 0.2 0 0 0 0 0 0 0 
trait 3 0.3 0 0 0 0 0 0 0 
node 1 2 1 3
node 2 3 1 1
node 3 3 1 1
node 4 3 0 2
node 10 1 0 0
node 15 1 0 0
node 22 1 0 0
gene 1 1 4 1.68149 0 1 1.68149 1
gene 3 2 4 -0.126514 0 2 -0.126514 0
gene 1 3 4 -2.90889 0 3 -2.90889 1
gene 3 2 10 0.153798 0 14 0.153798 0
gene 3 10 4 3.04215 0 15 3.04215 1
gene 3 3 10 -0.402585 0 26 -0.402585 1
gene 3 2 15 -1.55454 0 31 -1.55454 1
gene 3 15 10 0.610904 0 32 0.610904 0
gene 3 15 22 1 0 56 0 1
gene 3 22 10 0.610904 0 57 0 1
gene 2 2 22 -0.529313 0 157 -0.529313 1
genomeend 97

/* Organism #98 Fitness: 2.27353 Error: 2.49218 */
genomestart 98
trait 1 0.1 0 0 0 0 0.106143 0 0 
trait 2 0.1 0 0 0 0 0 0 0 
trait 3 0.3 0 0 0 0 0 0 0 
node 1 2 1 3
node 2 3 1 1
node 3 3 1 1
node 4 3 0 2
node 10 1 0 0
node 15 1 0 0
node 22 1 0 0
gene 1 1 4 -0.472961 0 1 -0.472961 1
gene 3 2 4 -2.05437 0 2 -2.05437 1
gene 1 3 4 -0.456069 0 3 -0.456069 1
gene 3 2 10 1.99677 0 14 1.99677 1
gene 3 10 4 0.615772 0 15 0.615772 1
gene 3 3 10 1.52686 0 26 1.52686 1
gene 3 2 15 0.476432 0 31 0.476432 1
gene 3 15 10 1.21597 0 32 1.21597 1
gene 3 15 22 2.2074 0 56 2.2074 1
gene 3 22 10 0.860508 0 57 0.860508 1
gene 2 2 22 0.932676 0 157 0.932676 1
genomeend 98

/* Organism #99 Fitness: 3.9989 Error: 2.00028 */
genomestart 99
trait 1 0.1 0 0 0 0 0 0 0 
trait 2 0 0 0 0 0 0 0 0 
trait 3 0.3 0 0 0 0 0 0 0 
node 1 2 1 3
node 2 3 1 1
node 3 3 1 1
node 4 3 0 2
node 10 1 0 0
node 15 1 0 0
node 22 1 0 0
gene 1 1 4 0.423063 0 1 0.423063 1
gene 3 2 4 -2.11213 0 2 -2.11213 0
gene 1 3 4 3.81413 0 3 3.81413 1
gene 3 2 10 -0.979431 0 14 -0.979431 0
gene 3 10 4 4.7476 0 15 4.7476 1
gene 3 3 10 1.38348 0 26 1.38348 1
gene 3 2 15 2.4675 0 31 2.4675 1
gene 3 15 10 -0.342952 0 32 -0.342952 0
gene 3 15 22 2.35084 0 56 2.35084 1
gene 3 22 10 -0.5253 0 57 -0.5253 1
gene 2 2 22 -0.091174 0 157 -0.091174 1
genomeend 99

/* Organism #100 Fitness: 8.26137 Error: 1.12574 */
genomestart 100
trait 1 0.1 0 0 0 0 0 0 0 
trait 2 0.1 0 0 0 0 0 0 0 
trait 3 0.3 0 0 0 0 0 0 0 
node 1 2 1 3
node 2 3 1 1
node 3 3 1 1
node 4 3 0 2
node 10 1 0 0
node 15 1 0 0
node 22 1 0 0
gene 1 1 4 0.0939207 0 1 0.0939207 1
gene 3 2 4 -0.126514 0 2 -0.126514 0
gene 1 3 4 -0.716849 0 3 -0.716849 1
gene 3 2 10 -0.484993 0 14 -0.484993 0
gene 3 10 4 2.69805 0 15 2.69805 1
gene 3 3 10 -0.613254 0 26 -0.613254 1
gene 3 2 15 0.0516144 0 31 0.0516144 1
gene 3 15 10 -0.459494 0 32 -0.459494 0
gene 3 15 22 1.32732 0 56 0.827319 1
gene 3 22 10 0.860508 0 57 0.555055 1
gene 2 2 22 -1.10123 0 157 -1.10123 1
genomeend 100

/* Organism #101 Fitness: 6.51182 Error: 1.44817 */
genomestart 101
trait 1 0.1 0 0 0 0 0 0 0 
trait 2 0.1 0 0 0 0 0 0 0 
trait 3 0.3 0 0 0 0 0 0 0 
node 1 2 1 3
node 2 3 1 1
node 3 3 1 1
node 4 3 0 2
node 10 1 0 0
node 15 1 0 0
node 22 1 0 0
gene 1 1 4 0.0939207 0 1 0.0939207 1
gene 3 2 4 -0.126514 0 2 -0.126514 1
gene 1 3 4 -0.716849 0 3 -0.716849 1
gene 3 2 10 -0.484993 0 14 -0.484993 1
gene 3 10 4 2.69805 0 15 2.69805 1
gene 3 3 10 -0.613254 0 26 -0.613254 1
gene 3 2 15 0.0516144 0 31 0.0516144 1
gene 3 15 10 -0.459494 0 32 -0.459494 1
gene 3 15 22 1.32732 0 56 0.827319 1
gene 3 22 10 0.860508 0 57 0.555055 1
gene 2 2 22 -1.10123 0 157 -1.10123 1
genomeend 101

/* Organism #102 Fitness: 3.96522 Error: 2.00871 */
genomestart 102
trait 1 0.1 0 0 0 0 0 0 0 
trait 2 0 0 0 0 0 0 0 0 
trait 3 0.3 0 0 0 0 0 0 0 
node 1 2 1 3
node 2 3 1 1
node 3 3 1 1
node 4 3 0 2
node 10 1 0 0
node 15 1 0 0
node 22 1 0 0
gene 1 1 4 -2.03871 0 1 -2.03871 1
gene 3 2 4 -2.32209 0 2 -2.32209 0
gene 1 3 4 0.239723 0 3 0.239723 1
gene 3 2 10 -1.96442 0 14 -1.96442 0
gene 3 10 4 1.10414 0 15 1.10414 1
gene 3 3 10 -2.56363 0 26 -2.56363 1
gene 3 2 15 -0.225227 0 31 -0.225227 1
gene 3 15 10 0.636311 0 32 0.636311 0
gene 3 15 22 1.35876 0 56 1.35876 1
gene 3 22 10 0.952483 0 57 0.952483 1
gene 2 2 22 -2.03059 0 157 -2.03059 1
genomeend 102

/* Organism #103 Fitness: 8.26137 Error: 1.12574 */
genomestart 103
trait 1 0.1 0 0 0 0 0 0 0 
trait 2 0.1 0 0 0 0 0 0 0 
trait 3 0.3 0 0 0 0 0 0 0 
node 1 2 1 3
node 2 3 1 1
node 3 3 1 1
node 4 3 0 2
node 10 1 0 0
node 15 1 0 0
node 22 1 0 0
gene 1 1 4 0.0939207 0 1 0.0939207 1
gene 3 2 4 -0.126514 0 2 -0.126514 0
gene 1 3 4 -0.716849 0 3 -0.716849 1
gene 3 2 10 -0.484993 0 14 -0.484993 0
gene 3 10 4 2.69805 0 15 2.69805 1
gene 3 3 10 -0.613254 0 26 -0.613254 1
gene 3 2 15 0.0516144 0 31 0.0516144 1
gene 3 15 10 -0.459494 0 32 -0.459494 0
gene 3 15 22 1.32732 0 56 0.827319 1
gene 3 22 10 0.860508 0 57 0.555055 1
gene 2 2 22 -1.10123 0 157 -1.10123 1
genomeend 103

/* Species #15 : (Size 12) (AF 8.24278) (Age 9)  */


/* Organism #104 Fitness: 9 Error: 1 */
genomestart 104
trait 1 0.1 0.0940733 0.383465 0 0.400632 0 0 0 
trait 2 0.6 0 0 0 0.226646 0.426847 0 0 
trait 3 0.498019 0 0 0.0923338 0 0.140797 0 0.094058 
node 1 1 1 3
node 2 3 1 1
node 3 2 1 1
node 4 2 0 2
node 13 1 0 0
node 27 1 0 0
gene 2 1 4 -2.94652 0 1 -2.94652 1
gene 3 2 4 6.91645 0 2 6.91645 1
gene 3 3 4 -5.86753 0 3 -5.86753 1
gene 3 3 13 2.26812 0 27 2.26812 1
gene 2 13 4 -1.92534 0 28 -1.92534 1
gene 3 3 27 -1.25193 0 76 -1.25193 1
gene 3 27 13 -0.45741 0 77 -0.45741 1
genomeend 104

/* Organism #105 Fitness: 8.99999 Error: 1 */
genomestart 105
trait 1 0.1 0.0940733 0.383465 0 0.400632 0 0 0 
trait 2 0.5 0 0 0 0.169984 0.320135 0 0 
trait 3 0.498019 0 0 0.0923338 0 0.140797 0 0.094058 
node 1 1 1 3
node 2 3 1 1
node 3 2 1 1
node 4 2 0 2
node 13 1 0 0
node 27 1 0 0
gene 2 1 4 -4.80042 0 1 -4.80042 1
gene 3 2 4 7.4856 0 2 7.4856 1
gene 3 3 4 -5.51603 0 3 -5.51603 1
gene 3 3 13 3.45993 0 27 3.45993 1
gene 2 13 4 -2.06388 0 28 -2.06388 1
gene 3 3 27 -3.55488 0 76 -3.55488 1
gene 3 27 13 -2.11707 0 77 -2.11707 1
genomeend 105

/* Organism #106 Fitness: 8.98576 Error: 1.00237 */
genomestart 106
trait 1 0.1 0.0940733 0.383465 0 0.400632 0 0 0 
trait 2 0.6 0 0 0 0.226646 0.426847 0 0 
trait 3 0.498019 0 0 0.0923338 0 0.140797 0 0.094058 
node 1 1 1 3
node 2 3 1 1
node 3 2 1 1
node 4 2 0 2
node 13 1 0 0
node 27 1 0 0
gene 2 1 4 -5.10701 0 1 -5.10701 1
gene 3 2 4 6.34316 0 2 6.34316 1
gene 3 3 4 -6.04271 0 3 -6.04271 1
gene 3 3 13 3.6632 0 27 3.6632 1
gene 2 13 4 -4.29137 0 28 -4.29137 1
gene 3 3 27 -0.307913 0 76 -0.307913 1
gene 3 27 13 -2.48361 0 77 -2.48361 1
genomeend 106

/* Organism #107 Fitness: 4.01146 Error: 1.99714 */
genomestart 107
trait 1 0.1 0.0940733 0.383465 0 0.400632 0 0 0 
trait 2 0.2 0 0 0 0 0 0 0 
trait 3 0.498019 0 0 0.0923338 0 0.140797 0 0.094058 
node 1 1 1 3
node 2 3 1 1
node 3 2 1 1
node 4 2 0 2
node 13 1 0 0
node 27 1 0 0
gene 2 1 4 0.118259 0 1 0.118259 1
gene 3 2 4 8 0 2 8 1
gene 3 3 4 -3.18549 0 3 -3.18549 1
gene 3 3 13 2.76752 0 27 2.76752 1
gene 3 13 4 -3.7444 0 28 -3.7444 1
gene 3 3 27 -2.00312 0 76 -2.00312 1
gene 3 27 13 0.369018 0 77 0.369018 1
genomeend 107

/* Organism #108 Fitness: 8.99993 Error: 1.00001 */
genomestart 108
trait 1 0.1 0.0940733 0.383465 0 0.400632 0 0 0 
trait 2 0.3 0 0 0 0.0566614 0.106712 0 0 
trait 3 0.498019 0 0 0.0923338 0 0.140797 0 0.094058 
node 1 1 1 3
node 2 3 1 1
node 3 2 1 1
node 4 2 0 2
node 13 1 0 0
node 27 1 0 0
gene 2 1 4 -2.33047 0 1 -2.33047 1
gene 3 2 4 5.05371 0 2 5.05371 1
gene 3 3 4 -6.92811 0 3 -6.92811 1
gene 3 3 13 3.4873 0 27 3.4873 1
gene 2 13 4 -0.408612 0 28 -0.408612 1
gene 3 3 27 -3.27422 0 76 -3.27422 1
gene 3 27 13 -1.8979 0 77 -1.8979 1
gene 1 27 4 -0.763604 0 167 -0.763604 1
genomeend 108

/* Organism #109 Fitness: 8.99998 Error: 1 */
genomestart 109
trait 1 0.1 0.0940733 0.383465 0 0.400632 0 0 0 
trait 2 0.3 0 0 0 0.0566614 0.106712 0 0 
trait 3 0.498019 0 0 0.0923338 0 0.140797 0 0.094058 
node 1 1 1 3
node 2 3 1 1
node 3 2 1 1
node 4 2 0 2
node 13 1 0 0
node 27 1 0 0
gene 2 1 4 -3.26386 0 1 -3.26386 1
gene 3 2 4 8 0 2 8 1
gene 3 3 4 -5.67977 0 3 -5.67977 1
gene 3 3 13 3.72885 0 27 3.72885 1
gene 2 13 4 -1.67063 0 28 -1.67063 1
gene 3 3 27 -1.87638 0 76 -1.87638 1
gene 3 27 13 -0.498012 0 77 -0.498012 1
gene 1 27 4 0.00546281 0 167 0.00546281 1
genomeend 109

/* Organism #110 Fitness: 4.91636 Error: 1.78271 */
genomestart 110
trait 1 0.1 0.0940733 0.383465 0 0.400632 0 0 0 
trait 2 0.3 0 0 0 0.0566614 0.106712 0 0 
trait 3 0.498019 0 0 0.0923338 0 0.140797 0 0.094058 
node 1 1 1 3
node 2 3 1 1
node 3 2 1 1
node 4 2 0 2
node 13 1 0 0
node 27 1 0 0
gene 2 1 4 -4.54904 0 1 -4.54904 1
gene 3 2 4 5.28208 0 2 5.28208 1
gene 3 3 4 -5.97636 0 3 -5.97636 1
gene 3 3 13 3.31816 0 27 3.31816 1
gene 3 13 4 -1.7004 0 28 -1.7004 1
gene 3 3 27 -0.0218541 0 76 -0.0218541 1
gene 3 27 13 0.263472 0 77 0.263472 1
gene 1 27 4 0.246788 0 167 0.246788 1
genomeend 110

/* Organism #111 Fitness: 8.99994 Error: 1.00001 */
genomestart 111
trait 1 0.1 0.0940733 0.383465 0 0.400632 0 0 0 
trait 2 0.4 0 0 0 0.113323 0.213424 0 0 
trait 3 0.498019 0 0 0.0923338 0 0.140797 0 0.094058 
node 1 1 1 3
node 2 3 1 1
node 3 2 1 1
node 4 2 0 2
node 13 1 0 0
node 27 1 0 0
gene 2 1 4 -3.26386 0 1 -3.26386 1
gene 3 2 4 7.45277 0 2 7.45277 1
gene 3 3 4 -6.03323 0 3 -6.03323 1
gene 3 3 13 1.7856 0 27 1.7856 1
gene 2 13 4 -2.38632 0 28 -2.38632 1
gene 3 3 27 0.0984985 0 76 0.0984985 1
gene 3 27 13 -2.10487 0 77 -2.10487 1
gene 1 27 4 1.82101 0 167 1.82101 1
genomeend 111

/* Organism #112 Fitness: 8.99997 Error: 1.00001 */
genomestart 112
trait 1 0.1 0.0940733 0.383465 0 0.400632 0 0 0 
trait 2 0.3 0 0 0 0.0566614 0.106712 0 0 
trait 3 0.498019 0 0 0.0923338 0 0.140797 0 0.094058 
node 1 1 1 3
node 2 3 1 1
node 3 2 1 1
node 4 2 0 2
node 13 1 0 0
node 27 1 0 0
gene 2 1 4 -1.8955 0 1 -1.8955 1
gene 3 2 4 6.86712 0 2 6.86712 1
gene 3 3 4 -5.67977 0 3 -5.67977 1
gene 3 3 13 1.7856 0 27 1.7856 1
gene 3 13 4 -5.59062 0 28 -5.59062 1
gene 3 3 27 -1.85366 0 76 -1.85366 1
gene 3 27 13 -0.877109 0 77 -0.877109 1
gene 1 27 4 0.00546281 0 167 0.00546281 1
genomeend 112

/* Organism #113 Fitness: 9 Error: 1 */
genomestart 113
trait 1 0.1 0.0940733 0.383465 0 0.400632 0 0 0 
trait 2 0.2 0 0 0 0 0 0 0 
trait 3 0.498019 0 0 0.0923338 0 0.140797 0 0.094058 
node 1 1 1 3
node 2 3 1 1
node 3 2 1 1
node 4 2 0 2
node 13 1 0 0
node 27 1 0 0
gene 2 1 4 -1.8955 0 1 -1.8955 1
gene 3 2 4 8 0 2 8 1
gene 3 3 4 -5.67977 0 3 -5.67977 1
gene 3 3 13 3.72885 0 27 3.72885 1
gene 3 13 4 -5.59062 0 28 -5.59062 1
gene 3 3 27 -1.85366 0 76 -1.85366 1
gene 3 27 13 -0.498012 0 77 -0.498012 1
genomeend 113

/* Organism #114 Fitness: 9 Error: 1 */
genomestart 114
trait 1 0.1 0.0940733 0.383465 0 0.400632 0 0 0 
trait 2 0.2 0 0 0 0 0 0 0 
trait 3 0.498019 0 0 0.0923338 0 0.140797 0 0.094058 
node 1 1 1 3
node 2 3 1 1
node 3 2 1 1
node 4 2 0 2
node 13 1 0 0
node 27 1 0 0
gene 2 1 4 -1.8955 0 1 -1.8955 1
gene 3 2 4 8 0 2 8 1
gene 3 3 4 -5.67977 0 3 -5.67977 1
gene 3 3 13 3.72885 0 27 3.72885 1
gene 3 13 4 -5.59062 0 28 -5.59062 1
gene 3 3 27 -1.85366 0 76 -1.85366 1
gene 3 27 13 -0.498012 0 77 -0.498012 1
gene 3 27 4 0.114444 0 180 0.114444 1
genomeend 114

/* Organism #115 Fitness: 9 Error: 1 */
genomestart 115
trait 1 0.1 0.0940733 0.383465 0 0.400632 0 0 0 
trait 2 0.2 0 0 0 0 0 0 0 
trait 3 0.498019 0 0 0.0923338 0 0.140797 0 0.094058 
node 1 1 1 3
node 2 3 1 1
node 3 2 1 1
node 4 2 0 2
node 13 1 0 0
node 27 1 0 0
gene 2 1 4 -1.8955 0 1 -1.8955 1
gene 3 2 4 8 0 2 8 1
gene 3 3 4 -5.67977 0 3 -5.67977 1
gene 3 3 13 3.72885 0 27 3.72885 1
gene 3 13 4 -5.59062 0 28 -5.59062 1
gene 3 3 27 -1.85366 0 76 -1.85366 1
gene 3 27 13 -0.498012 0 77 -0.498012 1
gene 3 27 4 0.114444 0 180 0 1
genomeend 115

/* Species #16 : (Size 8) (AF 7.12302) (Age 6)  */


/* Organism #116 Fitness: 8.98792 Error: 1.00201 */
genomestart 116
trait 1 0.1 0 0 0 0 0 0 0 
trait 2 0.343365 0 0.0560434 0 0 0.0745605 0.119549 0 
trait 3 0.3 0 0 0 0 0 0 0 
node 1 2 1 3
node 2 2 1 1
node 3 3 1 1
node 4 3 0 2
node 10 1 0 0
gene 1 1 4 0.202452 0 1 0.202452 1
gene 1 2 4 4.94045 0 2 4.94045 0
gene 1 3 4 -1.55297 0 3 -1.55297 1
gene 3 2 10 -2.52865 0 14 -2.52865 1
gene 3 10 4 7.95094 0 15 7.95094 1
gene 3 3 10 5.97555 0 26 5.97555 1
gene 2 1 10 -4.35405 0 33 -4.35405 1
genomeend 116

/* Organism #117 Fitness: 4.00001 Error: 2 */
genomestart 117
trait 1 0.1 0 0 0 0 0 0 0 
trait 2 0.343365 0 0.0560434 0 0 0.0745605 0.119549 0 
trait 3 0.3 0 0 0 0 0 0 0 
node 1 2 1 3
node 2 2 1 1
node 3 3 1 1
node 4 3 0 2
node 10 1 0 0
gene 1 1 4 -1.55625 0 1 -1.55625 1
gene 1 2 4 4.26103 0 2 4.26103 0
gene 1 3 4 -0.965949 0 3 -0.965949 1
gene 3 2 10 -2.07942 0 14 -2.07942 1
gene 3 10 4 8 0 15 8 1
gene 3 3 10 7.02142 0 26 7.02142 1
gene 2 1 10 -7.94401 0 33 -7.94401 1
genomeend 117

/* Organism #118 Fitness: 8.99534 Error: 1.00078 */
genomestart 118
trait 1 0.1 0 0 0 0 0 0 0 
trait 2 0.343365 0 0.0560434 0 0 0.0745605 0.119549 0 
trait 3 0.3 0 0 0 0 0 0 0 
node 1 2 1 3
node 2 2 1 1
node 3 3 1 1
node 4 3 0 2
node 10 1 0 0
gene 1 1 4 -0.374691 0 1 -0.374691 1
gene 1 2 4 3.90481 0 2 3.90481 0
gene 1 3 4 -1.15535 0 3 -1.15535 1
gene 3 2 10 -1.63385 0 14 -1.63385 1
gene 3 10 4 7.97547 0 15 7.97547 1
gene 3 3 10 5.6928 0 26 5.6928 1
gene 2 1 10 -5.00127 0 33 -5.00127 1
genomeend 118

/* Organism #119 Fitness: 4 Error: 2 */
genomestart 119
trait 1 0.1 0 0 0 0 0 0 0 
trait 2 0.343365 0 0.0560434 0 0 0.0745605 0.119549 0 
trait 3 0.3 0 0 0 0 0 0 0 
node 1 2 1 3
node 2 2 1 1
node 3 3 1 1
node 4 3 0 2
node 10 1 0 0
gene 1 1 4 -0.280732 0 1 -0.280732 1
gene 1 2 4 3.58299 0 2 3.58299 0
gene 1 3 4 -0.634899 0 3 -0.634899 1
gene 3 2 10 -0.121197 0 14 -0.121197 1
gene 3 10 4 8 0 15 8 1
gene 3 3 10 7.34782 0 26 7.34782 1
gene 2 1 10 -3.87681 0 33 -3.87681 1
genomeend 119

/* Organism #120 Fitness: 13.4867 Error: 0.327569 */
/* ##------$ WINNER 120 SPECIES #16 $------## */
genomestart 120
trait 1 0.1 0 0 0 0 0 0 0 
trait 2 0.343365 0 0.0560434 0 0 0.0745605 0.119549 0 
trait 3 0.3 0 0 0 0 0 0 0 
node 1 2 1 3
node 2 2 1 1
node 3 3 1 1
node 4 3 0 2
node 10 1 0 0
gene 1 1 4 -1.4528 0 1 -1.4528 1
gene 1 2 4 4.67219 0 2 4.67219 1
gene 1 3 4 -3.7616 0 3 -3.7616 1
gene 3 2 10 -2.5256 0 14 -2.5256 1
gene 3 10 4 5.64061 0 15 5.64061 1
gene 3 3 10 6.93567 0 26 6.93567 1
gene 2 1 10 -6.28083 0 33 -6.28083 1
genomeend 120

/* Organism #121 Fitness: 8.99997 Error: 1 */
genomestart 121
trait 1 0.1 0 0 0 0 0 0 0 
trait 2 0.343365 0 0.0560434 0 0 0.0745605 0.119549 0 
trait 3 0.3 0 0 0 0 0 0 0 
node 1 2 1 3
node 2 2 1 1
node 3 3 1 1
node 4 3 0 2
node 10 1 0 0
gene 1 1 4 -0.951834 0 1 -0.951834 1
gene 1 2 4 2.86916 0 2 2.86916 0
gene 1 3 4 -1.55297 0 3 -1.55297 1
gene 3 2 10 -2.52865 0 14 -2.52865 1
gene 3 10 4 8 0 15 8 1
gene 3 3 10 5.41005 0 26 5.41005 1
gene 2 1 10 -4.35405 0 33 -4.35405 1
genomeend 121

/* Organism #122 Fitness: 4 Error: 2 */
genomestart 122
trait 1 0.1 0 0 0 0 0 0 0 
trait 2 0.343365 0 0.0560434 0 0 0.0745605 0.119549 0 
trait 3 0.3 0 0 0 0 0 0 0 
node 1 2 1 3
node 2 2 1 1
node 3 3 1 1
node 4 3 0 2
node 10 1 0 0
gene 1 1 4 0.783525 0 1 0.783525 1
gene 1 2 4 3.10766 0 2 3.10766 0
gene 1 3 4 1.93144 0 3 1.93144 1
gene 3 2 10 0.396702 0 14 0.396702 1
gene 3 10 4 -0.743812 0 15 -0.743812 1
gene 3 3 10 6.70373 0 26 6.70373 1
gene 2 1 10 -4.19642 0 33 -4.19642 1
genomeend 122

/* Organism #123 Fitness: 4.51418 Error: 1.87534 */
genomestart 123
trait 1 0.1 0 0 0 0 0 0.458937 0 
trait 2 0.343365 0 0.0560434 0 0 0.0745605 0.119549 0 
trait 3 0.3 0 0 0 0 0 0 0 
node 1 2 1 3
node 2 2 1 1
node 3 3 1 1
node 4 3 0 2
node 10 1 0 0
gene 1 1 4 0.860508 0 1 0.860508 1
gene 1 2 4 3.08676 0 2 3.08676 0
gene 1 3 4 -0.69731 0 3 -0.69731 1
gene 3 2 10 -0.382588 0 14 -0.382588 1
gene 3 10 4 7.05354 0 15 7.05354 1
gene 3 3 10 3.39346 0 26 3.39346 1
gene 2 1 10 -4.13363 0 33 -4.13363 1
genomeend 123

/* Species #17 : (Size 7) (AF 3.96409) (Age 6)  */


/* Organism #124 Fitness: 8.99839 Error: 1.00027 */
genomestart 124
trait 1 0.1 0 0 0 0 0 0 0 
trait 2 0.226276 0 0 0 0.719283 0 0 0 
trait 3 0.3 0 0 0 0.585726 0 0.530946 0 
node 1 2 1 3
node 2 3 1 1
node 3 3 1 1
node 4 3 0 2
node 10 1 0 0
node 15 1 0 0
node 21 1 0 0
node 44 1 0 0
gene 1 1 4 2.08586 0 1 2.08586 1
gene 3 2 4 -0.725177 0 2 -0.725177 1
gene 1 3 4 -2.88695 0 3 -2.88695 0
gene 3 2 10 -1.67833 0 14 -1.67833 0
gene 3 10 4 4.82134 0 15 4.82134 1
gene 3 3 10 -0.67851 0 26 -0.67851 1
gene 3 2 15 -3.03461 0 31 -3.03461 1
gene 3 15 10 2.4567 0 32 2.4567 1
gene 1 3 21 0.555193 0 54 0.555193 1
gene 1 21 4 -3.43823 0 55 -3.43823 1
gene 1 3 15 0.0354625 0 114 0.0354625 0
gene 1 3 44 1 0 127 0 1
gene 1 44 15 0.0354625 0 128 0 1
genomeend 124

/* Organism #125 Fitness: 1.01285 Error: 2.99359 */
genomestart 125
trait 1 0.1 0 0 0 0 0 0 0 
trait 2 0.226276 0 0 0 0.719283 0 0 0 
trait 3 0.3 0 0 0 0.585726 0 0.530946 0 
node 1 2 1 3
node 2 3 1 1
node 3 3 1 1
node 4 3 0 2
node 10 1 0 0
node 15 1 0 0
node 21 1 0 0
node 44 1 0 0
gene 1 1 4 1.68821 0 1 1.68821 1
gene 3 2 4 -4.55037 0 2 -4.55037 1
gene 1 3 4 -2.44871 0 3 -2.44871 0
gene 3 2 10 -0.549455 0 14 -0.549455 0
gene 3 10 4 5.23326 0 15 5.23326 1
gene 3 3 10 -1.90749 0 26 -1.90749 1
gene 3 2 15 -2.76765 0 31 -2.76765 1
gene 3 15 10 4.16032 0 32 4.16032 1
gene 1 3 21 0.318598 0 54 0.318598 1
gene 1 21 4 -3.28182 0 55 -3.28182 1
gene 1 3 15 -2.0707 0 114 -2.0707 0
gene 1 3 44 1 0 127 1 1
gene 1 44 15 -0.831721 0 128 -0.831721 1
genomeend 125

/* Organism #126 Fitness: 4.21262 Error: 1.94753 */
genomestart 126
trait 1 0.1 0 0 0 0 0 0 0 
trait 2 0.226276 0 0 0 0.719283 0 0 0 
trait 3 0.3 0 0 0 0.585726 0 0.530946 0 
node 1 2 1 3
node 2 3 1 1
node 3 3 1 1
node 4 3 0 2
node 10 1 0 0
node 15 1 0 0
node 21 1 0 0
node 44 1 0 0
gene 1 1 4 3.30103 0 1 3.30103 1
gene 3 2 4 -2.97729 0 2 -2.97729 1
gene 1 3 4 -4.77933 0 3 -4.77933 0
gene 3 2 10 -5.89988 0 14 -5.89988 0
gene 3 10 4 4.6174 0 15 4.6174 1
gene 3 3 10 -0.404675 0 26 -0.404675 1
gene 3 2 15 -2.78939 0 31 -2.78939 1
gene 3 15 10 -0.732139 0 32 -0.732139 1
gene 1 3 21 -0.443373 0 54 -0.443373 1
gene 1 21 4 -3.87182 0 55 -3.87182 1
gene 1 3 15 0.0830714 0 114 0.0830714 0
gene 1 3 44 -0.748482 0 127 -0.748482 1
gene 1 44 15 -0.326563 0 128 -0.326563 1
gene 1 2 44 -0.875134 0 168 -0.875134 1
genomeend 126

/* Organism #127 Fitness: 1.00053 Error: 2.99974 */
genomestart 127
trait 1 0.1 0 0 0 0 0 0 0 
trait 2 0.226276 0 0 0 0.719283 0 0 0 
trait 3 0.3 0 0 0 0.585726 0 0.530946 0 
node 1 2 1 3
node 2 3 1 1
node 3 3 1 1
node 4 3 0 2
node 10 1 0 0
node 15 1 0 0
node 21 1 0 0
node 44 1 0 0
gene 1 1 4 -1.85705 0 1 -1.85705 1
gene 3 2 4 -1.77402 0 2 -1.77402 1
gene 1 3 4 -1.41726 0 3 -1.41726 0
gene 3 2 10 2.2441 0 14 2.2441 0
gene 3 10 4 4.87391 0 15 4.87391 1
gene 3 3 10 -3.18644 0 26 -3.18644 1
gene 3 2 15 -6.81776 0 31 -6.81776 1
gene 3 15 10 3.30794 0 32 3.30794 1
gene 1 3 21 -1.78077 0 54 -1.78077 1
gene 1 21 4 -1.80778 0 55 -1.80778 1
gene 1 3 15 -2.58524 0 114 -2.58524 0
gene 1 3 44 2.31397 0 127 2.31397 1
gene 1 44 15 0.21453 0 128 0.21453 1
gene 1 2 44 1.07469 0 168 1.07469 1
genomeend 127

/* Organism #128 Fitness: 4 Error: 2 */
genomestart 128
trait 1 0.1 0 0 0 0 0 0 0 
trait 2 0.226276 0 0 0 0.719283 0 0 0 
trait 3 0.3 0 0 0 0.585726 0 0.530946 0 
node 1 2 1 3
node 2 3 1 1
node 3 3 1 1
node 4 3 0 2
node 10 1 0 0
node 15 1 0 0
node 21 1 0 0
node 44 1 0 0
gene 1 1 4 4.44853 0 1 4.44853 1
gene 3 2 4 -1.552 0 2 -1.552 1
gene 1 3 4 -2.09751 0 3 -2.09751 0
gene 3 2 10 -0.854183 0 14 -0.854183 0
gene 3 10 4 6.4379 0 15 6.4379 1
gene 3 3 10 2.07793 0 26 2.07793 1
gene 3 2 15 -3.03461 0 31 -3.03461 1
gene 3 15 10 4.5814 0 32 4.5814 1
gene 1 3 21 2.48421 0 54 2.48421 1
gene 1 21 4 -1.08777 0 55 -1.08777 1
gene 1 3 15 -1.60718 0 114 -1.60718 0
gene 1 3 44 -1.33512 0 127 -1.33512 1
gene 1 44 15 2.28033 0 128 2.28033 1
genomeend 128

/* Organism #129 Fitness: 2.46371 Error: 2.43038 */
genomestart 129
trait 1 0.1 0 0 0 0 0 0 0 
trait 2 0.226276 0 0 0 0.719283 0 0 0 
trait 3 0.3 0 0.704825 0 0.585726 0 0.530946 0 
node 1 2 1 3
node 2 3 1 1
node 3 3 1 1
node 4 3 0 2
node 10 1 0 0
node 15 1 0 0
node 21 1 0 0
node 44 1 0 0
gene 2 1 4 0.588244 0 1 0.588244 1
gene 3 2 4 0.26429 0 2 0.26429 1
gene 1 3 4 -2.86818 0 3 -2.86818 0
gene 3 2 10 0.504959 0 14 0.504959 0
gene 3 10 4 4.18358 0 15 4.18358 1
gene 3 3 10 0.428938 0 26 0.428938 1
gene 3 2 15 -6.15703 0 31 -6.15703 1
gene 3 15 10 0.445151 0 32 0.445151 1
gene 1 3 21 1.69658 0 54 1.69658 1
gene 1 21 4 -5.78007 0 55 -5.78007 1
gene 1 3 15 0.474242 0 114 0.474242 0
gene 1 3 44 -0.16625 0 127 -0.16625 1
gene 1 44 15 2.28254 0 128 2.28254 1
genomeend 129

/* Organism #130 Fitness: 6.06055 Error: 1.53818 */
genomestart 130
trait 1 0.1 0 0 0 0 0 0 0 
trait 2 0.226276 0 0 0 0.719283 0 0 0 
trait 3 0.3 0 0 0 0.585726 0 0.530946 0 
node 1 2 1 3
node 2 3 1 1
node 3 3 1 1
node 4 3 0 2
node 10 1 0 0
node 15 1 0 0
node 21 1 0 0
node 44 1 0 0
gene 1 1 4 3.64032 0 1 3.64032 1
gene 3 2 4 -4.56891 0 2 -4.56891 1
gene 1 3 4 -0.809481 0 3 -0.809481 0
gene 3 2 10 -2.10715 0 14 -2.10715 0
gene 3 10 4 3.62112 0 15 3.62112 1
gene 3 3 10 -0.719703 0 26 -0.719703 1
gene 3 2 15 -5.9315 0 31 -5.9315 1
gene 3 15 10 3.58604 0 32 3.58604 1
gene 1 3 21 -0.617618 0 54 -0.617618 1
gene 1 21 4 -1.80778 0 55 -1.80778 1
gene 1 3 15 2.16903 0 114 2.16903 0
gene 1 3 44 0.581057 0 127 0.581057 1
gene 1 44 15 -1.63305 0 128 -1.63305 1
gene 1 2 44 -0.834849 0 168 -0.834849 1
genomeend 130

/* Species #18 : (Size 9) (AF 6.43881) (Age 4)  */


/* Organism #131 Fitness: 8.99998 Error: 1 */
genomestart 131
trait 1 0.1 0 0 0 0 0 0 0 
trait 2 0.2 0 0 0 0 0 0 0 
trait 3 0.65 0 0 0 0 0 0 0.487381 
node 1 2 1 3
node 2 3 1 1
node 3 3 1 1
node 4 3 0 2
node 10 1 0 0
node 15 1 0 0
gene 1 1 4 -4.49857 0 1 -4.49857 1
gene 3 2 4 2.353 0 2 2.353 0
gene 3 3 4 -3.39615 0 3 -3.39615 1
gene 3 2 10 2.2808 0 14 2.2808 0
gene 3 10 4 6.57272 0 15 6.57272 1
gene 3 3 10 -0.617008 0 26 -0.617008 1
gene 3 2 15 2.99961 0 31 2.99961 1
gene 3 15 10 3.30102 0 32 3.30102 1
gene 3 1 10 -2.55426 0 49 -2.55426 1
gene 2 3 15 1.35395 0 96 1.35395 1
gene 2 15 4 0.659902 0 154 0.659902 1
genomeend 131

/* Organism #132 Fitness: 8.99996 Error: 1.00001 */
genomestart 132
trait 1 0.05 0 0 0 0 0.382977 0 0.365993 
trait 2 0.2 0 0 0 0 0 0 0 
trait 3 0.65 0 0 0 0 0 0 0.487381 
node 1 2 1 3
node 2 3 1 1
node 3 3 1 1
node 4 3 0 2
node 10 1 0 0
node 15 1 0 0
gene 1 1 4 -3.66419 0 1 -3.66419 1
gene 3 2 4 2.353 0 2 2.353 0
gene 3 3 4 -3.39615 0 3 -3.39615 1
gene 3 2 10 1.87101 0 14 1.87101 0
gene 3 10 4 5.59636 0 15 5.59636 1
gene 3 3 10 -0.617008 0 26 -0.617008 1
gene 3 2 15 2.99961 0 31 2.99961 1
gene 3 15 10 3.30102 0 32 3.30102 1
gene 3 1 10 -2.55426 0 49 -2.55426 1
gene 2 3 15 1.35395 0 96 1.35395 1
gene 2 15 4 0.659902 0 154 0.659902 1
genomeend 132

/* Organism #133 Fitness: 4.00001 Error: 2 */
genomestart 133
trait 1 0.075 0 0 0 0 0.191488 0 0.182997 
trait 2 0.2 0 0 0 0 0 0 0 
trait 3 0.65 0 0 0 0 0 0 0.487381 
node 1 2 1 3
node 2 3 1 1
node 3 3 1 1
node 4 3 0 2
node 10 1 0 0
node 15 1 0 0
gene 1 1 4 -4.77323 0 1 -4.77323 1
gene 3 2 4 3.00091 0 2 3.00091 0
gene 3 3 4 -1.39978 0 3 -1.39978 1
gene 3 2 10 -0.146031 0 14 -0.146031 0
gene 3 10 4 6.42807 0 15 6.42807 1
gene 3 3 10 -2.61681 0 26 -2.61681 1
gene 3 2 15 2.27075 0 31 2.27075 1
gene 3 15 10 3.10486 0 32 3.10486 1
gene 3 1 10 -4.8623 0 49 -4.8623 1
gene 2 3 15 1.35395 0 96 1.35395 1
gene 2 15 4 2.19002 0 154 2.19002 1
genomeend 133

/* Organism #134 Fitness: 8.99996 Error: 1.00001 */
genomestart 134
trait 1 0.075 0 0 0 0 0.191488 0 0.182997 
trait 2 0.2 0 0 0 0 0 0 0 
trait 3 0.65 0 0 0 0 0 0 0.487381 
node 1 2 1 3
node 2 3 1 1
node 3 3 1 1
node 4 3 0 2
node 10 1 0 0
node 15 1 0 0
gene 1 1 4 -5.51735 0 1 -5.51735 1
gene 3 2 4 2.62355 0 2 2.62355 0
gene 3 3 4 -1.43686 0 3 -1.43686 1
gene 3 2 10 2.66854 0 14 2.66854 0
gene 3 10 4 6.7112 0 15 6.7112 1
gene 3 3 10 -0.374691 0 26 -0.374691 1
gene 3 2 15 2.55358 0 31 2.55358 1
gene 3 15 10 2.59902 0 32 2.59902 1
gene 3 1 10 -2.14089 0 49 -2.14089 1
gene 2 3 15 2.78726 0 96 2.78726 1
gene 2 15 4 1.86583 0 154 1.86583 1
genomeend 134

/* Organism #135 Fitness: 4.00003 Error: 1.99999 */
genomestart 135
trait 1 0.05 0 0 0 0 0.382977 0 0.365993 
trait 2 0.2 0 0 0 0 0 0 0 
trait 3 0.65 0 0 0 0 0 0 0.487381 
node 1 2 1 3
node 2 3 1 1
node 3 3 1 1
node 4 3 0 2
node 10 1 0 0
node 15 1 0 0
gene 1 1 4 -3.04123 0 1 -3.04123 1
gene 3 2 4 0.0888318 0 2 0.0888318 0
gene 3 3 4 -3.67311 0 3 -3.67311 1
gene 3 2 10 2.73438 0 14 2.73438 0
gene 3 10 4 5.83219 0 15 5.83219 1
gene 3 3 10 0.541169 0 26 0.541169 1
gene 3 2 15 1.4968 0 31 1.4968 1
gene 3 15 10 2.14795 0 32 2.14795 1
gene 3 1 10 -4.88267 0 49 -4.88267 1
gene 2 3 15 2.38807 0 96 2.38807 1
gene 2 15 4 0.659902 0 154 0.659902 1
genomeend 135

/* Organism #136 Fitness: 8.9364 Error: 1.01062 */
genomestart 136
trait 1 0.05 0 0 0 0 0.382977 0 0.365993 
trait 2 0.2 0 0 0 0 0 0 0 
trait 3 0.65 0 0 0 0 0 0 0.487381 
node 1 2 1 3
node 2 3 1 1
node 3 3 1 1
node 4 3 0 2
node 10 1 0 0
node 15 1 0 0
gene 1 1 4 -2.11377 0 1 -2.11377 1
gene 3 2 4 0.200301 0 2 0.200301 0
gene 3 3 4 -4.65733 0 3 -4.65733 1
gene 3 2 10 2.46635 0 14 2.46635 0
gene 3 10 4 7.29075 0 15 7.29075 1
gene 3 3 10 -1.93655 0 26 -1.93655 1
gene 3 2 15 2.99961 0 31 2.99961 1
gene 3 15 10 1.60968 0 32 1.60968 1
gene 3 1 10 -1.95334 0 49 -1.95334 1
gene 2 3 15 2.18322 0 96 2.18322 1
gene 2 15 4 2.25564 0 154 2.25564 1
genomeend 136

/* Organism #137 Fitness: 1.013 Error: 2.99352 */
genomestart 137
trait 1 0.075 0 0 0 0 0.191488 0 0.182997 
trait 2 0.2 0 0 0 0 0 0 0 
trait 3 0.65 0 0 0 0 0 0 0.487381 
node 1 2 1 3
node 2 3 1 1
node 3 3 1 1
node 4 3 0 2
node 10 1 0 0
node 15 1 0 0
gene 1 1 4 0.292901 0 1 0.292901 1
gene 3 2 4 0.0135273 0 2 0.0135273 0
gene 3 3 4 -3.39615 0 3 -3.39615 1
gene 3 2 10 0.254524 0 14 0.254524 0
gene 3 10 4 6.57219 0 15 6.57219 1
gene 3 3 10 -0.202719 0 26 -0.202719 1
gene 3 2 15 4.44062 0 31 4.44062 1
gene 3 15 10 2.75001 0 32 2.75001 1
gene 3 1 10 -1.89467 0 49 -1.89467 1
gene 2 3 15 -0.0412763 0 96 -0.0412763 1
gene 2 15 4 0.514328 0 154 0.514328 1
genomeend 137

/* Organism #138 Fitness: 4 Error: 2 */
genomestart 138
trait 1 0.1 0 0 0 0 0 0 0 
trait 2 0.2 0 0 0 0 0 0 0 
trait 3 0.65 0 0 0 0 0 0 0.487381 
node 1 2 1 3
node 2 3 1 1
node 3 3 1 1
node 4 3 0 2
node 10 1 0 0
node 15 1 0 0
gene 1 1 4 -4.49857 0 1 -4.49857 1
gene 3 2 4 2.93194 0 2 2.93194 0
gene 3 3 4 -2.422 0 3 -2.422 1
gene 3 2 10 1.9187 0 14 1.9187 0
gene 3 10 4 7.76019 0 15 7.76019 1
gene 1 3 10 -0.617008 0 26 -0.617008 1
gene 3 2 15 2.99961 0 31 2.99961 1
gene 3 15 10 -1.76817 0 32 -1.76817 1
gene 3 1 10 -4.03082 0 49 -4.03082 1
gene 2 3 15 2.73156 0 96 2.73156 1
gene 2 15 4 1.63314 0 154 1.63314 1
genomeend 138

/* Organism #139 Fitness: 8.99996 Error: 1.00001 */
genomestart 139
trait 1 0.05 0 0 0 0 0.382977 0 0.365993 
trait 2 0.2 0 0 0 0 0 0 0 
trait 3 0.65 0 0 0 0 0 0 0.487381 
node 1 2 1 3
node 2 3 1 1
node 3 3 1 1
node 4 3 0 2
node 10 1 0 0
node 15 1 0 0
gene 1 1 4 -3.66419 0 1 -3.66419 1
gene 3 2 4 2.353 0 2 2.353 0
gene 3 3 4 -3.39615 0 3 -3.39615 1
gene 3 2 10 1.87101 0 14 1.87101 0
gene 3 10 4 5.59636 0 15 5.59636 1
gene 3 3 10 -0.617008 0 26 -0.617008 1
gene 3 2 15 2.99961 0 31 2.99961 1
gene 3 15 10 3.30102 0 32 3.30102 1
gene 3 1 10 -2.55426 0 49 -2.55426 1
gene 2 3 15 1.35395 0 96 1.35395 1
gene 2 15 4 0.659902 0 154 0.659902 1
genomeend 139

/* Species #19 : (Size 5) (AF 5) (Age 3)  */


/* Organism #140 Fitness: 4 Error: 2 */
genomestart 140
trait 1 0.1 0 0 0 0 0 0 0 
trait 2 0.2 0 0 0 0 0 0 0 
trait 3 0.65 0 0 0 0 0 0 0.487381 
node 1 2 1 3
node 2 3 1 1
node 3 3 1 1
node 4 3 0 2
node 10 1 0 0
node 15 1 0 0
node 56 1 0 0
gene 1 1 4 -1.45779 0 1 -1.45779 1
gene 3 2 4 4.24736 0 2 4.24736 0
gene 3 3 4 -4.4218 0 3 -4.4218 0
gene 3 2 10 3.35841 0 14 3.35841 0
gene 3 10 4 8 0 15 8 1
gene 3 3 10 -0.778909 0 26 -0.778909 1
gene 3 2 15 1.58638 0 31 1.58638 1
gene 3 15 10 4.95009 0 32 4.95009 1
gene 3 1 10 0.124821 0 49 0.124821 1
gene 2 3 15 1.03275 0 96 1.03275 1
gene 3 3 56 0.600681 0 159 0.600681 1
gene 3 56 4 1.71476 0 160 1.71476 1
genomeend 140

/* Organism #141 Fitness: 8.99999 Error: 1 */
genomestart 141
trait 1 0.1 0 0 0 0 0 0 0 
trait 2 0.2 0 0 0 0 0 0 0 
trait 3 0.65 0 0 0 0 0 0 0.487381 
node 1 2 1 3
node 2 3 1 1
node 3 3 1 1
node 4 3 0 2
node 10 1 0 0
node 15 1 0 0
node 56 1 0 0
gene 1 1 4 -3.77825 0 1 -3.77825 1
gene 3 2 4 3.56924 0 2 3.56924 0
gene 3 3 4 -4.19452 0 3 -4.19452 0
gene 3 2 10 1.96745 0 14 1.96745 0
gene 3 10 4 8 0 15 8 1
gene 3 3 10 -1.29063 0 26 -1.29063 1
gene 3 2 15 2.59295 0 31 2.59295 1
gene 3 15 10 4.27166 0 32 4.27166 1
gene 3 1 10 -2.77316 0 49 -2.77316 1
gene 2 3 15 3.2152 0 96 3.2152 1
gene 3 3 56 0.663686 0 159 0.663686 1
gene 3 56 4 -3.0371 0 160 -3.0371 1
genomeend 141

/* Organism #142 Fitness: 4 Error: 2 */
genomestart 142
trait 1 0.1 0 0 0 0 0 0 0 
trait 2 0.2 0 0 0 0 0 0 0 
trait 3 0.65 0 0 0 0 0 0 0.487381 
node 1 2 1 3
node 2 3 1 1
node 3 3 1 1
node 4 3 0 2
node 10 1 0 0
node 15 1 0 0
node 56 1 0 0
gene 1 1 4 -5.59387 0 1 -5.59387 1
gene 3 2 4 2.46729 0 2 2.46729 0
gene 3 3 4 -7.88436 0 3 -7.88436 0
gene 3 2 10 2.55829 0 14 2.55829 0
gene 3 10 4 7.54825 0 15 7.54825 1
gene 3 3 10 0.244682 0 26 0.244682 1
gene 3 2 15 -1.3741 0 31 -1.3741 1
gene 3 15 10 6.57199 0 32 6.57199 1
gene 3 1 10 -4.41742 0 49 -4.41742 1
gene 2 3 15 -2.37892 0 96 -2.37892 1
gene 3 3 56 2.4182 0 159 2.4182 1
gene 3 56 4 -1.86148 0 160 -1.86148 1
genomeend 142

/* Organism #143 Fitness: 4 Error: 2 */
genomestart 143
trait 1 0.1 0 0 0 0 0 0 0 
trait 2 0.2 0 0 0 0 0 0 0 
trait 3 0.65 0 0 0 0 0 0 0.487381 
node 1 2 1 3
node 2 3 1 1
node 3 3 1 1
node 4 3 0 2
node 10 1 0 0
node 15 1 0 0
node 56 1 0 0
gene 1 1 4 -2.12506 0 1 -2.12506 1
gene 3 2 4 -2.0835 0 2 -2.0835 0
gene 3 3 4 -3.24631 0 3 -3.24631 0
gene 3 2 10 0.951567 0 14 0.951567 0
gene 3 10 4 8 0 15 8 1
gene 3 3 10 1.14216 0 26 1.14216 1
gene 3 2 15 2.91538 0 31 2.91538 1
gene 3 15 10 0.219504 0 32 0.219504 1
gene 3 1 10 -2.23397 0 49 -2.23397 1
gene 1 3 15 0.518204 0 96 0.518204 1
gene 3 3 56 2.44591 0 159 2.44591 1
gene 3 56 4 -0.640202 0 160 -0.640202 1
genomeend 143

/* Organism #144 Fitness: 4 Error: 2 */
genomestart 144
trait 1 0.1 0 0 0 0 0 0 0 
trait 2 0.2 0 0 0 0 0 0 0 
trait 3 0.65 0 0 0 0 0 0 0.487381 
node 1 2 1 3
node 2 3 1 1
node 3 3 1 1
node 4 3 0 2
node 10 1 0 0
node 15 1 0 0
node 56 1 0 0
gene 1 1 4 -7.06761 0 1 -7.06761 1
gene 3 2 4 2.31142 0 2 2.31142 0
gene 3 3 4 -5.94857 0 3 -5.94857 0
gene 3 2 10 4.52597 0 14 4.52597 0
gene 3 10 4 5.67541 0 15 5.67541 1
gene 3 3 10 -0.491501 0 26 -0.491501 1
gene 3 2 15 1.88164 0 31 1.88164 1
gene 3 15 10 3.57202 0 32 3.57202 1
gene 3 1 10 -6.39288 0 49 -6.39288 1
gene 2 3 15 1.17885 0 96 1.17885 1
gene 3 3 56 1.68247 0 159 1.68247 1
gene 3 56 4 -0.0177007 0 160 -0.0177007 1
genomeend 144

/* Species #20 : (Size 5) (AF 3.99996) (Age 2)  */


/* Organism #145 Fitness: 4 Error: 2 */
genomestart 145
trait 1 0.1 0 0 0 0 0 0 0 
trait 2 0.235035 0 0 0 0.959044 0 0 0 
trait 3 0.3 0 0 0 0.468581 0 0.424757 0 
node 1 2 1 3
node 2 3 1 1
node 3 3 1 1
node 4 3 0 2
node 10 1 0 0
node 15 1 0 0
node 21 1 0 0
node 49 1 0 0
gene 1 1 4 -0.640965 0 1 -0.640965 1
gene 3 2 4 -0.76796 0 2 -0.76796 0
gene 1 3 4 -4.15679 0 3 -4.15679 0
gene 3 2 10 -3.33018 0 14 -3.33018 0
gene 3 10 4 -0.128636 0 15 -0.128636 1
gene 3 3 10 2.21099 0 26 2.21099 0
gene 3 2 15 2.15346 0 31 2.15346 1
gene 3 15 10 1.77225 0 32 1.77225 1
gene 1 3 21 1.28544 0 54 1.28544 1
gene 1 21 4 -7.16454 0 55 -7.16454 1
gene 3 3 49 -1.58872 0 137 -1.58872 1
gene 3 49 10 0.124012 0 138 0.124012 1
genomeend 145

/* Organism #146 Fitness: 4 Error: 2 */
genomestart 146
trait 1 0.1 0 0 0 0 0 0 0 
trait 2 0.235035 0 0 0 0.959044 0 0 0 
trait 3 0.3 0 0 0 0.468581 0 0.424757 0 
node 1 2 1 3
node 2 3 1 1
node 3 3 1 1
node 4 3 0 2
node 10 1 0 0
node 15 1 0 0
node 21 1 0 0
node 49 1 0 0
gene 1 1 4 -1.91069 0 1 -1.91069 1
gene 3 2 4 -2.61021 0 2 -2.61021 0
gene 1 3 4 -4.2382 0 3 -4.2382 0
gene 3 2 10 -3.3684 0 14 -3.3684 0
gene 3 10 4 -0.768685 0 15 -0.768685 1
gene 3 3 10 2.47475 0 26 2.47475 0
gene 3 2 15 3.05727 0 31 3.05727 1
gene 3 15 10 -0.23999 0 32 -0.23999 1
gene 1 3 21 1.62648 0 54 1.62648 1
gene 1 21 4 -8 0 55 -8 1
gene 3 3 49 -1.58872 0 137 -1.58872 1
gene 3 49 10 1.5023 0 138 1.5023 1
genomeend 146

/* Organism #147 Fitness: 4 Error: 2 */
genomestart 147
trait 1 0.1 0 0 0 0 0 0 0 
trait 2 0.235035 0 0 0 0.959044 0 0 0 
trait 3 0.3 0 0 0 0.468581 0 0.424757 0 
node 1 2 1 3
node 2 3 1 1
node 3 3 1 1
node 4 3 0 2
node 10 1 0 0
node 15 1 0 0
node 21 1 0 0
node 49 1 0 0
gene 1 1 4 -0.640965 0 1 -0.640965 1
gene 3 2 4 -0.76796 0 2 -0.76796 0
gene 1 3 4 -4.15679 0 3 -4.15679 0
gene 3 2 10 -3.33018 0 14 -3.33018 0
gene 3 10 4 -0.128636 0 15 -0.128636 1
gene 3 3 10 2.21099 0 26 2.21099 0
gene 3 2 15 2.15346 0 31 2.15346 1
gene 3 15 10 1.77225 0 32 1.77225 1
gene 1 3 21 1.28544 0 54 1.28544 1
gene 1 21 4 -7.16454 0 55 -7.16454 1
gene 3 3 49 -1.58872 0 137 -1.58872 1
gene 3 49 10 0.124012 0 138 0.124012 1
genomeend 147

/* Organism #148 Fitness: 3.99981 Error: 2.00005 */
genomestart 148
trait 1 0.1 0 0 0 0 0 0 0 
trait 2 0.235035 0 0 0 0.959044 0 0 0 
trait 3 0.3 0 0 0 0.468581 0 0.424757 0 
node 1 2 1 3
node 2 3 1 1
node 3 3 1 1
node 4 3 0 2
node 10 1 0 0
node 15 1 0 0
node 21 1 0 0
node 49 1 0 0
gene 1 1 4 0.690481 0 1 0.690481 1
gene 3 2 4 -1.11244 0 2 -1.11244 0
gene 1 3 4 -5.35701 0 3 -5.35701 0
gene 3 2 10 -5.15389 0 14 -5.15389 0
gene 3 10 4 1.00673 0 15 1.00673 1
gene 3 3 10 1.24119 0 26 1.24119 0
gene 3 2 15 1.96829 0 31 1.96829 1
gene 3 15 10 3.12994 0 32 3.12994 1
gene 1 3 21 -0.412152 0 54 -0.412152 1
gene 1 21 4 -8 0 55 -8 1
gene 3 3 49 -3.70449 0 137 -3.70449 1
gene 3 49 10 -1.34774 0 138 -1.34774 1
genomeend 148

/* Organism #149 Fitness: 4 Error: 2 */
genomestart 149
trait 1 0.1 0 0 0 0 0 0 0 
trait 2 0.235035 0 0 0 0.959044 0 0 0 
trait 3 0.3 0 0.816004 0.985748 0.468581 0 0.424757 0 
node 1 2 1 3
node 2 3 1 1
node 3 3 1 1
node 4 3 0 2
node 10 1 0 0
node 15 1 0 0
node 21 1 0 0
node 49 1 0 0
gene 1 1 4 -0.640965 0 1 -0.640965 1
gene 3 2 4 -0.76796 0 2 -0.76796 0
gene 1 3 4 -4.15679 0 3 -4.15679 0
gene 3 2 10 -3.33018 0 14 -3.33018 0
gene 3 10 4 -0.128636 0 15 -0.128636 1
gene 3 3 10 2.21099 0 26 2.21099 0
gene 3 2 15 2.15346 0 31 2.15346 1
gene 3 15 10 1.77225 0 32 1.77225 1
gene 1 3 21 1.28544 0 54 1.28544 1
gene 1 21 4 -7.16454 0 55 -7.16454 1
gene 3 3 49 -1.58872 0 137 -1.58872 1
gene 3 49 10 0.124012 0 138 0.124012 1
genomeend 149
