
/* Species #1 : (Size 7) (AF 7.57121) (Age 41)  */


/* Organism #0 Fitness: 9 Error: 1 */
genomestart 0
trait 1 0.1 0 0 0 0 0 0 0.0905255 
trait 2 0.233789 0 0 0.0381907 0 0.011219 0.000997097 0.00825094 
trait 3 0.3 0 0 0 0 0 0 0 
node 1 2 1 3
node 2 2 1 1
node 3 2 1 1
node 4 3 0 2
gene 1 1 4 -3.95866 0 1 -3.95866 1
gene 1 2 4 8 0 2 8 1
gene 1 3 4 8 0 3 8 1
genomeend 0

/* Organism #1 Fitness: 8.99978 Error: 1.00004 */
genomestart 1
trait 1 0.1 0 0 0 0 0 0 0.0905255 
trait 2 0.233789 0 0 0.0381907 0 0.011219 0.000997097 0.00825094 
trait 3 0.3 0 0 0 0 0 0 0 
node 1 2 1 3
node 2 2 1 1
node 3 2 1 1
node 4 3 0 2
gene 1 1 4 -2.0701 0 1 -2.0701 1
gene 1 2 4 6.71197 0 2 6.71197 1
gene 1 3 4 8 0 3 8 1
genomeend 1

/* Organism #2 Fitness: 4 Error: 2 */
genomestart 2
trait 1 0.1 0 0 0 0 0 0 0.0905255 
trait 2 0.233789 0 0 0.0381907 0 0.011219 0.000997097 0.00825094 
trait 3 0.3 0 0 0 0 0 0 0 
node 1 2 1 3
node 2 2 1 1
node 3 2 1 1
node 4 3 0 2
gene 1 1 4 -3.49585 0 1 -3.49585 1
gene 1 2 4 -1.58628 0 2 -1.58628 1
gene 1 3 4 8 0 3 8 1
genomeend 2

/* Organism #3 Fitness: 8.99996 Error: 1.00001 */
genomestart 3
trait 1 0.1 0 0 0 0 0 0 0.0905255 
trait 2 0.233789 0 0 0.0381907 0 0.011219 0.000997097 0.00825094 
trait 3 0.3 0 0.372814 0.98648 0 0 0 0 
node 1 2 1 3
node 2 2 1 1
node 3 2 1 1
node 4 3 0 2
gene 1 1 4 -2.4218 0 1 -2.4218 1
gene 1 2 4 8 0 2 8 1
gene 1 3 4 8 0 3 8 1
genomeend 3

/* Organism #4 Fitness: 8.99873 Error: 1.00021 */
genomestart 4
trait 1 0.1 0 0 0 0 0 0 0.0905255 
trait 2 0.233789 0 0 0.0381907 0 0.011219 0.000997097 0.00825094 
trait 3 0.3 0 0 0 0 0 0 0 
node 1 2 1 3
node 2 2 1 1
node 3 2 1 1
node 4 3 0 2
gene 1 1 4 -1.71728 0 1 -1.71728 1
gene 1 2 4 6.99953 0 2 6.99953 1
gene 1 3 4 8 0 3 8 1
genomeend 4

/* Organism #5 Fitness: 9 Error: 1 */
genomestart 5
trait 1 0.1 0 0 0 0 0 0 0.0905255 
trait 2 0.233789 0 0 0.0381907 0 0.011219 0.000997097 0.00825094 
trait 3 0.3 0 0 0 0 0 0 0 
node 1 2 1 3
node 2 2 1 1
node 3 2 1 1
node 4 3 0 2
gene 1 1 4 -3.95866 0 1 -3.95866 1
gene 1 2 4 8 0 2 8 1
gene 1 3 4 8 0 3 8 1
genomeend 5

/* Organism #6 Fitness: 4 Error: 2 */
genomestart 6
trait 1 0.1 0 0 0 0 0 0 0.0905255 
trait 2 0.233789 0 0 0.0381907 0 0.011219 0.000997097 0.00825094 
trait 3 0.3 0 0 0 0 0 0 0 
node 1 2 1 3
node 2 2 1 1
node 3 2 1 1
node 4 3 0 2
gene 1 1 4 -3.22774 0 1 -3.22774 1
gene 1 2 4 8 0 2 8 1
gene 1 3 4 -0.347987 0 3 -0.347987 1
genomeend 6

/* Species #3 : (Size 6) (AF 7.90351) (Age 37)  */


/* Organism #7 Fitness: 9 Error: 1 */
genomestart 7
trait 1 0.1 0 0 0 0 0 0 0 
trait 2 0.2 0.408979 0.279321 0.479659 0 0.230354 0 0 
trait 3 0.21167 0 0.122142 0 0 0.166648 0 0 
node 1 3 1 3
node 2 2 1 1
node 3 3 1 1
node 4 3 0 2
node 9 1 0 0
gene 1 1 4 -0.155553 0 1 -0.155553 1
gene 3 2 4 -8 0 2 -8 1
gene 3 3 4 8 0 3 8 1
gene 3 2 9 5.34663 0 12 5.34663 1
gene 3 9 4 -8 0 13 -8 1
gene 2 3 9 -1.59858 0 30 -1.59858 1
gene 3 1 9 0.558641 0 138 0.558641 1
genomeend 7

/* Organism #8 Fitness: 9 Error: 1 */
genomestart 8
trait 1 0.1 0 0 0 0 0 0 0 
trait 2 0.2 0.408979 0.279321 0.479659 0 0.230354 0 0 
trait 3 0.21167 0 0.122142 0 0 0.166648 0 0 
node 1 3 1 3
node 2 2 1 1
node 3 3 1 1
node 4 3 0 2
node 9 1 0 0
gene 1 1 4 -2.00604 0 1 -2.00604 1
gene 3 2 4 -8 0 2 -8 1
gene 3 3 4 6.77522 0 3 6.77522 1
gene 3 2 9 7.53473 0 12 7.53473 1
gene 3 9 4 -8 0 13 -8 1
gene 2 3 9 -2.32294 0 30 -2.32294 1
gene 3 1 9 1.75001 0 138 1.75001 1
genomeend 8

/* Organism #9 Fitness: 2.42194 Error: 2.44374 */
genomestart 9
trait 1 0.1 0 0 0.160741 0.353618 0 0 0.763176 
trait 2 0.2 0.408979 0.279321 0.479659 0 0.230354 0 0 
trait 3 0.21167 0 0.122142 0 0 0.166648 0 0 
node 1 3 1 3
node 2 2 1 1
node 3 3 1 1
node 4 3 0 2
node 9 1 0 0
gene 1 1 4 0.517991 0 1 0.517991 1
gene 3 2 4 -8 0 2 -8 1
gene 3 3 4 7.57846 0 3 7.57846 1
gene 3 2 9 -1.19373 0 12 -1.19373 1
gene 3 9 4 -7.47363 0 13 -7.47363 1
gene 1 3 9 -1.54561 0 30 -1.54561 1
gene 3 1 9 -0.729774 0 138 -0.729774 1
genomeend 9

/* Organism #10 Fitness: 8.99928 Error: 1.00012 */
genomestart 10
trait 1 0.1 0 0 0 0 0 0 0 
trait 2 0.2 0.408979 0.279321 0.479659 0 0.230354 0 0 
trait 3 0.21167 0 0.122142 0 0 0.166648 0 0 
node 1 3 1 3
node 2 2 1 1
node 3 3 1 1
node 4 3 0 2
node 9 1 0 0
gene 1 1 4 -0.908139 0 1 -0.908139 1
gene 3 2 4 -8 0 2 -8 1
gene 3 3 4 7.02043 0 3 7.02043 1
gene 3 2 9 7.83999 0 12 7.83999 1
gene 3 9 4 -6.07016 0 13 -6.07016 1
gene 2 3 9 -3.29386 0 30 -3.29386 1
gene 3 1 9 -0.348369 0 138 -0.348369 1
genomeend 10

/* Organism #11 Fitness: 8.99985 Error: 1.00002 */
genomestart 11
trait 1 0.1 0 0 0 0 0 0 0 
trait 2 0.2 0.408979 0.279321 0.479659 0 0.230354 0 0 
trait 3 0.21167 0 0.122142 0 0 0.166648 0 0 
node 1 3 1 3
node 2 2 1 1
node 3 3 1 1
node 4 3 0 2
node 9 1 0 0
gene 1 1 4 -2.29841 0 1 -2.29841 1
gene 3 2 4 -8 0 2 -8 1
gene 3 3 4 8 0 3 8 1
gene 3 2 9 2.95337 0 12 2.95337 1
gene 3 9 4 -5.71691 0 13 -5.71691 1
gene 2 3 9 -2.85274 0 30 -2.85274 1
gene 3 1 9 -1.86224 0 138 -1.86224 1
genomeend 11

/* Organism #12 Fitness: 9 Error: 1 */
genomestart 12
trait 1 0.1 0 0 0 0 0 0 0 
trait 2 0.2 0.408979 0.279321 0.479659 0 0.230354 0 0 
trait 3 0.21167 0 0.122142 0 0 0.166648 0 0 
node 1 3 1 3
node 2 2 1 1
node 3 3 1 1
node 4 3 0 2
node 9 1 0 0
gene 1 1 4 0.517991 0 1 0.517991 1
gene 3 2 4 -8 0 2 -8 1
gene 3 3 4 8 0 3 8 1
gene 3 2 9 7.34247 0 12 7.34247 1
gene 3 9 4 -8 0 13 -8 1
gene 2 3 9 -1.03496 0 30 -1.03496 1
gene 3 1 9 0.721686 0 138 0.721686 1
genomeend 12

/* Species #4 : (Size 8) (AF 7.74777) (Age 36)  */


/* Organism #13 Fitness: 9 Error: 1 */
genomestart 13
trait 1 0.1 0 0 0 0 0 0 0 
trait 2 0.0546875 0 0.438799 0.10305 0.552099 0 0.0888089 0.654574 
trait 3 0.3 0 0 0 0 0 0 0 
node 1 2 1 3
node 2 2 1 1
node 3 3 1 1
node 4 3 0 2
node 11 1 0 0
gene 3 1 4 -3.88191 0 1 -3.88191 1
gene 3 2 4 -8 0 2 -8 1
gene 3 3 4 8 0 3 8 1
gene 3 2 11 -0.184866 0 18 -0.184866 1
gene 3 11 4 1.14609 0 19 1.14609 0
genomeend 13

/* Organism #14 Fitness: 8.9908 Error: 1.00153 */
genomestart 14
trait 1 0.1 0 0 0 0 0 0 0 
trait 2 0.0546875 0 0.438799 0.10305 0.552099 0 0.0888089 0.654574 
trait 3 0.3 0 0 0 0 0 0 0 
node 1 2 1 3
node 2 2 1 1
node 3 3 1 1
node 4 3 0 2
node 11 1 0 0
gene 3 1 4 -6.68427 0 1 -6.68427 1
gene 3 2 4 -8 0 2 -8 1
gene 3 3 4 8 0 3 8 1
gene 3 2 11 -0.262307 0 18 -0.262307 1
gene 3 11 4 -2.27453 0 19 -2.27453 0
genomeend 14

/* Organism #15 Fitness: 8.99998 Error: 1 */
genomestart 15
trait 1 0.1 0 0 0 0 0 0 0 
trait 2 0.0546875 0 0.438799 0.10305 0.552099 0 0.0888089 0.654574 
trait 3 0.3 0 0 0 0 0 0 0 
node 1 2 1 3
node 2 2 1 1
node 3 3 1 1
node 4 3 0 2
node 11 1 0 0
gene 3 1 4 -4.28247 0 1 -4.28247 1
gene 3 2 4 -5.53578 0 2 -5.53578 1
gene 3 3 4 7.24612 0 3 7.24612 1
gene 3 2 11 -0.77929 0 18 -0.77929 1
gene 3 11 4 2.5353 0 19 2.5353 0
genomeend 15

/* Organism #16 Fitness: 8.99058 Error: 1.00157 */
genomestart 16
trait 1 0.1 0 0 0 0 0 0 0 
trait 2 0.0546875 0 0.438799 0.10305 0.552099 0 0.0888089 0.654574 
trait 3 0.3 0 0 0 0 0 0 0 
node 1 2 1 3
node 2 2 1 1
node 3 3 1 1
node 4 3 0 2
node 11 1 0 0
gene 3 1 4 -5.09869 0 1 -5.09869 1
gene 3 2 4 -8 0 2 -8 1
gene 3 3 4 6.40945 0 3 6.40945 1
gene 3 2 11 -3.5918 0 18 -3.5918 1
gene 3 11 4 -1.73008 0 19 -1.73008 0
genomeend 16

/* Organism #17 Fitness: 8.99993 Error: 1.00001 */
genomestart 17
trait 1 0.1 0 0 0 0 0 0 0 
trait 2 0.0546875 0 0.438799 0.10305 0.552099 0 0.0888089 0.654574 
trait 3 0.3 0 0 0 0 0 0 0 
node 1 2 1 3
node 2 2 1 1
node 3 3 1 1
node 4 3 0 2
node 11 1 0 0
gene 3 1 4 -2.4615 0 1 -2.4615 1
gene 3 2 4 -8 0 2 -8 1
gene 3 3 4 8 0 3 8 1
gene 3 2 11 -0.263375 0 18 -0.263375 1
gene 3 11 4 1.41538 0 19 1.41538 0
genomeend 17

/* Organism #18 Fitness: 4 Error: 2 */
genomestart 18
trait 1 0.1 0 0 0 0 0 0 0 
trait 2 0.0546875 0 0.438799 0.10305 0.552099 0 0.0888089 0.654574 
trait 3 0.3 0 0 0 0 0 0 0 
node 1 2 1 3
node 2 2 1 1
node 3 3 1 1
node 4 3 0 2
node 11 1 0 0
gene 1 1 4 -4.36563 0 1 -4.36563 1
gene 3 2 4 0.11536 0 2 0.11536 1
gene 3 3 4 8 0 3 8 1
gene 3 2 11 -2.51183 0 18 -2.51183 1
gene 3 11 4 0.140242 0 19 0.140242 0
genomeend 18

/* Organism #19 Fitness: 4.00104 Error: 1.99974 */
genomestart 19
trait 1 0.1 0 0 0 0 0 0 0 
trait 2 0.0546875 0 0.438799 0.10305 0.552099 0 0.0888089 0.654574 
trait 3 0.3 0 0 0 0 0 0 0 
node 1 2 1 3
node 2 2 1 1
node 3 3 1 1
node 4 3 0 2
node 11 1 0 0
gene 3 1 4 -2.49263 0 1 -2.49263 1
gene 3 2 4 0.820719 0 2 0.820719 1
gene 3 3 4 6.7524 0 3 6.7524 1
gene 3 2 11 -3.2709 0 18 -3.2709 1
gene 3 11 4 0.127501 0 19 0.127501 0
genomeend 19

/* Organism #20 Fitness: 8.99986 Error: 1.00002 */
genomestart 20
trait 1 0.1 0 0 0 0 0 0 0 
trait 2 0.0546875 0 0.438799 0.10305 0.552099 0 0.0888089 0.654574 
trait 3 0.3 0 0 0 0 0 0 0 
node 1 2 1 3
node 2 2 1 1
node 3 3 1 1
node 4 3 0 2
node 11 1 0 0
gene 3 1 4 -3.1526 0 1 -3.1526 1
gene 3 2 4 -7.0144 0 2 -7.0144 1
gene 3 3 4 8 0 3 8 1
gene 3 2 11 -1.10698 0 18 -1.10698 1
gene 3 11 4 0.518595 0 19 0.518595 0
genomeend 20

/* Species #5 : (Size 7) (AF 7.22797) (Age 35)  */


/* Organism #21 Fitness: 9 Error: 1 */
genomestart 21
trait 1 0.1 0 0 0 0 0 0 0 
trait 2 0.2 0 0 0 0 0 0 0 
trait 3 0.3 0 0.119205 0 0 0.0828272 0 0.136387 
node 1 1 1 3
node 2 1 1 1
node 3 1 1 1
node 4 3 0 2
node 13 1 0 0
gene 3 1 4 -8 0 1 -8 1
gene 1 2 4 8 0 2 8 1
gene 1 3 4 -8 0 3 -8 1
gene 1 2 13 6.22947 0 24 6.22947 1
gene 1 13 4 7.9688 0 25 7.9688 1
gene 3 1 13 -2.0912 0 40 -2.0912 1
gene 3 3 13 -6.60703 0 61 -6.60703 1
genomeend 21

/* Organism #22 Fitness: 9 Error: 1 */
genomestart 22
trait 1 0.1 0 0 0 0 0 0 0 
trait 2 0.2 0 0 0 0 0 0 0 
trait 3 0.3 0 0.119205 0 0 0.0828272 0 0.136387 
node 1 1 1 3
node 2 1 1 1
node 3 1 1 1
node 4 3 0 2
node 13 1 0 0
gene 3 1 4 -8 0 1 -8 1
gene 1 2 4 8 0 2 8 1
gene 1 3 4 -7.90101 0 3 -7.90101 1
gene 1 2 13 6.22947 0 24 6.22947 1
gene 1 13 4 7.9688 0 25 7.9688 1
gene 3 1 13 -2.0912 0 40 -2.0912 1
gene 3 3 13 -6.71663 0 61 -6.71663 1
genomeend 22

/* Organism #23 Fitness: 9 Error: 1 */
genomestart 23
trait 1 0.1 0 0 0 0 0 0 0 
trait 2 0.2 0 0 0 0 0 0 0 
trait 3 0.3 0 0.119205 0 0 0.0828272 0 0.136387 
node 1 1 1 3
node 2 1 1 1
node 3 1 1 1
node 4 3 0 2
node 13 1 0 0
gene 3 1 4 -7.84935 0 1 -7.84935 1
gene 1 2 4 6.49208 0 2 6.49208 1
gene 1 3 4 -6.12613 0 3 -6.12613 1
gene 1 2 13 5.46326 0 24 5.46326 1
gene 1 13 4 8 0 25 8 1
gene 3 1 13 -1.72334 0 40 -1.72334 1
gene 1 3 13 -7.77226 0 61 -7.77226 1
genomeend 23

/* Organism #24 Fitness: 4.01337 Error: 1.99666 */
genomestart 24
trait 1 0.1 0 0 0 0 0 0 0 
trait 2 0.2 0 0 0 0 0 0 0 
trait 3 0.3 0 0.119205 0 0 0.0828272 0 0.136387 
node 1 1 1 3
node 2 1 1 1
node 3 1 1 1
node 4 3 0 2
node 13 1 0 0
gene 3 1 4 1.2167 0 1 1.2167 1
gene 1 2 4 6.48537 0 2 6.48537 1
gene 1 3 4 -8 0 3 -8 1
gene 1 2 13 3.88157 0 24 3.88157 1
gene 1 13 4 -2.02345 0 25 -2.02345 1
gene 3 1 13 -0.707839 0 40 -0.707839 1
gene 3 3 13 1.34892 0 61 1.34892 1
genomeend 24

/* Organism #25 Fitness: 8.79894 Error: 1.0337 */
genomestart 25
trait 1 0.1 0 0 0 0 0 0 0 
trait 2 0.2 0 0 0 0 0 0 0 
trait 3 0.3 0 0 0 0 0 0 0 
node 1 1 1 3
node 2 1 1 1
node 3 2 1 1
node 4 3 0 2
node 13 1 0 0
gene 3 1 4 -6.20143 0 1 -6.20143 1
gene 1 2 4 8 0 2 8 1
gene 1 3 4 -2.48009 0 3 -2.48009 1
gene 1 2 13 3.97686 0 24 3.97686 1
gene 1 13 4 6.20814 0 25 6.20814 1
gene 3 1 13 -2.62234 0 40 -2.62234 1
gene 3 3 13 -6.71663 0 61 -6.71663 1
genomeend 25

/* Organism #26 Fitness: 9 Error: 1 */
genomestart 26
trait 1 0.1 0 0 0 0 0 0 0 
trait 2 0.2 0 0 0 0 0 0 0 
trait 3 0.3 0 0.119205 0 0 0.0828272 0 0.136387 
node 1 1 1 3
node 2 1 1 1
node 3 1 1 1
node 4 3 0 2
node 13 1 0 0
gene 3 1 4 -8 0 1 -8 1
gene 1 2 4 8 0 2 8 1
gene 1 3 4 -8 0 3 -8 1
gene 1 2 13 6.22947 0 24 6.22947 1
gene 1 13 4 7.9688 0 25 7.9688 1
gene 3 1 13 -2.0912 0 40 -2.0912 1
gene 3 3 13 -6.60703 0 61 -6.60703 1
genomeend 26

/* Organism #27 Fitness: 1.78345 Error: 2.66454 */
genomestart 27
trait 1 0.1 0 0 0 0 0 0 0 
trait 2 0.2 0 0 0 0 0 0 0 
trait 3 0.3 0 0.119205 0 0 0.0828272 0 0.136387 
node 1 1 1 3
node 2 1 1 1
node 3 1 1 1
node 4 3 0 2
node 13 1 0 0
gene 3 1 4 -7.21793 0 1 -7.21793 1
gene 1 2 4 8 0 2 8 1
gene 1 3 4 -6.88138 0 3 -6.88138 1
gene 1 2 13 7.26492 0 24 7.26492 1
gene 1 13 4 7.47695 0 25 7.47695 1
gene 3 1 13 0.880345 0 40 0.880345 1
gene 3 3 13 -7.66293 0 61 -7.66293 1
genomeend 27

/* Species #6 : (Size 6) (AF 7.6214) (Age 34)  */


/* Organism #28 Fitness: 8.99992 Error: 1.00001 */
genomestart 28
trait 1 0.1 0 0 0 0 0 0 0 
trait 2 0.893991 0 0 0 0 0.124058 0 0 
trait 3 0 0.533265 0 0 0.509039 0 0.310373 0 
node 1 2 1 3
node 2 2 1 1
node 3 3 1 1
node 4 3 0 2
node 9 1 0 0
node 17 1 0 0
gene 1 1 4 0.25787 0 1 0.25787 1
gene 3 2 4 4.51594 0 2 4.51594 1
gene 3 3 4 4.58217 0 3 4.58217 1
gene 3 2 9 -5.31159 0 12 -5.31159 1
gene 3 9 4 -2.51357 0 13 -2.51357 1
gene 3 9 17 3.07037 0 36 3.07037 1
gene 3 17 4 -0.219932 0 37 -0.219932 1
gene 3 3 17 1.87696 0 82 1.87696 1
gene 2 1 17 -0.0570391 0 108 -0.0570391 1
gene 2 2 17 0.0256966 0 193 0.0256966 1
gene 2 1 9 0.512116 0 232 0.512116 1
gene 1 3 9 -0.503021 0 258 -0.503021 1
genomeend 28

/* Organism #29 Fitness: 4.00144 Error: 1.99964 */
genomestart 29
trait 1 0.1 0 0 0 0 0 0 0 
trait 2 0.893991 0 0 0 0 0.124058 0 0 
trait 3 0 0.533265 0 0 0.509039 0 0.310373 0 
node 1 1 1 3
node 2 2 1 1
node 3 3 1 1
node 4 3 0 2
node 9 1 0 0
node 17 1 0 0
gene 1 1 4 0.706111 0 1 0.706111 1
gene 3 2 4 3.46488 0 2 3.46488 1
gene 3 3 4 4.58217 0 3 4.58217 1
gene 3 2 9 -0.669271 0 12 -0.669271 1
gene 3 9 4 1.93693 0 13 1.93693 1
gene 3 9 17 1.45114 0 36 1.45114 1
gene 3 17 4 -0.973434 0 37 -0.973434 1
gene 3 3 17 1.87696 0 82 1.87696 1
gene 2 1 17 0.55974 0 108 0.55974 1
gene 2 2 17 0.0260018 0 193 0.0260018 1
gene 2 1 9 0.699484 0 232 0.699484 1
gene 1 3 9 0.940275 0 258 0.940275 1
genomeend 29

/* Organism #30 Fitness: 8.99939 Error: 1.0001 */
genomestart 30
trait 1 0.1 0 0 0 0 0 0 0 
trait 2 0.893991 0 0 0 0 0.124058 0 0 
trait 3 0 0.533265 0 0 0.509039 0 0.310373 0 
node 1 2 1 3
node 2 2 1 1
node 3 3 1 1
node 4 3 0 2
node 9 1 0 0
node 17 1 0 0
gene 1 1 4 0.959643 0 1 0.959643 1
gene 3 2 4 2.62818 0 2 2.62818 1
gene 3 3 4 7.7981 0 3 7.7981 1
gene 3 2 9 -4.70275 0 12 -4.70275 1
gene 3 9 4 -3.32472 0 13 -3.32472 1
gene 3 9 17 1.91414 0 36 1.91414 1
gene 3 17 4 0.49958 0 37 0.49958 1
gene 3 3 17 0.938091 0 82 0.938091 1
gene 2 1 17 0.976089 0 108 0.976089 1
gene 2 2 17 -0.929304 0 193 -0.929304 1
gene 2 1 9 2.72127 0 232 2.72127 1
gene 1 3 9 0.161023 0 258 0.161023 1
genomeend 30

/* Organism #31 Fitness: 8.99944 Error: 1.00009 */
genomestart 31
trait 1 0.1 0 0 0 0 0 0 0 
trait 2 0.893991 0 0 0 0 0.124058 0 0 
trait 3 0 0.533265 0 0 0.509039 0 0.310373 0 
node 1 2 1 3
node 2 2 1 1
node 3 3 1 1
node 4 3 0 2
node 9 1 0 0
node 17 1 0 0
gene 1 1 4 -0.885506 0 1 -0.885506 1
gene 3 2 4 2.24849 0 2 2.24849 1
gene 3 3 4 6.48508 0 3 6.48508 1
gene 3 2 9 -3.5319 0 12 -3.5319 1
gene 3 9 4 -3.03841 0 13 -3.03841 1
gene 3 9 17 0.957957 0 36 0.957957 1
gene 3 17 4 1.24442 0 37 1.24442 1
gene 3 3 17 -0.0955325 0 82 -0.0955325 1
gene 2 1 17 0.896817 0 108 0.896817 1
gene 2 2 17 -0.280709 0 193 -0.280709 1
gene 2 1 9 0.213782 0 232 0.213782 1
gene 1 3 9 0.825068 0 258 0.825068 1
genomeend 31

/* Organism #32 Fitness: 5.72825 Error: 1.60662 */
genomestart 32
trait 1 0.1 0 0 0 0 0 0 0 
trait 2 0.893991 0 0 0 0 0.124058 0 0 
trait 3 0 0.533265 0 0 0.509039 0 0.310373 0 
node 1 2 1 3
node 2 2 1 1
node 3 3 1 1
node 4 3 0 2
node 9 1 0 0
node 17 1 0 0
gene 1 1 4 -2.31956 0 1 -2.31956 1
gene 3 2 4 4.46982 0 2 4.46982 1
gene 3 3 4 3.48225 0 3 3.48225 1
gene 3 2 9 -3.23343 0 12 -3.23343 1
gene 3 9 4 -2.06603 0 13 -2.06603 1
gene 3 9 17 2.36154 0 36 2.36154 1
gene 3 17 4 -0.670881 0 37 -0.670881 1
gene 3 3 17 0.890711 0 82 0.890711 1
gene 2 1 17 -0.680181 0 108 -0.680181 1
gene 2 2 17 -2.06276 0 193 -2.06276 1
gene 2 1 9 -0.348056 0 232 -0.348056 1
gene 1 3 9 0.161023 0 258 0.161023 1
genomeend 32

/* Organism #33 Fitness: 8.99992 Error: 1.00001 */
genomestart 33
trait 1 0.1 0 0 0 0 0 0 0 
trait 2 0.893991 0 0 0 0 0.124058 0 0 
trait 3 0 0.533265 0 0 0.509039 0 0.310373 0 
node 1 2 1 3
node 2 2 1 1
node 3 3 1 1
node 4 3 0 2
node 9 1 0 0
node 17 1 0 0
gene 1 1 4 0.25787 0 1 0.25787 1
gene 3 2 4 4.51594 0 2 4.51594 1
gene 3 3 4 4.58217 0 3 4.58217 1
gene 3 2 9 -5.31159 0 12 -5.31159 1
gene 3 9 4 -2.51357 0 13 -2.51357 1
gene 3 9 17 3.07037 0 36 3.07037 1
gene 3 17 4 -0.219932 0 37 -0.219932 1
gene 3 3 17 1.87696 0 82 1.87696 1
gene 2 1 17 -0.0570391 0 108 -0.0570391 1
gene 2 2 17 0.0256966 0 193 0.0256966 1
gene 2 1 9 0.512116 0 232 0.512116 1
gene 1 3 9 -0.503021 0 258 -0.503021 1
genomeend 33

/* Species #7 : (Size 8) (AF 7.74242) (Age 33)  */


/* Organism #34 Fitness: 9 Error: 1 */
genomestart 34
trait 1 0.1 0 0 0 0 0 0 0 
trait 2 0.2 0 0 0 0 0 0 0 
trait 3 0.3 0 0 0 0 0 0 0 
node 1 1 1 3
node 2 1 1 1
node 3 2 1 1
node 4 3 0 2
node 13 1 0 0
node 20 1 0 0
node 26 1 0 0
node 74 1 0 0
gene 3 1 4 -0.538423 0 1 -0.538423 1
gene 1 2 4 8 0 2 8 1
gene 1 3 4 -8 0 3 -8 1
gene 2 2 13 -3.2167 0 24 -3.2167 0
gene 1 13 4 5.7412 0 25 5.7412 1
gene 1 3 20 3.65345 0 44 3.65345 1
gene 1 20 4 -6.9265 0 45 -6.9265 1
gene 1 2 26 5.28328 0 65 5.28328 0
gene 1 26 13 -3.7668 0 66 -3.7668 1
gene 1 2 74 1 0 233 0 1
gene 1 74 26 5.28328 0 234 0 1
genomeend 34

/* Organism #35 Fitness: 4 Error: 2 */
genomestart 35
trait 1 0.1 0 0 0 0 0 0 0 
trait 2 0.2 0 0 0 0 0 0 0 
trait 3 0.3 0 0 0 0 0 0 0 
node 1 1 1 3
node 2 1 1 1
node 3 2 1 1
node 4 3 0 2
node 13 1 0 0
node 20 1 0 0
node 26 1 0 0
node 74 1 0 0
gene 3 1 4 -2.5576 0 1 -2.5576 1
gene 1 2 4 -0.429548 0 2 -0.429548 1
gene 1 3 4 -6.13181 0 3 -6.13181 1
gene 2 2 13 -5.17531 0 24 -5.17531 0
gene 1 13 4 5.70344 0 25 5.70344 1
gene 1 3 20 5.24957 0 44 5.24957 1
gene 1 20 4 -4.54498 0 45 -4.54498 1
gene 1 2 26 6.04067 0 65 6.04067 1
gene 1 26 13 -5.93247 0 66 -5.93247 1
gene 1 2 74 -2.37213 0 233 -2.37213 1
gene 1 74 26 5.28328 0 234 5.28328 1
genomeend 35

/* Organism #36 Fitness: 8.94842 Error: 1.00861 */
genomestart 36
trait 1 0.1 0 0 0 0 0 0 0 
trait 2 0.2 0 0 0 0 0 0 0 
trait 3 0.3 0.606159 0 0 0 0 0 0 
node 1 1 1 3
node 2 1 1 1
node 3 2 1 1
node 4 3 0 2
node 13 1 0 0
node 20 1 0 0
node 26 1 0 0
node 74 1 0 0
gene 3 1 4 0.502945 0 1 0.502945 1
gene 1 2 4 7.48859 0 2 7.48859 1
gene 1 3 4 -8 0 3 -8 1
gene 2 2 13 -2.72444 0 24 -2.72444 0
gene 1 13 4 6.04257 0 25 6.04257 1
gene 1 3 20 6.11538 0 44 6.11538 1
gene 1 20 4 -5.18671 0 45 -5.18671 1
gene 1 2 26 5.19935 0 65 5.19935 1
gene 1 26 13 -4.78131 0 66 -4.78131 1
gene 1 2 74 2.97043 0 233 2.97043 1
gene 1 74 26 -1.09935 0 234 -1.09935 1
genomeend 36

/* Organism #37 Fitness: 4 Error: 2 */
genomestart 37
trait 1 0.1 0 0 0 0 0 0 0 
trait 2 0.2 0 0 0 0 0 0 0 
trait 3 0.3 0 0 0 0 0 0 0 
node 1 1 1 3
node 2 1 1 1
node 3 2 1 1
node 4 3 0 2
node 13 1 0 0
node 20 1 0 0
node 26 1 0 0
node 74 1 0 0
gene 3 1 4 -1.11698 0 1 -1.11698 1
gene 1 2 4 2.1791 0 2 2.1791 1
gene 1 3 4 -8 0 3 -8 1
gene 2 2 13 -1.65484 0 24 -1.65484 0
gene 1 13 4 -1.30169 0 25 -1.30169 1
gene 1 3 20 3.94162 0 44 3.94162 1
gene 1 20 4 -7.76469 0 45 -7.76469 1
gene 1 2 26 1.66425 0 65 1.66425 1
gene 1 26 13 -5.7312 0 66 -5.7312 1
gene 1 2 74 2.47046 0 233 2.47046 1
gene 1 74 26 5.52499 0 234 5.52499 1
genomeend 37

/* Organism #38 Fitness: 9 Error: 1 */
genomestart 38
trait 1 0.1 0 0 0 0 0 0 0 
trait 2 0.2 0 0 0 0 0 0 0 
trait 3 0.3 0 0 0 0 0 0 0 
node 1 1 1 3
node 2 1 1 1
node 3 2 1 1
node 4 3 0 2
node 13 1 0 0
node 20 1 0 0
node 26 1 0 0
node 74 1 0 0
gene 3 1 4 -0.662786 0 1 -0.662786 1
gene 1 2 4 6.4257 0 2 6.4257 1
gene 1 3 4 -8 0 3 -8 1
gene 2 2 13 -4.18887 0 24 -4.18887 0
gene 1 13 4 6.35127 0 25 6.35127 1
gene 1 3 20 2.22991 0 44 2.22991 1
gene 1 20 4 -5.47313 0 45 -5.47313 1
gene 1 2 26 6.08592 0 65 6.08592 1
gene 1 26 13 -3.63496 0 66 -3.63496 1
gene 1 2 74 1 0 233 1 1
gene 1 74 26 5.28328 0 234 5.28328 1
genomeend 38

/* Organism #39 Fitness: 9 Error: 1 */
genomestart 39
trait 1 0.1 0 0 0 0 0 0 0 
trait 2 0.2 0 0 0 0 0 0 0 
trait 3 0.3 0 0 0 0 0 0 0 
node 1 1 1 3
node 2 1 1 1
node 3 2 1 1
node 4 3 0 2
node 13 1 0 0
node 20 1 0 0
node 26 1 0 0
node 74 1 0 0
gene 3 1 4 -1.27277 0 1 -1.27277 1
gene 1 2 4 8 0 2 8 1
gene 1 3 4 -7.25153 0 3 -7.25153 1
gene 2 2 13 -2.88123 0 24 -2.88123 0
gene 1 13 4 3.5367 0 25 3.5367 1
gene 1 3 20 4.45006 0 44 4.45006 1
gene 1 20 4 -7.33171 0 45 -7.33171 1
gene 1 2 26 5.57885 0 65 5.57885 1
gene 1 26 13 -3.09715 0 66 -3.09715 1
gene 1 2 74 -0.238975 0 233 -0.238975 1
gene 1 74 26 7.22548 0 234 7.22548 1
genomeend 39

/* Organism #40 Fitness: 9 Error: 1 */
genomestart 40
trait 1 0.1 0 0 0 0 0 0 0 
trait 2 0.2 0 0 0 0 0 0 0 
trait 3 0.3 0 0 0 0 0 0 0 
node 1 1 1 3
node 2 1 1 1
node 3 2 1 1
node 4 3 0 2
node 13 1 0 0
node 20 1 0 0
node 26 1 0 0
node 74 1 0 0
gene 3 1 4 0.0903348 0 1 0.0903348 1
gene 1 2 4 8 0 2 8 1
gene 1 3 4 -8 0 3 -8 1
gene 2 2 13 -3.46978 0 24 -3.46978 0
gene 1 13 4 7.19015 0 25 7.19015 1
gene 1 3 20 3.58692 0 44 3.58692 1
gene 1 20 4 -8 0 45 -8 1
gene 1 2 26 5.77829 0 65 5.77829 0
gene 1 26 13 -3.11721 0 66 -3.11721 1
gene 1 2 74 1.63076 0 233 1.63076 1
gene 1 74 26 5.55131 0 234 5.55131 1
genomeend 40

/* Organism #41 Fitness: 8.99093 Error: 1.00151 */
genomestart 41
trait 1 0.1 0 0 0 0 0 0 0 
trait 2 0.2 0 0 0 0 0 0 0 
trait 3 0.3 0 0 0 0 0 0 0 
node 1 1 1 3
node 2 1 1 1
node 3 2 1 1
node 4 3 0 2
node 13 1 0 0
node 20 1 0 0
node 26 1 0 0
node 74 1 0 0
gene 3 1 4 -1.60283 0 1 -1.60283 1
gene 1 2 4 6.13532 0 2 6.13532 1
gene 1 3 4 -7.14609 0 3 -7.14609 1
gene 2 2 13 -4.83716 0 24 -4.83716 0
gene 1 13 4 4.41311 0 25 4.41311 1
gene 1 3 20 6.11576 0 44 6.11576 1
gene 1 20 4 -6.42813 0 45 -6.42813 1
gene 1 2 26 3.96129 0 65 3.96129 0
gene 1 26 13 -4.74408 0 66 -4.74408 1
gene 1 2 74 3.21946 0 233 3.21946 1
gene 1 74 26 3.5129 0 234 3.5129 1
genomeend 41

/* Species #8 : (Size 7) (AF 8.28567) (Age 32)  */


/* Organism #42 Fitness: 9 Error: 1 */
genomestart 42
trait 1 0.1 0 0 0 0 0 0 0 
trait 2 0.25 0 0 0.10305 0 0 0.0888089 0 
trait 3 0.3 0 0 0 0 0 0 0 
node 1 2 1 3
node 2 2 1 1
node 3 3 1 1
node 4 3 0 2
node 11 1 0 0
node 24 1 0 0
node 44 1 0 0
node 67 1 0 0
node 104 1 0 0
gene 2 1 4 -4.85984 0 1 -4.85984 1
gene 3 2 4 -6.78491 0 2 -6.78491 1
gene 3 3 4 7.01994 0 3 7.01994 1
gene 3 2 11 5.85578 0 18 5.85578 1
gene 3 11 4 -2.2671 0 19 -2.2671 1
gene 3 2 24 -6.30596 0 58 -6.30596 1
gene 3 24 11 2.9505 0 59 2.9505 1
gene 1 3 11 -1.33375 0 85 -1.33375 1
gene 3 24 4 4.18995 0 111 4.18995 1
gene 3 24 44 1.58397 0 129 1.58397 1
gene 3 44 11 -0.555776 0 130 -0.555776 1
gene 3 44 67 1 0 214 0 1
gene 3 67 11 -0.555776 0 215 0 0
gene 3 24 67 0.953825 0 289 0.953825 1
gene 3 67 104 1 0 329 0 1
gene 3 104 11 -0.555776 0 330 0 1
genomeend 42

/* Organism #43 Fitness: 8.99971 Error: 1.00005 */
genomestart 43
trait 1 0.1 0 0 0 0 0 0 0 
trait 2 0.25 0 0 0.10305 0 0 0.0888089 0 
trait 3 0.3 0 0 0 0 0 0 0 
node 1 2 1 3
node 2 2 1 1
node 3 3 1 1
node 4 3 0 2
node 11 1 0 0
node 24 1 0 0
node 44 1 0 0
node 67 1 0 0
node 104 1 0 0
gene 2 1 4 -6.91504 0 1 -6.91504 1
gene 3 2 4 -8 0 2 -8 1
gene 3 3 4 5.07942 0 3 5.07942 1
gene 3 2 11 4.69409 0 18 4.69409 1
gene 3 11 4 -2.2671 0 19 -2.2671 1
gene 3 2 24 -5.13054 0 58 -5.13054 1
gene 3 24 11 3.77755 0 59 3.77755 1
gene 1 3 11 -1.66434 0 85 -1.66434 1
gene 3 24 4 7.71575 0 111 7.71575 1
gene 3 24 44 2.12371 0 129 2.12371 1
gene 3 44 11 -1.81455 0 130 -1.81455 1
gene 3 44 67 -0.310541 0 214 -0.310541 1
gene 3 67 11 -1.14913 0 215 -1.14913 0
gene 3 24 67 0.027665 0 289 0.027665 1
gene 3 67 104 -3.66384 0 329 -3.66384 1
gene 3 104 11 1.90493 0 330 1.90493 1
genomeend 43

/* Organism #44 Fitness: 9 Error: 1 */
genomestart 44
trait 1 0.1 0 0 0 0 0 0 0 
trait 2 0.25 0 0 0.10305 0 0 0.0888089 0 
trait 3 0.3 0 0 0 0 0 0 0 
node 1 2 1 3
node 2 2 1 1
node 3 3 1 1
node 4 3 0 2
node 11 1 0 0
node 24 1 0 0
node 44 1 0 0
node 67 1 0 0
node 104 1 0 0
gene 2 1 4 -4.85984 0 1 -4.85984 1
gene 3 2 4 -5.69978 0 2 -5.69978 1
gene 3 3 4 7.01994 0 3 7.01994 1
gene 3 2 11 5.85578 0 18 5.85578 1
gene 3 11 4 -2.2671 0 19 -2.2671 1
gene 3 2 24 -6.30596 0 58 -6.30596 1
gene 3 24 11 2.9505 0 59 2.9505 1
gene 1 3 11 -1.65492 0 85 -1.65492 1
gene 3 24 4 5.43606 0 111 5.43606 1
gene 3 24 44 1.40029 0 129 1.40029 1
gene 3 44 11 -0.172426 0 130 -0.172426 1
gene 3 44 67 1 0 214 0 1
gene 3 67 11 -0.588088 0 215 -0.3102 0
gene 3 24 67 0.953825 0 289 0.953825 1
gene 3 67 104 -0.138836 0 329 -0.638836 1
gene 3 104 11 -0.555776 0 330 0 1
genomeend 44

/* Organism #45 Fitness: 9 Error: 1 */
genomestart 45
trait 1 0.1 0 0 0 0 0 0 0 
trait 2 0.25 0 0 0.10305 0 0 0.0888089 0 
trait 3 0.3 0 0 0 0 0 0 0 
node 1 2 1 3
node 2 2 1 1
node 3 3 1 1
node 4 3 0 2
node 11 1 0 0
node 24 1 0 0
node 44 1 0 0
node 67 1 0 0
node 104 1 0 0
gene 2 1 4 -4.85984 0 1 -4.85984 1
gene 3 2 4 -5.21854 0 2 -5.21854 1
gene 3 3 4 6.4397 0 3 6.4397 1
gene 3 2 11 3.61977 0 18 3.61977 1
gene 3 11 4 -2.2671 0 19 -2.2671 1
gene 3 2 24 -8 0 58 -8 1
gene 3 24 11 4.78397 0 59 4.78397 1
gene 1 3 11 -3.65972 0 85 -3.65972 1
gene 3 24 4 7.81883 0 111 7.81883 1
gene 3 24 44 -1.99011 0 129 -1.99011 1
gene 3 44 11 1.86457 0 130 1.86457 1
gene 3 44 67 2.68897 0 214 2.68897 1
gene 3 67 11 -1.29295 0 215 -1.29295 0
gene 3 24 67 3.01787 0 289 3.01787 1
gene 3 67 104 -2.44554 0 329 -2.44554 1
gene 3 104 11 0.851661 0 330 0.851661 1
genomeend 45

/* Organism #46 Fitness: 9 Error: 1 */
genomestart 46
trait 1 0.1 0 0 0 0 0 0 0 
trait 2 0.25 0 0 0.10305 0 0 0.0888089 0 
trait 3 0.3 0 0 0 0 0 0 0 
node 1 2 1 3
node 2 2 1 1
node 3 3 1 1
node 4 3 0 2
node 11 1 0 0
node 24 1 0 0
node 44 1 0 0
node 67 1 0 0
node 104 1 0 0
gene 2 1 4 -4.85984 0 1 -4.85984 1
gene 3 2 4 -4.61466 0 2 -4.61466 1
gene 3 3 4 7.01994 0 3 7.01994 1
gene 3 2 11 5.85578 0 18 5.85578 1
gene 3 11 4 -2.2671 0 19 -2.2671 1
gene 3 2 24 -6.30596 0 58 -6.30596 1
gene 3 24 11 2.9505 0 59 2.9505 1
gene 1 3 11 -1.33375 0 85 -1.33375 1
gene 3 24 4 4.18995 0 111 4.18995 1
gene 3 24 44 1.58397 0 129 1.58397 1
gene 3 44 11 -0.555776 0 130 -0.555776 1
gene 3 44 67 1 0 214 0 1
gene 3 67 11 -0.555776 0 215 0 0
gene 3 24 67 0.953825 0 289 0.953825 1
gene 3 67 104 1 0 329 0 1
gene 3 104 11 -0.555776 0 330 0 1
genomeend 46

/* Organism #47 Fitness: 4 Error: 2 */
genomestart 47
trait 1 0.1 0 0 0 0 0 0 0 
trait 2 0.25 0 0 0.10305 0 0 0.0888089 0 
trait 3 0.3 0 0 0 0 0 0 0 
node 1 2 1 3
node 2 2 1 1
node 3 3 1 1
node 4 3 0 2
node 11 1 0 0
node 24 1 0 0
node 44 1 0 0
node 67 1 0 0
node 104 1 0 0
gene 2 1 4 -4.69108 0 1 -4.69108 1
gene 3 2 4 -4.61466 0 2 -4.61466 1
gene 3 3 4 8 0 3 8 1
gene 3 2 11 3.51013 0 18 3.51013 1
gene 3 11 4 -1.28707 0 19 -1.28707 1
gene 3 2 24 1.35723 0 58 1.35723 1
gene 3 24 11 1.23329 0 59 1.23329 1
gene 1 3 11 -1.56432 0 85 -1.56432 1
gene 3 24 4 6.06943 0 111 6.06943 1
gene 3 24 44 3.68906 0 129 3.68906 1
gene 3 44 11 -0.956069 0 130 -0.956069 1
gene 3 44 67 0.880367 0 214 0.880367 1
gene 3 67 11 0.84014 0 215 0.84014 0
gene 3 24 67 1.73083 0 289 1.73083 1
gene 3 67 104 2.31939 0 329 2.31939 1
gene 3 104 11 0.906747 0 330 0.906747 1
genomeend 47

/* Organism #48 Fitness: 9 Error: 1 */
genomestart 48
trait 1 0.1 0 0 0 0 0 0 0 
trait 2 0.25 0 0 0.10305 0 0 0.0888089 0 
trait 3 0.3 0 0 0 0 0 0 0 
node 1 2 1 3
node 2 2 1 1
node 3 3 1 1
node 4 3 0 2
node 11 1 0 0
node 24 1 0 0
node 44 1 0 0
node 67 1 0 0
node 104 1 0 0
gene 2 1 4 -4.85984 0 1 -4.85984 1
gene 3 2 4 -5.69978 0 2 -5.69978 1
gene 3 3 4 7.01994 0 3 7.01994 1
gene 3 2 11 5.85578 0 18 5.85578 1
gene 3 11 4 -2.2671 0 19 -2.2671 1
gene 3 2 24 -6.30596 0 58 -6.30596 1
gene 3 24 11 2.9505 0 59 2.9505 1
gene 1 3 11 -1.65492 0 85 -1.65492 1
gene 3 24 4 5.43606 0 111 5.43606 1
gene 3 24 44 1.40029 0 129 1.40029 1
gene 3 44 11 -0.172426 0 130 -0.172426 1
gene 3 44 67 1 0 214 0 1
gene 3 67 11 -0.588088 0 215 -0.3102 0
gene 3 24 67 0.953825 0 289 0.953825 1
gene 3 67 104 -0.138836 0 329 -0.638836 1
gene 3 104 11 -0.555776 0 330 0 1
genomeend 48

/* Species #10 : (Size 7) (AF 7.57169) (Age 31)  */


/* Organism #49 Fitness: 9 Error: 1 */
genomestart 49
trait 1 0.527503 0.293359 0.142979 0.368343 0.0534684 0 0 0 
trait 2 0.2 0 0 0 0 0 0 0 
trait 3 0.3 0 0 0 0 0 0 0 
node 1 1 1 3
node 2 1 1 1
node 3 3 1 1
node 4 3 0 2
node 13 1 0 0
node 28 1 0 0
gene 3 1 4 -2.10346 0 1 -2.10346 1
gene 1 2 4 5.42319 0 2 5.42319 0
gene 1 3 4 -6.12906 0 3 -6.12906 1
gene 1 2 13 6.10691 0 24 6.10691 1
gene 1 13 4 8 0 25 8 1
gene 3 1 13 -1.9535 0 40 -1.9535 1
gene 1 3 28 5.46138 0 72 5.46138 1
gene 1 28 4 -8 0 73 -8 1
gene 1 2 28 -1.48745 0 196 -1.48745 1
gene 3 28 13 -0.0784021 0 265 -0.0784021 1
genomeend 49

/* Organism #50 Fitness: 3.99999 Error: 2 */
genomestart 50
trait 1 0.527503 0.293359 0.142979 0.368343 0.0534684 0 0 0 
trait 2 0.2 0 0 0 0 0 0 0 
trait 3 0.3 0 0 0 0 0 0 0 
node 1 1 1 3
node 2 1 1 1
node 3 3 1 1
node 4 3 0 2
node 13 1 0 0
node 28 1 0 0
gene 3 1 4 -3.63686 0 1 -3.63686 1
gene 1 2 4 5.85007 0 2 5.85007 0
gene 1 3 4 -4.50013 0 3 -4.50013 1
gene 1 2 13 -2.42492 0 24 -2.42492 1
gene 1 13 4 8 0 25 8 1
gene 3 1 13 -1.99095 0 40 -1.99095 1
gene 1 3 28 5.46138 0 72 5.46138 1
gene 1 28 4 1.80746 0 73 1.80746 1
gene 1 2 28 -3.18359 0 196 -3.18359 1
gene 3 28 13 -2.02014 0 265 -2.02014 1
genomeend 50

/* Organism #51 Fitness: 8.99999 Error: 1 */
genomestart 51
trait 1 0.527503 0.293359 0.142979 0.368343 0.0534684 0 0 0 
trait 2 0.2 0 0 0 0 0 0 0 
trait 3 0.3 0 0 0 0 0 0 0 
node 1 1 1 3
node 2 1 1 1
node 3 3 1 1
node 4 3 0 2
node 13 1 0 0
node 28 1 0 0
node 116 1 0 0
gene 3 1 4 -2.10346 0 1 -2.10346 1
gene 1 2 4 5.42319 0 2 5.42319 0
gene 1 3 4 -6.12906 0 3 -6.12906 0
gene 1 2 13 6.10691 0 24 6.10691 1
gene 1 13 4 8 0 25 8 1
gene 3 1 13 -1.9535 0 40 -1.9535 1
gene 1 3 28 5.46138 0 72 5.46138 1
gene 1 28 4 -8 0 73 -8 1
gene 1 2 28 -1.48745 0 196 -1.48745 1
gene 3 28 13 -0.0784021 0 265 -0.0784021 1
gene 1 3 116 1 0 370 0 1
gene 1 116 4 -6.12906 0 371 0 1
genomeend 51

/* Organism #52 Fitness: 4.00186 Error: 1.99954 */
genomestart 52
trait 1 0.527503 0.293359 0.142979 0.368343 0.0534684 0 0 0 
trait 2 0.2 0 0 0 0 0 0 0 
trait 3 0.3 0 0 0 0 0 0 0 
node 1 1 1 3
node 2 1 1 1
node 3 3 1 1
node 4 3 0 2
node 13 1 0 0
node 28 1 0 0
gene 3 1 4 -1.45319 0 1 -1.45319 1
gene 1 2 4 6.01647 0 2 6.01647 0
gene 1 3 4 -6.12906 0 3 -6.12906 1
gene 1 2 13 7.59003 0 24 7.59003 1
gene 1 13 4 -0.105365 0 25 -0.105365 1
gene 3 1 13 -0.203343 0 40 -0.203343 1
gene 1 3 28 4.32678 0 72 4.32678 1
gene 1 28 4 -8 0 73 -8 1
gene 1 2 28 -3.61001 0 196 -3.61001 1
gene 3 28 13 -0.0784021 0 265 -0.0784021 1
genomeend 52

/* Organism #53 Fitness: 9 Error: 1 */
genomestart 53
trait 1 0.527503 0.293359 0.142979 0.368343 0.0534684 0 0 0 
trait 2 0.2 0 0 0 0 0 0 0 
trait 3 0.3 0 0 0 0 0 0 0 
node 1 1 1 3
node 2 1 1 1
node 3 3 1 1
node 4 3 0 2
node 13 1 0 0
node 28 1 0 0
gene 3 1 4 0.12462 0 1 0.12462 1
gene 1 2 4 7.19227 0 2 7.19227 0
gene 1 3 4 -6.06398 0 3 -6.06398 1
gene 1 2 13 4.01219 0 24 4.01219 1
gene 1 13 4 8 0 25 8 1
gene 3 1 13 -3.4383 0 40 -3.4383 1
gene 1 3 28 5.60947 0 72 5.60947 1
gene 1 28 4 -6.94543 0 73 -6.94543 1
gene 1 2 28 -0.591121 0 196 -0.591121 1
gene 3 28 13 -0.0784021 0 265 -0.0784021 1
genomeend 53

/* Organism #54 Fitness: 9 Error: 1 */
genomestart 54
trait 1 0.527503 0.293359 0.142979 0.368343 0.0534684 0 0 0 
trait 2 0.2 0 0 0 0 0 0 0 
trait 3 0.3 0 0 0 0 0 0 0 
node 1 1 1 3
node 2 1 1 1
node 3 3 1 1
node 4 3 0 2
node 13 1 0 0
node 28 1 0 0
gene 3 1 4 0.100816 0 1 0.100816 1
gene 1 2 4 3.29818 0 2 3.29818 0
gene 1 3 4 -6.68419 0 3 -6.68419 1
gene 1 2 13 7.02742 0 24 7.02742 1
gene 1 13 4 8 0 25 8 1
gene 3 1 13 -1.83433 0 40 -1.83433 1
gene 1 3 28 4.6228 0 72 4.6228 1
gene 1 28 4 -6.15912 0 73 -6.15912 1
gene 1 2 28 -1.95751 0 196 -1.95751 1
gene 3 28 13 -1.83009 0 265 -1.83009 1
genomeend 54

/* Organism #55 Fitness: 8.99999 Error: 1 */
genomestart 55
trait 1 0.527503 0.293359 0.142979 0.368343 0.0534684 0 0 0 
trait 2 0.2 0 0 0 0 0 0 0 
trait 3 0.3 0 0 0 0 0 0 0 
node 1 1 1 3
node 2 1 1 1
node 3 3 1 1
node 4 3 0 2
node 13 1 0 0
node 28 1 0 0
node 116 1 0 0
gene 3 1 4 -2.10346 0 1 -2.10346 1
gene 1 2 4 5.42319 0 2 5.42319 0
gene 1 3 4 -6.12906 0 3 -6.12906 0
gene 1 2 13 6.10691 0 24 6.10691 1
gene 1 13 4 8 0 25 8 1
gene 3 1 13 -1.9535 0 40 -1.9535 1
gene 1 3 28 5.46138 0 72 5.46138 1
gene 1 28 4 -8 0 73 -8 1
gene 1 2 28 -1.48745 0 196 -1.48745 1
gene 3 28 13 -0.0784021 0 265 -0.0784021 1
gene 1 3 116 1 0 370 0 1
gene 1 116 4 -6.12906 0 371 0 1
genomeend 55

/* Species #13 : (Size 4) (AF 4.70259) (Age 30)  */


/* Organism #56 Fitness: 3.98698 Error: 2.00326 */
genomestart 56
trait 1 0.1 0.364071 0.0782189 0 0 0 0 0 
trait 2 0.2 0 0 0 0 0 0 0 
trait 3 0.3 0 0 0 0 0 0 0 
node 1 2 1 3
node 2 2 1 1
node 3 3 1 1
node 4 3 0 2
node 9 1 0 0
node 17 1 0 0
node 30 1 0 0
gene 2 1 4 -4.07875 0 1 -4.07875 1
gene 3 2 4 2.49889 0 2 2.49889 0
gene 3 3 4 1.53958 0 3 1.53958 1
gene 3 2 9 -2.27966 0 12 -2.27966 1
gene 3 9 4 -1.90926 0 13 -1.90926 1
gene 3 9 17 -2.97205 0 36 -2.97205 1
gene 3 17 4 5.28973 0 37 5.28973 1
gene 3 3 30 -2.463 0 79 -2.463 1
gene 2 30 4 3.46754 0 80 3.46754 1
gene 1 17 30 -0.327921 0 181 -0.327921 1
gene 2 1 9 -1.7053 0 232 -1.7053 1
genomeend 56

/* Organism #57 Fitness: 8.12628 Error: 1.14934 */
genomestart 57
trait 1 0.1 0.364071 0.0782189 0 0 0 0 0 
trait 2 0.2 0 0 0 0 0 0 0 
trait 3 0.3 0 0 0 0 0 0 0 
node 1 2 1 3
node 2 2 1 1
node 3 3 1 1
node 4 3 0 2
node 9 1 0 0
node 17 1 0 0
node 30 1 0 0
gene 2 1 4 -3.58001 0 1 -3.58001 1
gene 3 2 4 2.26687 0 2 2.26687 0
gene 3 3 4 3.68381 0 3 3.68381 1
gene 3 2 9 -2.20161 0 12 -2.20161 1
gene 3 9 4 -3.35042 0 13 -3.35042 1
gene 3 9 17 -1.95044 0 36 -1.95044 1
gene 3 17 4 3.7902 0 37 3.7902 1
gene 3 3 30 1.14284 0 79 1.14284 1
gene 2 30 4 6.60988 0 80 6.60988 1
gene 1 17 30 -0.327921 0 181 -0.327921 1
gene 2 1 9 0.293283 0 232 0.293283 1
genomeend 57

/* Organism #58 Fitness: 1.01447 Error: 2.99279 */
genomestart 58
trait 1 0.1 0.364071 0.0782189 0 0 0 0 0 
trait 2 0.2 0 0 0 0 0 0 0 
trait 3 0.3 0 0 0 0 0 0 0 
node 1 2 1 3
node 2 2 1 1
node 3 3 1 1
node 4 3 0 2
node 9 1 0 0
node 17 1 0 0
node 30 1 0 0
gene 1 1 4 -4.30711 0 1 -4.30711 1
gene 3 2 4 0.975631 0 2 0.975631 0
gene 3 3 4 2.4646 0 3 2.4646 1
gene 3 2 9 -1.21685 0 12 -1.21685 1
gene 3 9 4 -1.55876 0 13 -1.55876 1
gene 3 9 17 -1.09203 0 36 -1.09203 1
gene 3 17 4 5.84631 0 37 5.84631 1
gene 3 3 30 -0.153435 0 79 -0.153435 1
gene 2 30 4 1.16007 0 80 1.16007 1
gene 1 17 30 -0.947585 0 181 -0.947585 1
gene 2 1 9 0.293283 0 232 0.293283 1
genomeend 58

/* Organism #59 Fitness: 5.68262 Error: 1.61617 */
genomestart 59
trait 1 0.1 0.364071 0.0782189 0 0 0 0 0 
trait 2 0.2 0 0 0 0 0 0 0 
trait 3 0.3 0 0 0 0 0.967956 0.368206 0.64095 
node 1 2 1 3
node 2 2 1 1
node 3 3 1 1
node 4 3 0 2
node 9 2 0 0
node 17 1 0 0
node 30 1 0 0
gene 2 1 4 -4.15703 0 1 -4.15703 1
gene 3 2 4 -1.02944 0 2 -1.02944 0
gene 3 3 4 8 0 3 8 1
gene 3 2 9 -4.29226 0 12 -4.29226 1
gene 3 9 4 -1.22336 0 13 -1.22336 1
gene 3 9 17 -4.68493 0 36 -4.68493 1
gene 3 17 4 8 0 37 8 1
gene 3 3 30 -1.32062 0 79 -1.32062 1
gene 2 30 4 3.87595 0 80 3.87595 1
gene 1 17 30 -1.68035 0 181 -1.68035 1
gene 2 1 9 0.721926 0 232 0.721926 1
genomeend 59

/* Species #15 : (Size 8) (AF 8.98561) (Age 28)  */


/* Organism #60 Fitness: 9 Error: 1 */
genomestart 60
trait 1 0.1 0 0 0 0 0 0 0 
trait 2 0.2 0 0 0 0 0 0 0 
trait 3 0.3 0 0 0 0 0 0.244697 0.954344 
node 1 2 1 3
node 2 3 1 1
node 3 3 1 1
node 4 3 0 2
node 9 1 0 0
node 17 1 0 0
gene 1 1 4 4.29725 0 1 4.29725 1
gene 3 2 4 0.596408 0 2 0.596408 1
gene 3 3 4 7.96017 0 3 7.96017 1
gene 3 2 9 -7.5715 0 12 -7.5715 1
gene 3 9 4 -1.35502 0 13 -1.35502 0
gene 3 9 17 2.51686 0 36 2.51686 1
gene 3 17 4 -8 0 37 -8 1
gene 3 2 17 -5.0325 0 74 -5.0325 1
gene 1 1 9 6.03456 0 93 6.03456 1
gene 1 3 17 1.18618 0 101 1.18618 1
gene 3 1 17 0.638752 0 332 0.638752 1
genomeend 60

/* Organism #61 Fitness: 9 Error: 1 */
genomestart 61
trait 1 0.1 0 0 0 0 0 0 0 
trait 2 0.2 0 0 0 0 0 0 0 
trait 3 0.3 0 0 0 0 0 0.244697 0.954344 
node 1 2 1 3
node 2 3 1 1
node 3 3 1 1
node 4 3 0 2
node 9 1 0 0
node 17 1 0 0
gene 1 1 4 4.29725 0 1 4.29725 1
gene 3 2 4 0.154347 0 2 0.154347 0
gene 3 3 4 7.79247 0 3 7.79247 1
gene 3 2 9 -7.53622 0 12 -7.53622 1
gene 3 9 4 -2.172 0 13 -2.172 0
gene 3 9 17 2.80133 0 36 2.80133 1
gene 3 17 4 -8 0 37 -8 1
gene 3 2 17 -3.9721 0 74 -3.9721 1
gene 1 1 9 6.03456 0 93 6.03456 1
gene 1 3 17 2.19825 0 101 2.19825 1
gene 3 1 17 0.337115 0 332 0.337115 1
genomeend 61

/* Organism #62 Fitness: 8.99992 Error: 1.00001 */
genomestart 62
trait 1 0 0 0 0 0.988891 0.876095 0.136174 0.612506 
trait 2 0.2 0 0 0 0 0 0 0 
trait 3 0.3 0 0 0 0 0 0.244697 0.954344 
node 1 2 1 3
node 2 3 1 1
node 3 3 1 1
node 4 3 0 2
node 9 1 0 0
node 17 1 0 0
gene 1 1 4 5.71323 0 1 5.71323 1
gene 3 2 4 1.84912 0 2 1.84912 0
gene 3 3 4 8 0 3 8 1
gene 3 2 9 -6.38479 0 12 -6.38479 1
gene 3 9 4 -4.46669 0 13 -4.46669 0
gene 3 9 17 2.34535 0 36 2.34535 1
gene 3 17 4 -8 0 37 -8 1
gene 3 2 17 -1.31184 0 74 -1.31184 1
gene 1 1 9 3.89468 0 93 3.89468 1
gene 1 3 17 4.7467 0 101 4.7467 1
gene 3 1 17 0.0354778 0 332 0.0354778 1
genomeend 62

/* Organism #63 Fitness: 8.88507 Error: 1.01922 */
genomestart 63
trait 1 0.1 0 0 0 0 0 0 0 
trait 2 0.2 0 0 0 0 0 0 0 
trait 3 0.3 0 0 0 0 0 0.244697 0.954344 
node 1 2 1 3
node 2 3 1 1
node 3 3 1 1
node 4 3 0 2
node 9 1 0 0
node 17 1 0 0
gene 1 1 4 2.01569 0 1 2.01569 1
gene 1 2 4 -0.888623 0 2 -0.888623 0
gene 3 3 4 5.75872 0 3 5.75872 1
gene 3 2 9 -7.4785 0 12 -7.4785 1
gene 3 9 4 -1.0609 0 13 -1.0609 0
gene 3 9 17 3.47072 0 36 3.47072 1
gene 3 17 4 -6.97526 0 37 -6.97526 1
gene 3 2 17 -4.16112 0 74 -4.16112 1
gene 1 1 9 5.35385 0 93 5.35385 1
gene 1 3 17 5.20318 0 101 5.20318 1
gene 3 1 17 -1.50937 0 332 -1.50937 1
genomeend 63

/* Organism #64 Fitness: 9 Error: 1 */
genomestart 64
trait 1 0.1 0 0 0 0 0 0 0 
trait 2 0.2 0 0 0 0 0 0 0 
trait 3 0.3 0 0 0 0 0 0.244697 0.954344 
node 1 2 1 3
node 2 3 1 1
node 3 3 1 1
node 4 3 0 2
node 9 1 0 0
node 17 1 0 0
gene 1 1 4 3.57389 0 1 3.57389 1
gene 3 2 4 2.00323 0 2 2.00323 0
gene 3 3 4 8 0 3 8 1
gene 3 2 9 -7.19048 0 12 -7.19048 1
gene 3 9 4 -0.974075 0 13 -0.974075 0
gene 3 9 17 1.11187 0 36 1.11187 1
gene 3 17 4 -8 0 37 -8 1
gene 3 2 17 -3.47842 0 74 -3.47842 1
gene 1 1 9 8 0 93 8 1
gene 1 3 17 1.18618 0 101 1.18618 1
gene 3 1 17 -0.239036 0 332 -0.239036 1
genomeend 64

/* Organism #65 Fitness: 9 Error: 1 */
genomestart 65
trait 1 0.1 0 0 0 0 0 0 0 
trait 2 0.2 0 0 0 0 0 0 0 
trait 3 0.3 0 0 0 0 0 0.244697 0.954344 
node 1 2 1 3
node 2 3 1 1
node 3 3 1 1
node 4 3 0 2
node 9 1 0 0
node 17 1 0 0
gene 1 1 4 4.29725 0 1 4.29725 1
gene 3 2 4 0.154347 0 2 0.154347 0
gene 3 3 4 7.79247 0 3 7.79247 1
gene 3 2 9 -7.53622 0 12 -7.53622 1
gene 3 9 4 -2.172 0 13 -2.172 0
gene 3 9 17 2.80133 0 36 2.80133 1
gene 3 17 4 -8 0 37 -8 1
gene 3 2 17 -3.9721 0 74 -3.9721 1
gene 1 1 9 6.03456 0 93 6.03456 1
gene 1 3 17 2.19825 0 101 2.19825 1
gene 3 1 17 0.337115 0 332 0.337115 1
genomeend 65

/* Organism #66 Fitness: 8.99999 Error: 1 */
genomestart 66
trait 1 0.1 0 0 0 0 0 0 0 
trait 2 0.2 0 0 0 0 0 0 0 
trait 3 0.3 0 0 0 0 0 0.244697 0.954344 
node 1 2 1 3
node 2 3 1 1
node 3 3 1 1
node 4 3 0 2
node 9 1 0 0
node 17 1 0 0
gene 1 1 4 2.62354 0 1 2.62354 1
gene 3 2 4 2.18291 0 2 2.18291 1
gene 3 3 4 7.58769 0 3 7.58769 1
gene 3 2 9 -8 0 12 -8 1
gene 3 9 4 -3.13723 0 13 -3.13723 0
gene 3 9 17 1.58383 0 36 1.58383 1
gene 3 17 4 -7.57488 0 37 -7.57488 1
gene 3 2 17 -6.6377 0 74 -6.6377 1
gene 1 1 9 5.0656 0 93 5.0656 1
gene 1 3 17 3.24824 0 101 3.24824 1
gene 3 1 17 0.638752 0 332 0.638752 1
genomeend 66

/* Organism #67 Fitness: 8.99991 Error: 1.00001 */
genomestart 67
trait 1 0.1 0 0 0 0 0 0 0 
trait 2 0.2 0 0 0 0 0 0 0 
trait 3 0.3 0 0 0 0 0 0.244697 0.954344 
node 1 2 1 3
node 2 3 1 1
node 3 3 1 1
node 4 3 0 2
node 9 1 0 0
node 17 1 0 0
gene 1 1 4 2.63491 0 1 2.63491 1
gene 3 2 4 2.09983 0 2 2.09983 0
gene 3 3 4 7.93141 0 3 7.93141 1
gene 3 2 9 -6.82311 0 12 -6.82311 1
gene 3 9 4 -2.91223 0 13 -2.91223 0
gene 3 9 17 2.76414 0 36 2.76414 1
gene 3 17 4 -8 0 37 -8 1
gene 3 2 17 -1.71232 0 74 -1.71232 1
gene 1 1 9 7.48259 0 93 7.48259 1
gene 1 3 17 4.17447 0 101 4.17447 1
gene 3 1 17 -1.55835 0 332 -1.55835 1
genomeend 67

/* Species #17 : (Size 8) (AF 8.95065) (Age 24)  */


/* Organism #68 Fitness: 9 Error: 1 */
genomestart 68
trait 1 0.1 0 0 0 0 0 0 0 
trait 2 0.25 0 0 0.10305 0 0 0.0888089 0 
trait 3 0.3 0.890713 0.782067 0 0 0 0 0 
node 1 2 1 3
node 2 2 1 1
node 3 3 1 1
node 4 3 0 2
node 11 1 0 0
node 24 1 0 0
node 47 1 0 0
gene 2 1 4 -3.75303 0 1 -3.75303 1
gene 3 2 4 -7.16528 0 2 -7.16528 1
gene 3 3 4 7.55441 0 3 7.55441 1
gene 3 2 11 5.29321 0 18 5.29321 1
gene 3 11 4 -5.72563 0 19 -5.72563 1
gene 1 2 24 -5.74814 0 58 -5.74814 1
gene 3 24 11 2.7531 0 59 2.7531 1
gene 1 3 11 -4.97406 0 85 -4.97406 1
gene 3 24 4 5.66683 0 111 5.66683 1
gene 1 3 47 3.47452 0 140 3.47452 1
gene 1 47 11 0.317492 0 141 0.317492 1
gene 3 24 47 -1.23498 0 176 -1.23498 1
gene 1 1 47 0.421552 0 268 0.421552 1
gene 3 47 4 0.331767 0 362 0.331767 1
genomeend 68

/* Organism #69 Fitness: 8.99998 Error: 1 */
genomestart 69
trait 1 0.1 0 0 0 0 0 0 0 
trait 2 0.25 0 0 0.10305 0 0 0.0888089 0 
trait 3 0.3 0.890713 0.782067 0 0 0 0 0 
node 1 2 1 3
node 2 2 1 1
node 3 3 1 1
node 4 3 0 2
node 11 1 0 0
node 24 1 0 0
node 47 1 0 0
gene 2 1 4 -2.97611 0 1 -2.97611 1
gene 3 2 4 -7.16528 0 2 -7.16528 1
gene 3 3 4 8 0 3 8 1
gene 3 2 11 3.07627 0 18 3.07627 1
gene 3 11 4 -4.90727 0 19 -4.90727 1
gene 1 2 24 -8 0 58 -8 1
gene 3 24 11 4.2514 0 59 4.2514 1
gene 1 3 11 -4.97406 0 85 -4.97406 1
gene 3 24 4 4.75441 0 111 4.75441 1
gene 1 3 47 4.57753 0 140 4.57753 1
gene 1 47 11 -1.40696 0 141 -1.40696 1
gene 3 24 47 -2.70575 0 176 -2.70575 1
gene 1 1 47 -1.64829 0 268 -1.64829 1
gene 3 47 4 -0.424406 0 362 -0.424406 1
genomeend 69

/* Organism #70 Fitness: 9 Error: 1 */
genomestart 70
trait 1 0.1 0 0 0 0 0 0 0 
trait 2 0.25 0 0 0.10305 0 0 0.0888089 0 
trait 3 0.3 0.890713 0.782067 0 0 0 0 0 
node 1 2 1 3
node 2 2 1 1
node 3 3 1 1
node 4 3 0 2
node 11 1 0 0
node 24 1 0 0
node 47 1 0 0
gene 2 1 4 -1.64634 0 1 -1.64634 1
gene 3 2 4 -5.29274 0 2 -5.29274 1
gene 3 3 4 8 0 3 8 1
gene 3 2 11 5.25972 0 18 5.25972 1
gene 3 11 4 -6.72251 0 19 -6.72251 1
gene 1 2 24 -3.40257 0 58 -3.40257 1
gene 3 24 11 4.28925 0 59 4.28925 1
gene 1 3 11 -3.18002 0 85 -3.18002 1
gene 3 24 4 6.23997 0 111 6.23997 1
gene 1 3 47 2.42628 0 140 2.42628 1
gene 1 47 11 -1.39948 0 141 -1.39948 1
gene 3 24 47 -0.794527 0 176 -0.794527 1
gene 1 1 47 0.421552 0 268 0.421552 1
gene 3 47 4 1.34819 0 362 1.34819 1
genomeend 70

/* Organism #71 Fitness: 9 Error: 1 */
genomestart 71
trait 1 0.1 0 0 0 0 0 0 0 
trait 2 0.25 0 0 0.10305 0 0 0.0888089 0 
trait 3 0.3 0.890713 0.782067 0 0 0 0 0 
node 1 2 1 3
node 2 2 1 1
node 3 3 1 1
node 4 3 0 2
node 11 1 0 0
node 24 1 0 0
node 47 1 0 0
gene 2 1 4 -4.44184 0 1 -4.44184 1
gene 3 2 4 -8 0 2 -8 1
gene 3 3 4 6.27828 0 3 6.27828 1
gene 3 2 11 5.9621 0 18 5.9621 1
gene 3 11 4 -5.87852 0 19 -5.87852 1
gene 1 2 24 -5.73105 0 58 -5.73105 1
gene 3 24 11 4.55026 0 59 4.55026 1
gene 1 3 11 -5.87283 0 85 -5.87283 1
gene 3 24 4 6.02634 0 111 6.02634 1
gene 1 3 47 1.71146 0 140 1.71146 1
gene 1 47 11 -0.254959 0 141 -0.254959 1
gene 3 24 47 0.664106 0 176 0.664106 1
gene 1 1 47 -1.4017 0 268 -1.4017 1
gene 3 47 4 2.3807 0 362 2.3807 1
genomeend 71

/* Organism #72 Fitness: 9 Error: 1 */
genomestart 72
trait 1 0.1 0 0 0 0 0 0 0 
trait 2 0.25 0 0 0.10305 0 0 0.0888089 0 
trait 3 0.3 0.890713 0.782067 0 0 0 0 0 
node 1 2 1 3
node 2 2 1 1
node 3 3 1 1
node 4 3 0 2
node 11 1 0 0
node 24 1 0 0
node 47 1 0 0
gene 2 1 4 -3.75303 0 1 -3.75303 1
gene 3 2 4 -7.16528 0 2 -7.16528 1
gene 3 3 4 7.55441 0 3 7.55441 1
gene 3 2 11 5.29321 0 18 5.29321 1
gene 3 11 4 -5.72563 0 19 -5.72563 1
gene 1 2 24 -5.74814 0 58 -5.74814 1
gene 3 24 11 2.7531 0 59 2.7531 1
gene 1 3 11 -4.97406 0 85 -4.97406 1
gene 3 24 4 5.66683 0 111 5.66683 1
gene 1 3 47 3.47452 0 140 3.47452 1
gene 1 47 11 0.317492 0 141 0.317492 1
gene 3 24 47 -1.23498 0 176 -1.23498 1
gene 1 1 47 0.421552 0 268 0.421552 1
gene 3 47 4 0.331767 0 362 0.331767 1
genomeend 72

/* Organism #73 Fitness: 8.6052 Error: 1.06654 */
genomestart 73
trait 1 0.1 0 0 0 0 0 0 0 
trait 2 0.25 0 0 0.10305 0 0 0.0888089 0 
trait 3 0.3 0.890713 0.782067 0 0 0 0 0 
node 1 2 1 3
node 2 2 1 1
node 3 3 1 1
node 4 3 0 2
node 11 1 0 0
node 24 1 0 0
node 47 1 0 0
gene 2 1 4 -5.976 0 1 -5.976 1
gene 3 2 4 -7.32001 0 2 -7.32001 1
gene 3 3 4 6.59544 0 3 6.59544 1
gene 3 2 11 6.65998 0 18 6.65998 1
gene 3 11 4 -5.57471 0 19 -5.57471 1
gene 1 2 24 -4.50154 0 58 -4.50154 1
gene 3 24 11 -2.0864 0 59 -2.0864 1
gene 1 3 11 -6.67989 0 85 -6.67989 1
gene 3 24 4 -0.16068 0 111 -0.16068 1
gene 1 3 47 1.53598 0 140 1.53598 1
gene 1 47 11 -0.152951 0 141 -0.152951 1
gene 3 24 47 -1.42924 0 176 -1.42924 1
gene 1 1 47 -2.07265 0 268 -2.07265 1
gene 3 47 4 -1.30677 0 362 -1.30677 1
genomeend 73

/* Organism #74 Fitness: 9 Error: 1 */
genomestart 74
trait 1 0.1 0 0 0 0 0 0 0 
trait 2 0.25 0 0 0.10305 0 0 0.0888089 0 
trait 3 0.3 0.890713 0.782067 0 0 0 0 0 
node 1 2 1 3
node 2 2 1 1
node 3 3 1 1
node 4 3 0 2
node 11 1 0 0
node 24 1 0 0
node 47 1 0 0
gene 2 1 4 -5.64358 0 1 -5.64358 1
gene 3 2 4 -7.66471 0 2 -7.66471 1
gene 3 3 4 8 0 3 8 1
gene 3 2 11 -1.99835 0 18 -1.99835 1
gene 3 11 4 -5.72563 0 19 -5.72563 1
gene 1 2 24 -1.45512 0 58 -1.45512 1
gene 3 24 11 4.46656 0 59 4.46656 1
gene 1 3 11 -4.12823 0 85 -4.12823 1
gene 3 24 4 4.85397 0 111 4.85397 1
gene 1 3 47 3.47452 0 140 3.47452 1
gene 1 47 11 0.317492 0 141 0.317492 1
gene 3 24 47 -0.485626 0 176 -0.485626 1
gene 1 1 47 0.522034 0 268 0.522034 1
gene 3 47 4 0.331767 0 362 0.331767 1
genomeend 74

/* Organism #75 Fitness: 9 Error: 1 */
genomestart 75
trait 1 0.1 0 0 0 0.359844 0.479019 0 0 
trait 2 0.25 0 0 0.10305 0 0 0.0888089 0 
trait 3 0.3 0.890713 0.782067 0 0 0 0 0 
node 1 2 1 3
node 2 2 1 1
node 3 3 1 1
node 4 3 0 2
node 11 1 0 0
node 24 1 0 0
node 47 1 0 0
gene 2 1 4 -3.11024 0 1 -3.11024 1
gene 3 2 4 -4.72265 0 2 -4.72265 1
gene 3 3 4 8 0 3 8 1
gene 3 2 11 5.48624 0 18 5.48624 1
gene 3 11 4 -4.50633 0 19 -4.50633 1
gene 1 2 24 -4.76705 0 58 -4.76705 1
gene 3 24 11 4.75694 0 59 4.75694 1
gene 1 3 11 -6.72521 0 85 -6.72521 1
gene 3 24 4 4.76242 0 111 4.76242 1
gene 1 3 47 3.25379 0 140 3.25379 1
gene 1 47 11 2.61592 0 141 2.61592 1
gene 3 24 47 -0.407247 0 176 -0.407247 1
gene 1 1 47 1.07288 0 268 1.07288 1
gene 3 47 4 0.331767 0 362 0.331767 1
genomeend 75

/* Species #18 : (Size 7) (AF 6.88014) (Age 24)  */


/* Organism #76 Fitness: 9 Error: 1 */
genomestart 76
trait 1 0.1 0 0 0 0 0 0 0 
trait 2 0.25 0 0 0.10305 0 0 0.0888089 0 
trait 3 0.3 0 0 0 0 0 0 0 
node 1 2 1 3
node 2 2 1 1
node 3 3 1 1
node 4 3 0 2
node 11 1 0 0
node 24 3 0 0
gene 2 1 4 -0.96118 0 1 -0.96118 1
gene 3 2 4 -8 0 2 -8 1
gene 3 3 4 4.47416 0 3 4.47416 1
gene 3 2 11 0.208331 0 18 0.208331 0
gene 3 11 4 0.662681 0 19 0.662681 1
gene 1 2 24 -3.46011 0 58 -3.46011 1
gene 3 24 11 -1.39362 0 59 -1.39362 1
gene 1 3 11 0.369045 0 85 0.369045 1
gene 3 24 4 -2.66634 0 111 -2.66634 1
gene 3 1 24 0.756432 0 128 0.756432 1
gene 2 3 24 -1.36512 0 206 -1.36512 1
genomeend 76

/* Organism #77 Fitness: 4.00974 Error: 1.99757 */
genomestart 77
trait 1 0.1 0 0 0 0 0 0 0 
trait 2 0.25 0 0 0.10305 0 0 0.0888089 0 
trait 3 0.3 0 0 0 0 0 0 0 
node 1 2 1 3
node 2 2 1 1
node 3 2 1 1
node 4 3 0 2
node 11 1 0 0
node 24 3 0 0
gene 2 1 4 -3.75896 0 1 -3.75896 1
gene 3 2 4 -5.11333 0 2 -5.11333 1
gene 3 3 4 5.33882 0 3 5.33882 1
gene 3 2 11 0.769642 0 18 0.769642 0
gene 3 11 4 -0.329934 0 19 -0.329934 1
gene 1 2 24 -3.62789 0 58 -3.62789 1
gene 3 24 11 -1.9454 0 59 -1.9454 1
gene 1 3 11 1.12911 0 85 1.12911 1
gene 3 24 4 -2.49612 0 111 -2.49612 1
gene 3 1 24 2.46089 0 128 2.46089 1
gene 2 3 24 -0.0896023 0 206 -0.0896023 1
gene 2 1 11 1.32858 0 359 1.32858 1
genomeend 77

/* Organism #78 Fitness: 4.20053 Error: 1.95048 */
genomestart 78
trait 1 0.1 0 0 0 0 0 0 0 
trait 2 0.25 0 0 0.10305 0 0 0.0888089 0 
trait 3 0.3 0 0 0 0 0 0 0 
node 1 2 1 3
node 2 2 1 1
node 3 3 1 1
node 4 3 0 2
node 11 1 0 0
node 24 2 0 0
gene 2 1 4 -1.34911 0 1 -1.34911 1
gene 3 2 4 0.328379 0 2 0.328379 1
gene 3 3 4 6.31088 0 3 6.31088 1
gene 3 2 11 -2.57416 0 18 -2.57416 0
gene 3 11 4 3.90176 0 19 3.90176 1
gene 1 2 24 -1.43281 0 58 -1.43281 1
gene 3 24 11 0.158238 0 59 0.158238 1
gene 1 3 11 2.27489 0 85 2.27489 1
gene 3 24 4 -2.41807 0 111 -2.41807 1
gene 3 1 24 -0.74218 0 128 -0.74218 1
gene 2 3 24 0.970565 0 206 0.970565 1
genomeend 78

/* Organism #79 Fitness: 9 Error: 1 */
genomestart 79
trait 1 0.1 0 0 0 0 0 0 0 
trait 2 0.25 0 0 0.10305 0 0 0.0888089 0 
trait 3 0.3 0 0 0 0 0 0 0 
node 1 2 1 3
node 2 2 1 1
node 3 2 1 1
node 4 3 0 2
node 11 1 0 0
node 24 3 0 0
gene 2 1 4 -3.05681 0 1 -3.05681 1
gene 3 2 4 -8 0 2 -8 1
gene 3 3 4 6.55956 0 3 6.55956 1
gene 3 2 11 -1.42334 0 18 -1.42334 0
gene 3 11 4 1.33569 0 19 1.33569 1
gene 1 2 24 -1.76641 0 58 -1.76641 1
gene 3 24 11 -4.76325 0 59 -4.76325 1
gene 1 3 11 -1.44772 0 85 -1.44772 1
gene 3 24 4 -4.41986 0 111 -4.41986 1
gene 3 1 24 0.841273 0 128 0.841273 1
gene 2 3 24 -3.50287 0 206 -3.50287 1
gene 2 1 11 0.0824 0 359 0.0824 1
genomeend 79

/* Organism #80 Fitness: 8.95069 Error: 1.00823 */
genomestart 80
trait 1 0.1 0 0 0 0 0 0 0 
trait 2 0.25 0 0 0.10305 0 0 0.0888089 0 
trait 3 0.3 0 0 0 0 0 0 0 
node 1 2 1 3
node 2 2 1 1
node 3 2 1 1
node 4 3 0 2
node 11 1 0 0
node 24 3 0 0
gene 2 1 4 -2.78176 0 1 -2.78176 1
gene 3 2 4 -8 0 2 -8 1
gene 3 3 4 6.46869 0 3 6.46869 1
gene 3 2 11 -0.0424551 0 18 -0.0424551 0
gene 3 11 4 -0.0220782 0 19 -0.0220782 1
gene 1 2 24 -4.48271 0 58 -4.48271 1
gene 3 24 11 -2.19153 0 59 -2.19153 1
gene 1 3 11 2.81579 0 85 2.81579 1
gene 3 24 4 -2.69236 0 111 -2.69236 1
gene 3 1 24 3.22378 0 128 3.22378 1
gene 2 3 24 0.716468 0 206 0.716468 1
gene 2 1 11 0.101398 0 359 0.101398 1
genomeend 80

/* Organism #81 Fitness: 4 Error: 2 */
genomestart 81
trait 1 0.1 0 0 0 0 0 0 0 
trait 2 0.25 0 0 0.10305 0 0 0.0888089 0 
trait 3 0.3 0 0 0 0 0 0 0 
node 1 2 1 3
node 2 2 1 1
node 3 2 1 1
node 4 3 0 2
node 11 1 0 0
node 24 3 0 0
gene 2 1 4 -5.07691 0 1 -5.07691 1
gene 3 2 4 -7.17821 0 2 -7.17821 1
gene 3 3 4 3.61918 0 3 3.61918 1
gene 3 2 11 -0.542348 0 18 -0.542348 0
gene 3 11 4 4.30529 0 19 4.30529 1
gene 1 2 24 -1.60688 0 58 -1.60688 1
gene 3 24 11 -1.93083 0 59 -1.93083 1
gene 1 3 11 0.140843 0 85 0.140843 1
gene 3 24 4 -4.47945 0 111 -4.47945 1
gene 3 1 24 1.16782 0 128 1.16782 1
gene 2 3 24 0.916013 0 206 0.916013 1
genomeend 81

/* Organism #82 Fitness: 8.99999 Error: 1 */
genomestart 82
trait 1 0.1 0 0 0 0 0 0 0 
trait 2 0.25 0 0 0.10305 0 0 0.0888089 0 
trait 3 0.3 0 0 0 0 0 0 0 
node 1 2 1 3
node 2 2 1 1
node 3 3 1 1
node 4 3 0 2
node 11 1 0 0
node 24 3 0 0
gene 2 1 4 -2.70196 0 1 -2.70196 1
gene 3 2 4 -8 0 2 -8 1
gene 3 3 4 5.40963 0 3 5.40963 1
gene 3 2 11 0.572493 0 18 0.572493 0
gene 3 11 4 0.904235 0 19 0.904235 1
gene 1 2 24 -2.53937 0 58 -2.53937 1
gene 3 24 11 -4.64484 0 59 -4.64484 1
gene 1 3 11 -0.844829 0 85 -0.844829 1
gene 3 24 4 -3.3717 0 111 -3.3717 1
gene 3 1 24 -0.396863 0 128 -0.396863 1
gene 2 3 24 -1.36512 0 206 -1.36512 1
genomeend 82

/* Species #20 : (Size 6) (AF 7.12237) (Age 19)  */


/* Organism #83 Fitness: 8.99996 Error: 1.00001 */
genomestart 83
trait 1 0.646922 0.364071 0.0782189 0.244392 0.233039 0 0 0 
trait 2 0.2 0 0 0 0 0 0 0 
trait 3 0.3 0 0 0 0 0 0 0 
node 1 2 1 3
node 2 2 1 1
node 3 3 1 1
node 4 3 0 2
node 9 1 0 0
node 17 1 0 0
node 30 1 0 0
gene 1 1 4 -0.830027 0 1 -0.830027 1
gene 3 2 4 5.28 0 2 5.28 0
gene 3 3 4 7.27939 0 3 7.27939 1
gene 2 2 9 -5.32912 0 12 -5.32912 1
gene 3 9 4 -1.62976 0 13 -1.62976 1
gene 3 9 17 -8 0 36 -8 1
gene 3 17 4 7.88464 0 37 7.88464 1
gene 1 3 30 6.03249 0 79 6.03249 1
gene 3 30 4 -1.52966 0 80 -1.52966 1
gene 3 3 17 -3.24923 0 180 -3.24923 1
gene 1 3 9 0.0730918 0 189 0.0730918 1
gene 1 1 17 2.4778 0 246 2.4778 1
genomeend 83

/* Organism #84 Fitness: 3.86032 Error: 2.03523 */
genomestart 84
trait 1 0.646922 0.364071 0.0782189 0.244392 0.233039 0 0 0 
trait 2 0.2 0 0 0 0 0 0 0 
trait 3 0.3 0 0 0 0 0 0 0 
node 1 2 1 3
node 2 2 1 1
node 3 3 1 1
node 4 3 0 2
node 9 1 0 0
node 17 1 0 0
node 30 1 0 0
gene 1 1 4 -3.50713 0 1 -3.50713 1
gene 3 2 4 5.14557 0 2 5.14557 0
gene 3 3 4 2.6479 0 3 2.6479 1
gene 2 2 9 -5.47485 0 12 -5.47485 1
gene 3 9 4 -7.46384 0 13 -7.46384 1
gene 3 9 17 -3.32045 0 36 -3.32045 1
gene 3 17 4 8 0 37 8 1
gene 1 3 30 3.30772 0 79 3.30772 1
gene 3 30 4 -2.42737 0 80 -2.42737 1
gene 3 3 17 -2.01491 0 180 -2.01491 1
gene 1 3 9 2.40623 0 189 2.40623 1
gene 1 1 17 2.38487 0 246 2.38487 1
genomeend 84

/* Organism #85 Fitness: 4.11995 Error: 1.97023 */
genomestart 85
trait 1 0.646922 0.364071 0.0782189 0.244392 0.233039 0 0 0 
trait 2 0.2 0 0 0 0 0 0 0 
trait 3 0.3 0 0 0 0 0 0 0 
node 1 2 1 3
node 2 2 1 1
node 3 3 1 1
node 4 3 0 2
node 9 1 0 0
node 17 1 0 0
node 30 1 0 0
gene 1 1 4 -7.01379 0 1 -7.01379 1
gene 3 2 4 4.0276 0 2 4.0276 0
gene 3 3 4 6.50262 0 3 6.50262 1
gene 2 2 9 -4.59866 0 12 -4.59866 1
gene 3 9 4 -7.77177 0 13 -7.77177 1
gene 3 9 17 -5.29309 0 36 -5.29309 1
gene 3 17 4 8 0 37 8 1
gene 1 3 30 3.50403 0 79 3.50403 1
gene 3 30 4 -3.26128 0 80 -3.26128 1
gene 3 3 17 0.147862 0 180 0.147862 1
gene 2 3 9 -2.68845 0 189 -2.68845 1
gene 1 1 17 0.981704 0 246 0.981704 1
genomeend 85

/* Organism #86 Fitness: 8.99803 Error: 1.00033 */
genomestart 86
trait 1 0.646922 0.364071 0.0782189 0.244392 0.233039 0 0 0 
trait 2 0.2 0 0 0 0 0 0 0 
trait 3 0.3 0 0 0 0 0 0 0 
node 1 2 1 3
node 2 2 1 1
node 3 3 1 1
node 4 3 0 2
node 9 1 0 0
node 17 1 0 0
node 30 1 0 0
gene 1 1 4 -5.19565 0 1 -5.19565 1
gene 3 2 4 -1.09363 0 2 -1.09363 0
gene 3 3 4 5.60644 0 3 5.60644 1
gene 2 2 9 -2.45733 0 12 -2.45733 1
gene 3 9 4 -6.12881 0 13 -6.12881 1
gene 3 9 17 -6.83847 0 36 -6.83847 1
gene 3 17 4 8 0 37 8 1
gene 1 3 30 4.57439 0 79 4.57439 1
gene 3 30 4 -2.3011 0 80 -2.3011 1
gene 3 3 17 0.437712 0 180 0.437712 1
gene 1 3 9 -1.56232 0 189 -1.56232 1
gene 1 1 17 1.17252 0 246 1.17252 1
genomeend 86

/* Organism #87 Fitness: 7.75599 Error: 1.21504 */
genomestart 87
trait 1 0.646922 0.364071 0.0782189 0.244392 0.233039 0 0 0 
trait 2 0.2 0 0 0 0 0 0 0 
trait 3 0.3 0 0 0 0 0 0 0 
node 1 2 1 3
node 2 2 1 1
node 3 3 1 1
node 4 3 0 2
node 9 1 0 0
node 17 1 0 0
node 30 1 0 0
gene 1 1 4 -0.830027 0 1 -0.830027 1
gene 3 2 4 5.28 0 2 5.28 0
gene 3 3 4 7.27939 0 3 7.27939 1
gene 2 2 9 -5.32912 0 12 -5.32912 1
gene 3 9 4 -6.02192 0 13 -6.02192 1
gene 3 9 17 -4.87278 0 36 -4.87278 1
gene 3 17 4 7.88464 0 37 7.88464 1
gene 1 3 30 3.07197 0 79 3.07197 1
gene 3 30 4 -1.52966 0 80 -1.52966 1
gene 3 3 17 -3.24923 0 180 -3.24923 1
gene 1 3 9 -2.10128 0 189 -2.10128 1
gene 1 1 17 2.4778 0 246 2.4778 1
genomeend 87

/* Organism #88 Fitness: 9 Error: 1 */
genomestart 88
trait 1 0.646922 0.364071 0.0782189 0.244392 0.233039 0 0 0 
trait 2 0.2 0 0 0 0 0 0 0 
trait 3 0.3 0 0 0 0 0 0 0 
node 1 2 1 3
node 2 2 1 1
node 3 3 1 1
node 4 3 0 2
node 9 1 0 0
node 17 1 0 0
node 30 1 0 0
node 118 1 0 0
gene 1 1 4 -0.830027 0 1 -0.830027 1
gene 3 2 4 5.28 0 2 5.28 0
gene 3 3 4 7.27939 0 3 7.27939 1
gene 2 2 9 -5.32912 0 12 -5.32912 1
gene 3 9 4 -1.62976 0 13 -1.62976 0
gene 3 9 17 -8 0 36 -8 1
gene 3 17 4 7.88464 0 37 7.88464 1
gene 1 3 30 6.03249 0 79 6.03249 1
gene 3 30 4 -1.52966 0 80 -1.52966 1
gene 3 3 17 -3.24923 0 180 -3.24923 1
gene 1 3 9 0.0730918 0 189 0.0730918 1
gene 1 1 17 2.4778 0 246 2.4778 1
gene 3 9 118 1 0 374 0 1
gene 3 118 4 -1.62976 0 375 0 1
genomeend 88

/* Species #21 : (Size 9) (AF 7.92141) (Age 15)  */


/* Organism #89 Fitness: 9 Error: 1 */
genomestart 89
trait 1 0.1 0 0 0 0 0 0 0 
trait 2 0 0 0 0 0 0.350261 0 0.353282 
trait 3 0.3 0 0 0 0 0 0 0 
node 1 1 1 3
node 2 1 1 1
node 3 1 1 1
node 4 3 0 2
node 13 1 0 0
gene 3 1 4 -4.19897 0 1 -4.19897 1
gene 1 2 4 8 0 2 8 1
gene 1 3 4 -8 0 3 -8 1
gene 1 2 13 -0.212943 0 24 -0.212943 0
gene 1 13 4 3.94147 0 25 3.94147 1
genomeend 89

/* Organism #90 Fitness: 8.96084 Error: 1.00653 */
genomestart 90
trait 1 0.1 0 0 0 0 0 0 0 
trait 2 0 0 0 0 0 0.350261 0 0.353282 
trait 3 0.3 0 0 0 0 0 0 0 
node 1 1 1 3
node 2 1 1 1
node 3 1 1 1
node 4 3 0 2
node 13 1 0 0
gene 3 1 4 -2.5943 0 1 -2.5943 1
gene 1 2 4 8 0 2 8 1
gene 1 3 4 -6.42608 0 3 -6.42608 1
gene 1 2 13 1.57704 0 24 1.57704 0
gene 1 13 4 2.82357 0 25 2.82357 1
genomeend 90

/* Organism #91 Fitness: 9 Error: 1 */
genomestart 91
trait 1 0.1 0 0 0 0 0 0 0 
trait 2 0 0 0 0 0 0.350261 0 0.353282 
trait 3 0.3 0 0 0 0 0 0 0 
node 1 1 1 3
node 2 1 1 1
node 3 1 1 1
node 4 3 0 2
node 13 1 0 0
gene 3 1 4 -4.19897 0 1 -4.19897 1
gene 1 2 4 8 0 2 8 1
gene 1 3 4 -8 0 3 -8 1
gene 1 2 13 -0.212943 0 24 -0.212943 0
gene 1 13 4 3.94147 0 25 3.94147 1
genomeend 91

/* Organism #92 Fitness: 7.25023 Error: 1.30737 */
genomestart 92
trait 1 0.1 0 0 0 0 0 0 0 
trait 2 0 0 0 0 0 0.350261 0 0.353282 
trait 3 0.3 0 0 0 0 0 0 0 
node 1 1 1 3
node 2 1 1 1
node 3 1 1 1
node 4 3 0 2
node 13 1 0 0
gene 3 1 4 -6.67127 0 1 -6.67127 1
gene 1 2 4 6.83625 0 2 6.83625 1
gene 1 3 4 -8 0 3 -8 1
gene 1 2 13 -1.19892 0 24 -1.19892 0
gene 1 13 4 1.79189 0 25 1.79189 1
genomeend 92

/* Organism #93 Fitness: 1.09136 Error: 2.95532 */
genomestart 93
trait 1 0.1 0 0 0 0 0 0 0 
trait 2 0 0 0 0 0 0.350261 0 0.353282 
trait 3 0.3 0 0 0 0 0 0 0 
node 1 1 1 3
node 2 1 1 1
node 3 1 1 1
node 4 3 0 2
node 13 1 0 0
gene 3 1 4 0.913114 0 1 0.913114 1
gene 1 2 4 -1.59902 0 2 -1.59902 1
gene 1 3 4 2.17597 0 3 2.17597 1
gene 1 2 13 0.703986 0 24 0.703986 0
gene 1 13 4 3.90263 0 25 3.90263 1
genomeend 93

/* Organism #94 Fitness: 9 Error: 1 */
genomestart 94
trait 1 0.1 0 0 0 0 0 0 0 
trait 2 0 0 0 0 0 0.350261 0 0.353282 
trait 3 0.3 0 0 0 0 0 0 0 
node 1 1 1 3
node 2 1 1 1
node 3 1 1 1
node 4 3 0 2
node 13 1 0 0
gene 3 1 4 -4.19897 0 1 -4.19897 1
gene 1 2 4 8 0 2 8 1
gene 1 3 4 -7.36384 0 3 -7.36384 1
gene 1 2 13 1.7719 0 24 1.7719 0
gene 1 13 4 1.74924 0 25 1.74924 1
genomeend 94

/* Organism #95 Fitness: 9 Error: 1 */
genomestart 95
trait 1 0.1 0 0 0 0 0 0 0 
trait 2 0 0 0 0 0 0.350261 0 0.353282 
trait 3 0.3 0 0 0 0 0 0 0 
node 1 1 1 3
node 2 1 1 1
node 3 1 1 1
node 4 3 0 2
node 13 1 0 0
gene 3 1 4 -5.14039 0 1 -5.14039 1
gene 1 2 4 8 0 2 8 1
gene 1 3 4 -8 0 3 -8 1
gene 1 2 13 -1.57117 0 24 -1.57117 0
gene 1 13 4 4.03859 0 25 4.03859 1
genomeend 95

/* Organism #96 Fitness: 8.99996 Error: 1.00001 */
genomestart 96
trait 1 0.1 0 0 0 0 0 0 0.587817 
trait 2 0 0 0 0 0 0.350261 0 0.353282 
trait 3 0.3 0 0 0 0 0 0 0 
node 1 1 1 3
node 2 1 1 1
node 3 1 1 1
node 4 3 0 2
node 13 1 0 0
gene 3 1 4 -5.59328 0 1 -5.59328 1
gene 1 2 4 8 0 2 8 1
gene 1 3 4 -8 0 3 -8 1
gene 1 2 13 1.13002 0 24 1.13002 0
gene 1 13 4 1.44162 0 25 1.44162 1
genomeend 96

/* Organism #97 Fitness: 8.99028 Error: 1.00162 */
genomestart 97
trait 1 0.1 0 0 0 0 0 0 0 
trait 2 0 0 0 0 0 0.350261 0 0.353282 
trait 3 0.3 0 0 0 0 0 0 0 
node 1 1 1 3
node 2 1 1 1
node 3 1 1 1
node 4 3 0 2
node 13 1 0 0
gene 3 1 4 -2.9104 0 1 -2.9104 1
gene 1 2 4 8 0 2 8 1
gene 1 3 4 -6.39404 0 3 -6.39404 1
gene 1 2 13 0.325632 0 24 0.325632 0
gene 1 13 4 4.90295 0 25 4.90295 1
genomeend 97

/* Species #22 : (Size 7) (AF 8.18764) (Age 15)  */


/* Organism #98 Fitness: 9 Error: 1 */
genomestart 98
trait 1 0.05 0.494629 0 0 0 0.444288 0 0 
trait 2 0.405065 0 0 0.10305 0.19715 0 0.0888089 0 
trait 3 0.3 0 0 0 0 0 0 0 
node 1 2 1 3
node 2 2 1 1
node 3 3 1 1
node 4 1 0 2
node 11 1 0 0
node 24 1 0 0
node 44 1 0 0
node 70 1 0 0
gene 2 1 4 -4.91333 0 1 -4.91333 1
gene 3 2 4 -8 0 2 -8 1
gene 3 3 4 8 0 3 8 1
gene 3 2 11 2.12493 0 18 2.12493 1
gene 3 11 4 1.89043 0 19 1.89043 0
gene 3 2 24 -3.9977 0 58 -3.9977 1
gene 3 24 11 2.57771 0 59 2.57771 1
gene 1 3 11 -5.20331 0 85 -5.20331 1
gene 3 24 4 8 0 111 8 1
gene 3 24 44 4.99609 0 129 4.99609 1
gene 3 44 11 1.13213 0 130 1.13213 1
gene 3 11 70 1.99307 0 224 1.99307 1
gene 3 70 4 -5.57095 0 225 -5.57095 1
gene 2 3 24 1.84344 0 310 1.84344 1
genomeend 98

/* Organism #99 Fitness: 9 Error: 1 */
genomestart 99
trait 1 0.05 0.494629 0 0 0 0.444288 0 0 
trait 2 0.405065 0 0 0.10305 0.19715 0 0.0888089 0 
trait 3 0.3 0 0 0 0 0 0 0 
node 1 2 1 3
node 2 2 1 1
node 3 3 1 1
node 4 1 0 2
node 11 1 0 0
node 24 1 0 0
node 44 1 0 0
node 70 1 0 0
gene 2 1 4 -4.91333 0 1 -4.91333 1
gene 3 2 4 -8 0 2 -8 1
gene 3 3 4 8 0 3 8 1
gene 3 2 11 2.12493 0 18 2.12493 1
gene 3 11 4 1.89043 0 19 1.89043 0
gene 3 2 24 -3.9977 0 58 -3.9977 1
gene 3 24 11 2.57771 0 59 2.57771 1
gene 1 3 11 -5.20331 0 85 -5.20331 1
gene 3 24 4 8 0 111 8 1
gene 3 24 44 4.99609 0 129 4.99609 1
gene 3 44 11 1.13213 0 130 1.13213 1
gene 3 11 70 1.99307 0 224 1.99307 1
gene 3 70 4 -5.57095 0 225 -5.57095 1
gene 2 3 24 1.84344 0 310 1.84344 1
genomeend 99

/* Organism #100 Fitness: 9 Error: 1 */
genomestart 100
trait 1 0.05 0.494629 0 0 0 0.444288 0 0 
trait 2 0.405065 0 0 0.10305 0.19715 0 0.0888089 0 
trait 3 0.3 0 0 0 0 0 0 0 
node 1 2 1 3
node 2 2 1 1
node 3 3 1 1
node 4 1 0 2
node 11 1 0 0
node 24 1 0 0
node 44 1 0 0
node 70 1 0 0
gene 2 1 4 -5.80996 0 1 -5.80996 1
gene 3 2 4 -8 0 2 -8 1
gene 3 3 4 5.91963 0 3 5.91963 1
gene 3 2 11 2.669 0 18 2.669 1
gene 3 11 4 2.54574 0 19 2.54574 0
gene 3 2 24 -3.19765 0 58 -3.19765 1
gene 3 24 11 3.65097 0 59 3.65097 1
gene 1 3 11 -6.20553 0 85 -6.20553 1
gene 3 24 4 8 0 111 8 1
gene 3 24 44 2.89436 0 129 2.89436 1
gene 3 44 11 1.76592 0 130 1.76592 1
gene 3 11 70 0.466308 0 224 0.466308 1
gene 3 70 4 -4.48015 0 225 -4.48015 1
gene 2 3 24 4.27676 0 310 4.27676 1
gene 2 3 44 -0.63155 0 366 -0.63155 1
genomeend 100

/* Organism #101 Fitness: 8.99836 Error: 1.00027 */
genomestart 101
trait 1 0.05 0.494629 0 0 0 0.444288 0 0 
trait 2 0.405065 0 0 0.10305 0.19715 0 0.0888089 0 
trait 3 0.3 0 0 0 0 0 0 0 
node 1 2 1 3
node 2 2 1 1
node 3 3 1 1
node 4 1 0 2
node 11 1 0 0
node 24 1 0 0
node 44 1 0 0
node 70 1 0 0
gene 2 1 4 -3.60744 0 1 -3.60744 1
gene 3 2 4 -8 0 2 -8 1
gene 3 3 4 8 0 3 8 1
gene 3 2 11 1.95746 0 18 1.95746 1
gene 3 11 4 0.572108 0 19 0.572108 0
gene 3 2 24 -3.8741 0 58 -3.8741 1
gene 3 24 11 2.59099 0 59 2.59099 1
gene 1 3 11 -4.97976 0 85 -4.97976 1
gene 3 24 4 8 0 111 8 1
gene 3 24 44 6.72344 0 129 6.72344 1
gene 3 44 11 1.04439 0 130 1.04439 1
gene 3 11 70 3.03131 0 224 3.03131 1
gene 3 70 4 -5.57095 0 225 -5.57095 1
gene 2 3 24 -0.995895 0 310 -0.995895 1
genomeend 101

/* Organism #102 Fitness: 8.31502 Error: 1.11642 */
genomestart 102
trait 1 0.05 0.494629 0 0 0 0.444288 0 0 
trait 2 0.405065 0 0 0.10305 0.19715 0 0.0888089 0 
trait 3 0.3 0 0 0 0 0 0 0 
node 1 2 1 3
node 2 2 1 1
node 3 3 1 1
node 4 1 0 2
node 11 1 0 0
node 24 1 0 0
node 44 1 0 0
node 70 1 0 0
gene 2 1 4 -1.00215 0 1 -1.00215 1
gene 3 2 4 -8 0 2 -8 1
gene 3 3 4 8 0 3 8 1
gene 3 2 11 1.3963 0 18 1.3963 1
gene 3 11 4 2.18776 0 19 2.18776 0
gene 3 2 24 -4.16051 0 58 -4.16051 1
gene 3 24 11 4.22419 0 59 4.22419 1
gene 1 3 11 -2.74168 0 85 -2.74168 1
gene 3 24 4 5.55585 0 111 5.55585 1
gene 3 24 44 4.11655 0 129 4.11655 1
gene 3 44 11 1.13213 0 130 1.13213 1
gene 3 11 70 1.95172 0 224 1.95172 1
gene 3 70 4 -2.18757 0 225 -2.18757 1
gene 2 3 24 1.34286 0 310 1.34286 1
gene 2 3 44 -2.29321 0 366 -2.29321 1
genomeend 102

/* Organism #103 Fitness: 4.00011 Error: 1.99997 */
genomestart 103
trait 1 0.05 0.494629 0 0 0 0.444288 0 0 
trait 2 0.405065 0 0 0.10305 0.19715 0 0.0888089 0 
trait 3 0.3 0 0 0 0 0 0 0 
node 1 2 1 3
node 2 2 1 1
node 3 3 1 1
node 4 1 0 2
node 11 1 0 0
node 24 1 0 0
node 44 1 0 0
node 70 1 0 0
gene 2 1 4 -4.06522 0 1 -4.06522 1
gene 3 2 4 -7.79987 0 2 -7.79987 1
gene 3 3 4 8 0 3 8 1
gene 3 2 11 1.58437 0 18 1.58437 1
gene 3 11 4 1.99652 0 19 1.99652 0
gene 3 2 24 -3.99594 0 58 -3.99594 1
gene 3 24 11 4.36068 0 59 4.36068 1
gene 1 3 11 -3.80098 0 85 -3.80098 1
gene 3 24 4 -0.567034 0 111 -0.567034 1
gene 3 24 44 3.52388 0 129 3.52388 1
gene 3 44 11 2.40967 0 130 2.40967 1
gene 3 11 70 0.861064 0 224 0.861064 1
gene 3 70 4 -5.57095 0 225 -5.57095 1
gene 2 3 24 2.92524 0 310 2.92524 1
genomeend 103

/* Organism #104 Fitness: 9 Error: 1 */
genomestart 104
trait 1 0.05 0.494629 0 0 0 0.444288 0 0 
trait 2 0.405065 0 0 0.10305 0.19715 0 0.0888089 0 
trait 3 0.3 0 0 0 0 0 0 0 
node 1 2 1 3
node 2 2 1 1
node 3 3 1 1
node 4 1 0 2
node 11 1 0 0
node 24 1 0 0
node 44 1 0 0
node 70 1 0 0
gene 2 1 4 -4.91333 0 1 -4.91333 1
gene 3 2 4 -8 0 2 -8 1
gene 3 3 4 8 0 3 8 1
gene 3 2 11 2.12493 0 18 2.12493 1
gene 3 11 4 1.89043 0 19 1.89043 0
gene 3 2 24 -3.9977 0 58 -3.9977 1
gene 3 24 11 2.57771 0 59 2.57771 1
gene 1 3 11 -5.20331 0 85 -5.20331 1
gene 3 24 4 8 0 111 8 1
gene 3 24 44 4.99609 0 129 4.99609 1
gene 3 44 11 1.13213 0 130 1.13213 1
gene 3 11 70 1.99307 0 224 1.99307 1
gene 3 70 4 -5.57095 0 225 -5.57095 1
gene 2 3 24 1.84344 0 310 1.84344 1
genomeend 104

/* Species #23 : (Size 4) (AF 6.10018) (Age 13)  */


/* Organism #105 Fitness: 4.26779 Error: 1.93414 */
genomestart 105
trait 1 0.1 0 0 0 0 0 0 0 
trait 2 0.2 0 0 0 0 0 0 0 
trait 3 0.3 0 0 0 0 0 0 0 
node 1 1 1 3
node 2 1 1 1
node 3 2 1 1
node 4 3 0 2
node 13 2 0 0
node 20 2 0 0
node 26 1 0 0
node 76 1 0 0
node 105 1 0 0
gene 3 1 4 -2.28515 0 1 -2.28515 1
gene 1 2 4 3.37535 0 2 3.37535 1
gene 1 3 4 -6.0858 0 3 -6.0858 0
gene 2 2 13 -4.13038 0 24 -4.13038 0
gene 1 13 4 3.12653 0 25 3.12653 1
gene 1 3 20 4.99016 0 44 4.99016 1
gene 1 20 4 -2.2052 0 45 -2.2052 1
gene 1 2 26 -2.42042 0 65 -2.42042 1
gene 1 26 13 -1.79281 0 66 -1.79281 1
gene 1 3 76 -1.2289 0 240 -1.2289 0
gene 1 76 4 1.19549 0 241 1.19549 1
gene 1 20 13 -0.105106 0 272 -0.105106 1
gene 1 3 105 -0.47618 0 334 -0.47618 1
gene 1 105 76 -0.883663 0 335 -0.883663 1
gene 3 76 20 -0.706046 0 367 -0.706046 1
genomeend 105

/* Organism #106 Fitness: 3.99 Error: 2.0025 */
genomestart 106
trait 1 0.1 0 0 0 0 0 0 0 
trait 2 0.2 0 0 0 0 0 0 0 
trait 3 0.3 0 0 0 0 0 0 0 
node 1 1 1 3
node 2 1 1 1
node 3 2 1 1
node 4 3 0 2
node 13 1 0 0
node 20 2 0 0
node 26 1 0 0
node 76 1 0 0
node 105 1 0 0
gene 3 1 4 -2.64023 0 1 -2.64023 1
gene 1 2 4 3.84442 0 2 3.84442 1
gene 1 3 4 -6.59447 0 3 -6.59447 0
gene 2 2 13 0.192495 0 24 0.192495 0
gene 1 13 4 5.06674 0 25 5.06674 1
gene 1 3 20 2.0323 0 44 2.0323 1
gene 1 20 4 -1.24577 0 45 -1.24577 1
gene 1 2 26 1.87193 0 65 1.87193 1
gene 1 26 13 -1.64631 0 66 -1.64631 1
gene 1 3 76 -0.509278 0 240 -0.509278 0
gene 1 76 4 1.40408 0 241 1.40408 1
gene 1 20 13 3.85543 0 272 3.85543 1
gene 1 3 105 0.416639 0 334 0.416639 1
gene 1 105 76 -0.883663 0 335 -0.883663 1
gene 3 76 20 -0.909604 0 367 -0.909604 1
genomeend 106

/* Organism #107 Fitness: 12.1429 Error: 0.515329 */
/* ##------$ WINNER 107 SPECIES #23 $------## */
genomestart 107
trait 1 0.1 0 0 0 0 0 0 0 
trait 2 0.2 0 0 0 0 0 0 0 
trait 3 0.3 0 0 0 0 0 0 0 
node 1 1 1 3
node 2 1 1 1
node 3 2 1 1
node 4 3 0 2
node 13 1 0 0
node 20 2 0 0
node 26 1 0 0
node 76 1 0 0
node 105 1 0 0
gene 3 1 4 -0.541017 0 1 -0.541017 1
gene 1 2 4 0.792718 0 2 0.792718 1
gene 1 3 4 -7.41397 0 3 -7.41397 0
gene 2 2 13 -0.178762 0 24 -0.178762 0
gene 1 13 4 4.49826 0 25 4.49826 1
gene 1 3 20 2.07297 0 44 2.07297 1
gene 1 20 4 -2.00767 0 45 -2.00767 1
gene 1 2 26 1.94784 0 65 1.94784 1
gene 1 26 13 -3.00476 0 66 -3.00476 1
gene 1 3 76 1.4243 0 240 1.4243 0
gene 1 76 4 0.167623 0 241 0.167623 1
gene 1 20 13 1.80436 0 272 1.80436 1
gene 1 3 105 2.50777 0 334 2.50777 1
gene 1 105 76 -0.196158 0 335 -0.196158 1
gene 3 76 20 -0.909604 0 367 -0.909604 1
genomeend 107

/* Organism #108 Fitness: 4 Error: 2 */
genomestart 108
trait 1 0.1 0 0 0 0 0 0 0 
trait 2 0.2 0 0 0 0 0 0 0 
trait 3 0.3 0 0 0 0 0 0 0 
node 1 1 1 3
node 2 1 1 1
node 3 2 1 1
node 4 3 0 2
node 13 1 0 0
node 20 2 0 0
node 26 1 0 0
node 76 1 0 0
node 105 1 0 0
gene 3 1 4 -4.8954 0 1 -4.8954 1
gene 1 2 4 2.52617 0 2 2.52617 1
gene 1 3 4 -8 0 3 -8 0
gene 2 2 13 -0.176168 0 24 -0.176168 0
gene 1 13 4 3.58385 0 25 3.58385 1
gene 1 3 20 4.14846 0 44 4.14846 1
gene 1 20 4 -1.58598 0 45 -1.58598 1
gene 1 2 26 3.71685 0 65 3.71685 1
gene 1 26 13 -1.54491 0 66 -1.54491 1
gene 1 3 76 -0.431913 0 240 -0.431913 0
gene 1 76 4 -2.62734 0 241 -2.62734 1
gene 1 20 13 -0.371532 0 272 -0.371532 1
gene 1 3 105 1.36821 0 334 1.36821 1
gene 1 105 76 0.638829 0 335 0.638829 1
gene 2 76 20 -2.40417 0 367 -2.40417 1
genomeend 108

/* Species #24 : (Size 6) (AF 7.44469) (Age 12)  */


/* Organism #109 Fitness: 8.99911 Error: 1.00015 */
genomestart 109
trait 1 0.1 0.675558 0 1 0 0 0 0 
trait 2 0.2 0 0 0.0101016 0.41142 0 0 0.157994 
trait 3 0.3 0 0 0 0 0 0 0 
node 1 1 1 3
node 2 1 1 1
node 3 2 1 1
node 4 3 0 2
node 13 1 0 0
node 20 1 0 0
node 26 1 0 0
gene 3 1 4 -1.06155 0 1 -1.06155 1
gene 1 2 4 -4.96902 0 2 -4.96902 1
gene 1 3 4 2.10528 0 3 2.10528 1
gene 2 2 13 1.37402 0 24 1.37402 1
gene 1 13 4 1.68386 0 25 1.68386 1
gene 1 3 20 -4.64755 0 44 -4.64755 1
gene 1 20 4 -4.84117 0 45 -4.84117 1
gene 1 2 26 0.47029 0 65 0.47029 1
gene 1 26 13 1.83302 0 66 1.83302 1
genomeend 109

/* Organism #110 Fitness: 8.52859 Error: 1.07963 */
genomestart 110
trait 1 0.1 0.675558 0 1 0 0 0 0 
trait 2 0.2 0 0 0.0101016 0.41142 0 0 0.157994 
trait 3 0.3 0 0 0 0 0 0 0 
node 1 1 1 3
node 2 1 1 1
node 3 2 1 1
node 4 3 0 2
node 13 1 0 0
node 20 1 0 0
node 26 1 0 0
gene 3 1 4 -3.63701 0 1 -3.63701 1
gene 1 2 4 -4.24581 0 2 -4.24581 1
gene 1 3 4 4.15124 0 3 4.15124 1
gene 2 2 13 -0.526215 0 24 -0.526215 1
gene 1 13 4 -0.0521867 0 25 -0.0521867 1
gene 1 3 20 -4.87045 0 44 -4.87045 1
gene 1 20 4 -6.96331 0 45 -6.96331 1
gene 1 2 26 0.270699 0 65 0.270699 1
gene 1 26 13 -0.287675 0 66 -0.287675 1
genomeend 110

/* Organism #111 Fitness: 8.91262 Error: 1.0146 */
genomestart 111
trait 1 0.1 0.675558 0 1 0 0 0 0 
trait 2 0.2 0 0 0.0101016 0.41142 0 0 0.157994 
trait 3 0.3 0 0 0 0 0 0 0 
node 1 1 1 3
node 2 1 1 1
node 3 2 1 1
node 4 3 0 2
node 13 1 0 0
node 20 1 0 0
node 26 1 0 0
gene 3 1 4 -0.770402 0 1 -0.770402 1
gene 1 2 4 -4.37529 0 2 -4.37529 1
gene 1 3 4 1.44845 0 3 1.44845 1
gene 2 2 13 0.641346 0 24 0.641346 1
gene 1 13 4 1.93815 0 25 1.93815 1
gene 1 3 20 -5.1669 0 44 -5.1669 1
gene 1 20 4 -4.04509 0 45 -4.04509 1
gene 1 2 26 2.15094 0 65 2.15094 1
gene 1 26 13 2.61643 0 66 2.61643 1
genomeend 111

/* Organism #112 Fitness: 4.14732 Error: 1.9635 */
genomestart 112
trait 1 0.1 0.675558 0 1 0.167638 0 0 0.535508 
trait 2 0.2 0 0 0.0101016 0.41142 0 0 0.157994 
trait 3 0.3 0 0 0 0 0 0 0 
node 1 1 1 3
node 2 1 1 1
node 3 2 1 1
node 4 3 0 2
node 13 1 0 0
node 20 1 0 0
node 26 1 0 0
gene 3 1 4 -0.629406 0 1 -0.629406 1
gene 1 2 4 -2.74476 0 2 -2.74476 1
gene 1 3 4 -0.150571 0 3 -0.150571 1
gene 2 2 13 2.48604 0 24 2.48604 1
gene 1 13 4 2.40265 0 25 2.40265 1
gene 1 3 20 -4.82059 0 44 -4.82059 1
gene 1 20 4 -8 0 45 -8 1
gene 1 2 26 0.476241 0 65 0.476241 1
gene 1 26 13 -1.14002 0 66 -1.14002 1
genomeend 112

/* Organism #113 Fitness: 5.79238 Error: 1.59326 */
genomestart 113
trait 1 0.1 0.675558 0 1 0 0 0 0 
trait 2 0.2 0 0 0.0101016 0.41142 0 0 0.157994 
trait 3 0.3 0 0 0 0 0 0 0 
node 1 1 1 3
node 2 1 1 1
node 3 2 1 1
node 4 3 0 2
node 13 1 0 0
node 20 1 0 0
node 26 1 0 0
gene 3 1 4 -1.05094 0 1 -1.05094 1
gene 1 2 4 -3.90187 0 2 -3.90187 1
gene 1 3 4 0.142865 0 3 0.142865 1
gene 2 2 13 -0.374081 0 24 -0.374081 1
gene 1 13 4 0.951491 0 25 0.951491 1
gene 1 3 20 -2.34348 0 44 -2.34348 1
gene 1 20 4 -8 0 45 -8 1
gene 1 2 26 -1.80044 0 65 -1.80044 1
gene 1 26 13 0.786233 0 66 0.786233 1
genomeend 113

/* Organism #114 Fitness: 8.28814 Error: 1.12109 */
genomestart 114
trait 1 0.1 0.675558 0 1 0 0 0 0 
trait 2 0.2 0 0 0.0101016 0.41142 0 0 0.157994 
trait 3 0.3 0 0 0 0 0 0 0 
node 1 1 1 3
node 2 1 1 1
node 3 2 1 1
node 4 3 0 2
node 13 1 0 0
node 20 1 0 0
node 26 1 0 0
gene 3 1 4 -2.06011 0 1 -2.06011 1
gene 1 2 4 -6.70309 0 2 -6.70309 1
gene 1 3 4 2.05309 0 3 2.05309 1
gene 2 2 13 1.75642 0 24 1.75642 1
gene 1 13 4 1.742 0 25 1.742 1
gene 1 3 20 -3.1481 0 44 -3.1481 1
gene 1 20 4 -6.9397 0 45 -6.9397 1
gene 1 2 26 0.47029 0 65 0.47029 1
gene 1 26 13 -0.479141 0 66 -0.479141 1
genomeend 114

/* Species #25 : (Size 4) (AF 4.04933) (Age 9)  */


/* Organism #115 Fitness: 3.82782 Error: 2.04352 */
genomestart 115
trait 1 0.1 0 0 0 0 0 0 0 
trait 2 0.0546875 0 0.438799 0.10305 0.552099 0 0.0888089 0.654574 
trait 3 0.3 0 0 0.299581 0 0 0 0 
node 1 2 1 3
node 2 2 1 1
node 3 3 1 1
node 4 3 0 2
node 11 1 0 0
node 83 1 0 0
gene 3 1 4 -0.032197 0 1 -0.032197 1
gene 3 2 4 -0.255745 0 2 -0.255745 1
gene 3 3 4 3.01619 0 3 3.01619 1
gene 3 2 11 -4.79713 0 18 -4.79713 0
gene 3 11 4 -0.350505 0 19 -0.350505 1
gene 3 2 83 -1.80972 0 262 -1.80972 1
gene 3 83 11 1.54835 0 263 1.54835 1
genomeend 115

/* Organism #116 Fitness: 3.99322 Error: 2.0017 */
genomestart 116
trait 1 0.1 0 0 0 0 0 0 0 
trait 2 0.0546875 0 0.438799 0.10305 0.552099 0 0.0888089 0.654574 
trait 3 0.3 0 0 0.299581 0 0 0 0 
node 1 2 1 3
node 2 2 1 1
node 3 3 1 1
node 4 3 0 2
node 11 1 0 0
node 83 1 0 0
gene 3 1 4 -1.25408 0 1 -1.25408 1
gene 3 2 4 -1.0387 0 2 -1.0387 1
gene 3 3 4 -0.354501 0 3 -0.354501 1
gene 3 2 11 -4.26084 0 18 -4.26084 0
gene 3 11 4 -0.636845 0 19 -0.636845 1
gene 3 2 83 -5.053 0 262 -5.053 1
gene 3 83 11 -2.37572 0 263 -2.37572 1
genomeend 116

/* Organism #117 Fitness: 3.87484 Error: 2.03154 */
genomestart 117
trait 1 0.1 0 0 0 0 0 0 0 
trait 2 0.0546875 0 0.438799 0.10305 0.552099 0 0.0888089 0.654574 
trait 3 0.3 0 0 0.299581 0 0 0 0 
node 1 2 1 3
node 2 2 1 1
node 3 3 1 1
node 4 3 0 2
node 11 1 0 0
node 83 1 0 0
gene 3 1 4 -0.499054 0 1 -0.499054 1
gene 3 2 4 -0.781503 0 2 -0.781503 1
gene 3 3 4 3.82592 0 3 3.82592 1
gene 3 2 11 -5.21676 0 18 -5.21676 0
gene 3 11 4 -0.84666 0 19 -0.84666 1
gene 3 2 83 -4.21039 0 262 -4.21039 1
gene 3 83 11 -0.49089 0 263 -0.49089 1
genomeend 117

/* Organism #118 Fitness: 4.50144 Error: 1.87834 */
genomestart 118
trait 1 0.1 0 0 0 0 0 0 0 
trait 2 0.0546875 0 0.438799 0.10305 0.552099 0 0.0888089 0.654574 
trait 3 0.3 0 0 0.299581 0 0 0 0 
node 1 2 1 3
node 2 2 1 1
node 3 3 1 1
node 4 3 0 2
node 11 1 0 0
node 83 1 0 0
gene 3 1 4 0.110782 0 1 0.110782 1
gene 3 2 4 0.0749229 0 2 0.0749229 1
gene 3 3 4 2.05295 0 3 2.05295 1
gene 3 2 11 -3.69732 0 18 -3.69732 0
gene 3 11 4 1.53088 0 19 1.53088 1
gene 3 2 83 -2.80333 0 262 -2.80333 1
gene 3 83 11 -0.619078 0 263 -0.619078 1
genomeend 118

/* Species #26 : (Size 8) (AF 8.37296) (Age 7)  */


/* Organism #119 Fitness: 9 Error: 1 */
genomestart 119
trait 1 0.1 0 0 0 0 0 0 0 
trait 2 0.25 0 0 0.10305 0 0 0.0888089 0 
trait 3 0.3 0.890713 0.782067 0 0 0 0 0 
node 1 2 1 3
node 2 2 1 1
node 3 3 1 1
node 4 3 0 2
node 11 1 0 0
node 24 1 0 0
node 47 1 0 0
node 90 1 0 0
node 94 1 0 0
gene 2 1 4 -3.58064 0 1 -3.58064 1
gene 3 2 4 -8 0 2 -8 1
gene 3 3 4 8 0 3 8 1
gene 3 2 11 7.80042 0 18 7.80042 0
gene 3 11 4 -3.13357 0 19 -3.13357 1
gene 1 2 24 -4.30064 0 58 -4.30064 1
gene 3 24 11 -0.180437 0 59 -0.180437 1
gene 1 3 11 -2.10183 0 85 -2.10183 1
gene 3 24 4 1.76846 0 111 1.76846 1
gene 1 3 47 2.99133 0 140 2.99133 1
gene 1 47 11 -0.0389836 0 141 -0.0389836 1
gene 3 24 47 -1.17821 0 176 -1.17821 1
gene 1 1 47 -2.00963 0 268 -2.00963 1
gene 3 2 90 2.01232 0 291 2.01232 1
gene 3 90 11 1.61487 0 292 1.61487 1
gene 3 11 94 2.21628 0 302 2.21628 1
gene 3 94 4 -1.36242 0 303 -1.36242 1
genomeend 119

/* Organism #120 Fitness: 8.99997 Error: 1.00001 */
genomestart 120
trait 1 0.1 0 0 0 0 0 0 0 
trait 2 0.25 0 0 0.10305 0 0 0.0888089 0 
trait 3 0.3 0.890713 0.782067 0 0 0 0 0 
node 1 2 1 3
node 2 2 1 1
node 3 3 1 1
node 4 3 0 2
node 11 1 0 0
node 24 1 0 0
node 47 1 0 0
node 90 1 0 0
node 94 1 0 0
gene 2 1 4 -5.82989 0 1 -5.82989 1
gene 3 2 4 -7.91531 0 2 -7.91531 1
gene 3 3 4 8 0 3 8 1
gene 3 2 11 6.88597 0 18 6.88597 0
gene 3 11 4 -3.31207 0 19 -3.31207 1
gene 1 2 24 -6.06636 0 58 -6.06636 1
gene 3 24 11 0.323881 0 59 0.323881 1
gene 1 3 11 -4.91088 0 85 -4.91088 1
gene 3 24 4 1.38102 0 111 1.38102 1
gene 1 3 47 5.41687 0 140 5.41687 1
gene 1 47 11 1.96379 0 141 1.96379 1
gene 3 24 47 -2.6547 0 176 -2.6547 1
gene 1 1 47 -0.741432 0 268 -0.741432 1
gene 3 2 90 3.9504 0 291 3.9504 1
gene 3 90 11 2.73698 0 292 2.73698 1
gene 3 11 94 3.06252 0 302 3.06252 1
gene 3 94 4 -0.78847 0 303 -0.78847 1
genomeend 120

/* Organism #121 Fitness: 9 Error: 1 */
genomestart 121
trait 1 0.1 0 0 0 0 0 0 0 
trait 2 0.25 0 0 0.10305 0 0 0.0888089 0 
trait 3 0.3 0.890713 0.782067 0 0 0 0 0 
node 1 2 1 3
node 2 3 1 1
node 3 3 1 1
node 4 3 0 2
node 11 1 0 0
node 24 1 0 0
node 47 1 0 0
node 90 1 0 0
node 94 1 0 0
gene 2 1 4 -3.58064 0 1 -3.58064 1
gene 3 2 4 -8 0 2 -8 1
gene 3 3 4 8 0 3 8 1
gene 3 2 11 7.80042 0 18 7.80042 1
gene 3 11 4 -3.13357 0 19 -3.13357 1
gene 1 2 24 -4.30064 0 58 -4.30064 1
gene 3 24 11 -0.180437 0 59 -0.180437 1
gene 1 3 11 -2.10183 0 85 -2.10183 1
gene 3 24 4 1.76846 0 111 1.76846 1
gene 1 3 47 2.99133 0 140 2.99133 1
gene 1 47 11 -0.0389836 0 141 -0.0389836 1
gene 3 24 47 -1.17821 0 176 -1.17821 1
gene 1 1 47 -2.00963 0 268 -2.00963 1
gene 3 2 90 2.01232 0 291 2.01232 1
gene 3 90 11 1.61487 0 292 1.61487 1
gene 3 11 94 2.21628 0 302 2.21628 1
gene 3 94 4 -1.36242 0 303 -1.36242 1
genomeend 121

/* Organism #122 Fitness: 4.00324 Error: 1.99919 */
genomestart 122
trait 1 0.1 0 0 0 0 0 0 0 
trait 2 0.25 0 0 0.10305 0 0 0.0888089 0 
trait 3 0.3 0.890713 0.782067 0 0 0 0 0 
node 1 2 1 3
node 2 2 1 1
node 3 3 1 1
node 4 3 0 2
node 11 1 0 0
node 24 1 0 0
node 47 1 0 0
node 90 1 0 0
node 94 1 0 0
gene 2 1 4 -1.72191 0 1 -1.72191 1
gene 3 2 4 0.853069 0 2 0.853069 1
gene 3 3 4 -1.08089 0 3 -1.08089 1
gene 3 2 11 8 0 18 8 0
gene 3 11 4 -4.06626 0 19 -4.06626 1
gene 1 2 24 -5.76889 0 58 -5.76889 1
gene 3 24 11 2.08076 0 59 2.08076 1
gene 1 3 11 -3.53086 0 85 -3.53086 1
gene 3 24 4 5.15595 0 111 5.15595 1
gene 1 3 47 2.99133 0 140 2.99133 1
gene 1 47 11 -4.10643 0 141 -4.10643 1
gene 3 24 47 1.1289 0 176 1.1289 1
gene 1 1 47 -1.31214 0 268 -1.31214 1
gene 3 2 90 0.646386 0 291 0.646386 1
gene 3 90 11 1.33572 0 292 1.33572 1
gene 3 11 94 -0.263504 0 302 -0.263504 1
gene 3 94 4 -2.44178 0 303 -2.44178 1
genomeend 122

/* Organism #123 Fitness: 9 Error: 1 */
genomestart 123
trait 1 0.1 0 0 0 0 0 0 0 
trait 2 0.25 0 0 0.10305 0 0 0.0888089 0 
trait 3 0.3 0.890713 0.782067 0 0 0 0 0 
node 1 2 1 3
node 2 2 1 1
node 3 3 1 1
node 4 3 0 2
node 11 1 0 0
node 24 1 0 0
node 47 1 0 0
node 90 1 0 0
node 94 1 0 0
gene 2 1 4 -4.52042 0 1 -4.52042 1
gene 3 2 4 -8 0 2 -8 1
gene 3 3 4 7.56378 0 3 7.56378 1
gene 3 2 11 6.98249 0 18 6.98249 0
gene 3 11 4 -2.15725 0 19 -2.15725 1
gene 1 2 24 -3.40699 0 58 -3.40699 1
gene 3 24 11 0.327181 0 59 0.327181 1
gene 1 3 11 -4.26381 0 85 -4.26381 1
gene 3 24 4 4.21919 0 111 4.21919 1
gene 1 3 47 3.80457 0 140 3.80457 1
gene 1 47 11 -1.73698 0 141 -1.73698 1
gene 3 24 47 -0.016686 0 176 -0.016686 1
gene 1 1 47 -0.505676 0 268 -0.505676 1
gene 3 2 90 1.86352 0 291 1.86352 1
gene 3 90 11 1.33572 0 292 1.33572 1
gene 3 11 94 2.12537 0 302 2.12537 1
gene 3 94 4 -1.91018 0 303 -1.91018 1
genomeend 123

/* Organism #124 Fitness: 9 Error: 1 */
genomestart 124
trait 1 0.1 0 0 0 0 0 0 0 
trait 2 0.25 0 0 0.10305 0 0 0.0888089 0 
trait 3 0.3 0.890713 0.782067 0 0 0 0 0 
node 1 2 1 3
node 2 2 1 1
node 3 3 1 1
node 4 3 0 2
node 11 1 0 0
node 24 1 0 0
node 47 1 0 0
node 90 1 0 0
node 94 1 0 0
gene 2 1 4 -4.79749 0 1 -4.79749 1
gene 3 2 4 -7.20553 0 2 -7.20553 1
gene 3 3 4 8 0 3 8 1
gene 3 2 11 6.25084 0 18 6.25084 0
gene 3 11 4 -2.4688 0 19 -2.4688 1
gene 1 2 24 -4.37007 0 58 -4.37007 1
gene 3 24 11 -1.51036 0 59 -1.51036 1
gene 1 3 11 -1.35863 0 85 -1.35863 1
gene 3 24 4 3.07747 0 111 3.07747 1
gene 1 3 47 1.80111 0 140 1.80111 1
gene 1 47 11 -0.343024 0 141 -0.343024 1
gene 3 24 47 -0.744467 0 176 -0.744467 1
gene 1 1 47 -1.50928 0 268 -1.50928 1
gene 3 2 90 4.40009 0 291 4.40009 1
gene 3 90 11 -0.666849 0 292 -0.666849 1
gene 3 11 94 2.21628 0 302 2.21628 1
gene 3 94 4 0.595417 0 303 0.595417 1
genomeend 124

/* Organism #125 Fitness: 9 Error: 1 */
genomestart 125
trait 1 0.1 0 0 0 0 0 0 0 
trait 2 0.25 0 0 0.10305 0 0 0.0888089 0 
trait 3 0.3 0.890713 0.782067 0 0 0 0 0 
node 1 2 1 3
node 2 2 1 1
node 3 3 1 1
node 4 3 0 2
node 11 1 0 0
node 24 1 0 0
node 47 1 0 0
node 90 1 0 0
node 94 1 0 0
gene 2 1 4 -2.45935 0 1 -2.45935 1
gene 3 2 4 -6.09755 0 2 -6.09755 1
gene 3 3 4 5.43 0 3 5.43 1
gene 3 2 11 6.96425 0 18 6.96425 0
gene 3 11 4 -1.5539 0 19 -1.5539 1
gene 1 2 24 -1.0647 0 58 -1.0647 1
gene 3 24 11 1.52412 0 59 1.52412 1
gene 1 3 11 -6.0023 0 85 -6.0023 1
gene 3 24 4 4.20935 0 111 4.20935 1
gene 1 3 47 5.47165 0 140 5.47165 1
gene 1 47 11 -1.90124 0 141 -1.90124 1
gene 3 24 47 0.981956 0 176 0.981956 1
gene 1 1 47 -2.28552 0 268 -2.28552 1
gene 3 2 90 3.50465 0 291 3.50465 1
gene 3 90 11 0.502106 0 292 0.502106 1
gene 3 11 94 0.493561 0 302 0.493561 1
gene 3 94 4 -2.09283 0 303 -2.09283 1
genomeend 125

/* Organism #126 Fitness: 8.9805 Error: 1.00325 */
genomestart 126
trait 1 0.1 0 0 0 0 0 0 0 
trait 2 0.25 0 0 0.10305 0 0 0.0888089 0 
trait 3 0.3 0.890713 0.782067 0 0 0 0 0 
node 1 2 1 3
node 2 2 1 1
node 3 3 1 1
node 4 3 0 2
node 11 1 0 0
node 24 1 0 0
node 47 1 0 0
node 90 1 0 0
node 94 1 0 0
gene 2 1 4 1.88139 0 1 1.88139 1
gene 3 2 4 -8 0 2 -8 1
gene 3 3 4 8 0 3 8 1
gene 3 2 11 -1.14223 0 18 -1.14223 1
gene 3 11 4 -3.10214 0 19 -3.10214 1
gene 1 2 24 -1.9968 0 58 -1.9968 1
gene 3 24 11 0.0119823 0 59 0.0119823 1
gene 1 3 11 -0.644118 0 85 -0.644118 1
gene 3 24 4 1.76846 0 111 1.76846 1
gene 1 3 47 1.47252 0 140 1.47252 1
gene 1 47 11 2.15041 0 141 2.15041 1
gene 3 24 47 1.26014 0 176 1.26014 1
gene 1 1 47 0.373638 0 268 0.373638 1
gene 3 2 90 1.3052 0 291 1.3052 1
gene 3 90 11 0.91525 0 292 0.91525 1
gene 3 11 94 2.37566 0 302 2.37566 1
gene 3 94 4 -0.828882 0 303 -0.828882 1
genomeend 126

/* Species #27 : (Size 7) (AF 6.05571) (Age 6)  */


/* Organism #127 Fitness: 9 Error: 1 */
genomestart 127
trait 1 0.1 0 0 0 0 0 0 0 
trait 2 0.2 0 0 0 0 0 0 0 
trait 3 0.403763 0.218345 0 0.624989 0 0 0.199164 0 
node 1 1 1 3
node 2 1 1 1
node 3 2 1 1
node 4 3 0 2
node 13 1 0 0
node 20 1 0 0
node 26 1 0 0
node 74 2 0 0
node 89 1 0 0
gene 3 1 4 0.0303659 0 1 0.0303659 1
gene 1 2 4 8 0 2 8 1
gene 1 3 4 -7.10375 0 3 -7.10375 1
gene 2 2 13 1.21525 0 24 1.21525 0
gene 1 13 4 2.27859 0 25 2.27859 1
gene 1 3 20 3.6169 0 44 3.6169 1
gene 1 20 4 -8 0 45 -8 1
gene 1 2 26 4.24741 0 65 4.24741 0
gene 1 26 13 -0.0955229 0 66 -0.0955229 0
gene 1 2 74 1.29412 0 233 1.29412 1
gene 1 74 26 5.34432 0 234 5.34432 1
gene 1 26 89 1.73429 0 287 1.73429 1
gene 1 89 13 -4.26685 0 288 -4.26685 1
gene 2 20 26 -0.598865 0 352 -0.598865 1
genomeend 127

/* Organism #128 Fitness: 3.3197 Error: 2.178 */
genomestart 128
trait 1 0.1 0 0 0 0 0 0 0 
trait 2 0.2 0 0 0 0 0 0 0 
trait 3 0.403763 0.218345 0 0.624989 0 0 0.199164 0 
node 1 1 1 3
node 2 1 1 1
node 3 2 1 1
node 4 3 0 2
node 13 1 0 0
node 20 1 0 0
node 26 1 0 0
node 74 2 0 0
node 89 1 0 0
gene 3 1 4 1.59566 0 1 1.59566 1
gene 1 2 4 8 0 2 8 1
gene 1 3 4 -1.04595 0 3 -1.04595 1
gene 2 2 13 2.01117 0 24 2.01117 0
gene 1 13 4 3.93223 0 25 3.93223 1
gene 1 3 20 5.97629 0 44 5.97629 1
gene 1 20 4 -7.32951 0 45 -7.32951 1
gene 1 2 26 2.77604 0 65 2.77604 0
gene 1 26 13 -0.919218 0 66 -0.919218 0
gene 1 2 74 1.29412 0 233 1.29412 1
gene 1 74 26 5.39063 0 234 5.39063 1
gene 1 26 89 -1.00055 0 287 -1.00055 1
gene 1 89 13 -5.96955 0 288 -5.96955 1
gene 2 20 26 -2.33453 0 352 -2.33453 1
genomeend 128

/* Organism #129 Fitness: 4.00001 Error: 2 */
genomestart 129
trait 1 0.1 0 0 0 0 0 0 0 
trait 2 0.2 0 0 0 0 0 0 0 
trait 3 0.403763 0.218345 0 0.624989 0 0 0.199164 0 
node 1 1 1 3
node 2 1 1 1
node 3 1 1 1
node 4 3 0 2
node 13 1 0 0
node 20 1 0 0
node 26 1 0 0
node 74 2 0 0
node 89 1 0 0
gene 3 1 4 -0.512253 0 1 -0.512253 1
gene 1 2 4 2.00446 0 2 2.00446 1
gene 1 3 4 -6.55197 0 3 -6.55197 1
gene 2 2 13 0.757241 0 24 0.757241 1
gene 1 13 4 -1.55293 0 25 -1.55293 1
gene 1 3 20 0.40521 0 44 0.40521 1
gene 1 20 4 -5.40577 0 45 -5.40577 1
gene 1 2 26 -2.23777 0 65 -2.23777 0
gene 1 26 13 1.2669 0 66 1.2669 0
gene 1 2 74 -2.50627 0 233 -2.50627 1
gene 1 74 26 3.48681 0 234 3.48681 1
gene 1 26 89 -1.6522 0 287 -1.6522 1
gene 1 89 13 -0.340258 0 288 -0.340258 1
gene 2 20 26 1.55567 0 352 1.55567 1
genomeend 129

/* Organism #130 Fitness: 4.08026 Error: 1.98003 */
genomestart 130
trait 1 0.1 0 0 0 0 0 0 0 
trait 2 0.2 0 0 0 0 0 0 0 
trait 3 0.403763 0.218345 0 0.624989 0 0 0.199164 0 
node 1 1 1 3
node 2 1 1 1
node 3 2 1 1
node 4 3 0 2
node 13 1 0 0
node 20 1 0 0
node 26 1 0 0
node 74 2 0 0
node 89 1 0 0
gene 3 1 4 1.3921 0 1 1.3921 1
gene 1 2 4 7.66842 0 2 7.66842 1
gene 1 3 4 1.82562 0 3 1.82562 1
gene 2 2 13 0.555666 0 24 0.555666 0
gene 1 13 4 -0.888852 0 25 -0.888852 1
gene 1 3 20 4.45563 0 44 4.45563 1
gene 1 20 4 -1.07799 0 45 -1.07799 1
gene 1 2 26 4.24741 0 65 4.24741 0
gene 1 26 13 2.49718 0 66 2.49718 0
gene 1 2 74 1.24041 0 233 1.24041 1
gene 1 74 26 6.33411 0 234 6.33411 1
gene 1 26 89 1.73429 0 287 1.73429 1
gene 1 89 13 -0.52337 0 288 -0.52337 1
gene 2 20 26 0.621418 0 352 0.621418 1
genomeend 130

/* Organism #131 Fitness: 8.99417 Error: 1.00097 */
genomestart 131
trait 1 0.1 0 0 0 0 0 0 0 
trait 2 0.2 0 0 0 0 0 0 0 
trait 3 0.403763 0.218345 0 0.624989 0 0 0.199164 0 
node 1 1 1 3
node 2 1 1 1
node 3 2 1 1
node 4 3 0 2
node 13 1 0 0
node 20 1 0 0
node 26 1 0 0
node 74 2 0 0
node 89 1 0 0
gene 3 1 4 2.37655 0 1 2.37655 1
gene 1 2 4 6.43814 0 2 6.43814 1
gene 1 3 4 -7.25642 0 3 -7.25642 1
gene 2 2 13 0.634404 0 24 0.634404 0
gene 1 13 4 0.274819 0 25 0.274819 1
gene 1 3 20 1.79449 0 44 1.79449 1
gene 1 20 4 -7.56977 0 45 -7.56977 1
gene 1 2 26 7.2779 0 65 7.2779 0
gene 1 26 13 -1.84797 0 66 -1.84797 0
gene 1 2 74 0.318064 0 233 0.318064 1
gene 1 74 26 3.43943 0 234 3.43943 1
gene 1 26 89 1.73429 0 287 1.73429 1
gene 1 89 13 -6.17402 0 288 -6.17402 1
gene 2 20 26 -0.393704 0 352 -0.393704 1
genomeend 131

/* Organism #132 Fitness: 3.99587 Error: 2.00103 */
genomestart 132
trait 1 0.1 0 0 0 0 0 0 0 
trait 2 0.2 0 0 0 0 0 0 0 
trait 3 0.403763 0.218345 0 0.624989 0 0 0.199164 0 
node 1 1 1 3
node 2 1 1 1
node 3 2 1 1
node 4 3 0 2
node 13 1 0 0
node 20 1 0 0
node 26 1 0 0
node 74 2 0 0
node 89 1 0 0
gene 3 1 4 1.72193 0 1 1.72193 1
gene 1 2 4 -0.0533311 0 2 -0.0533311 1
gene 1 3 4 -6.14814 0 3 -6.14814 1
gene 2 2 13 2.50557 0 24 2.50557 0
gene 1 13 4 2.09967 0 25 2.09967 1
gene 1 3 20 1.48579 0 44 1.48579 1
gene 1 20 4 -7.73731 0 45 -7.73731 1
gene 1 2 26 5.17144 0 65 5.17144 0
gene 1 26 13 1.02649 0 66 1.02649 0
gene 1 2 74 1.60344 0 233 1.60344 1
gene 1 74 26 3.15858 0 234 3.15858 1
gene 1 26 89 -3.16622 0 287 -3.16622 1
gene 1 89 13 -4.24449 0 288 -4.24449 1
gene 2 20 26 0.621418 0 352 0.621418 1
genomeend 132

/* Organism #133 Fitness: 9 Error: 1 */
genomestart 133
trait 1 0.1 0 0 0 0 0 0 0 
trait 2 0.2 0 0 0 0 0 0 0 
trait 3 0.403763 0.218345 0 0.624989 0 0 0.199164 0 
node 1 1 1 3
node 2 1 1 1
node 3 1 1 1
node 4 3 0 2
node 13 1 0 0
node 20 1 0 0
node 26 1 0 0
node 74 2 0 0
node 89 1 0 0
gene 3 1 4 -0.240562 0 1 -0.240562 1
gene 1 2 4 8 0 2 8 1
gene 1 3 4 -7.25642 0 3 -7.25642 1
gene 2 2 13 -0.657369 0 24 -0.657369 1
gene 1 13 4 0.104907 0 25 0.104907 1
gene 1 3 20 3.96634 0 44 3.96634 1
gene 1 20 4 -5.91894 0 45 -5.91894 1
gene 1 2 26 6.31275 0 65 6.31275 0
gene 1 26 13 0.576037 0 66 0.576037 0
gene 1 2 74 -0.598636 0 233 -0.598636 1
gene 1 74 26 4.23901 0 234 4.23901 1
gene 1 26 89 -0.670721 0 287 -0.670721 1
gene 1 89 13 -1.99467 0 288 -1.99467 1
gene 2 20 26 0.621418 0 352 0.621418 1
genomeend 133

/* Species #28 : (Size 4) (AF 4) (Age 6)  */


/* Organism #134 Fitness: 4 Error: 2 */
genomestart 134
trait 1 0.1 0 0 0 0 0 0 0 
trait 2 0.2 0.204489 0.13966 0.23983 0 0.115177 0 0 
trait 3 0.255835 0 0.0610711 0 0 0.0833242 0.122349 0.477172 
node 1 3 1 3
node 2 2 1 1
node 3 3 1 1
node 4 3 0 2
node 9 1 0 0
node 99 1 0 0
node 115 1 0 0
gene 1 1 4 6.95007 0 1 6.95007 1
gene 3 2 4 -5.99074 0 2 -5.99074 0
gene 3 3 4 8 0 3 8 0
gene 3 2 9 -1.06655 0 12 -1.06655 1
gene 3 9 4 -3.60179 0 13 -3.60179 0
gene 2 3 9 0.734174 0 30 0.734174 1
gene 3 1 9 -5.24865 0 138 -5.24865 1
gene 3 3 99 4.24953 0 315 4.24953 1
gene 3 99 4 6.34841 0 316 6.34841 0
gene 3 99 115 1 0 368 1 1
gene 3 115 4 2.50652 0 369 2.50652 1
genomeend 134

/* Organism #135 Fitness: 4 Error: 2 */
genomestart 135
trait 1 0.1 0 0 0 0 0 0 0 
trait 2 0.2 0.204489 0.13966 0.23983 0 0.115177 0 0 
trait 3 0.255835 0 0.0610711 0 0 0.0833242 0.122349 0.477172 
node 1 3 1 3
node 2 2 1 1
node 3 3 1 1
node 4 3 0 2
node 9 1 0 0
node 99 1 0 0
node 115 1 0 0
gene 1 1 4 8 0 1 8 1
gene 3 2 4 -1.32893 0 2 -1.32893 0
gene 3 3 4 0.878094 0 3 0.878094 0
gene 3 2 9 1.33396 0 12 1.33396 1
gene 3 9 4 -1.8704 0 13 -1.8704 0
gene 2 3 9 1.88075 0 30 1.88075 1
gene 3 1 9 0.297861 0 138 0.297861 1
gene 3 3 99 1.93814 0 315 1.93814 1
gene 3 99 4 4.28132 0 316 4.28132 0
gene 3 99 115 -1.40257 0 368 -1.40257 1
gene 3 115 4 2.71747 0 369 2.71747 1
genomeend 135

/* Organism #136 Fitness: 4 Error: 2 */
genomestart 136
trait 1 0.1 0 0 0.815546 0.356792 0.123325 0 0.864528 
trait 2 0.2 0.204489 0.13966 0.23983 0 0.115177 0 0 
trait 3 0.255835 0 0.0610711 0 0 0.0833242 0.122349 0.477172 
node 1 3 1 3
node 2 2 1 1
node 3 3 1 1
node 4 3 0 2
node 9 1 0 0
node 99 1 0 0
node 115 1 0 0
gene 1 1 4 8 0 1 8 1
gene 3 2 4 -6.2899 0 2 -6.2899 0
gene 3 3 4 0.449843 0 3 0.449843 0
gene 3 2 9 0.500275 0 12 0.500275 1
gene 3 9 4 -2.46628 0 13 -2.46628 0
gene 2 3 9 0.435017 0 30 0.435017 1
gene 3 1 9 -1.59833 0 138 -1.59833 1
gene 3 3 99 1.12123 0 315 1.12123 1
gene 3 99 4 5.46544 0 316 5.46544 0
gene 3 99 115 -1.2132 0 368 -1.2132 1
gene 3 115 4 4.37371 0 369 4.37371 1
genomeend 136

/* Organism #137 Fitness: 4 Error: 2 */
genomestart 137
trait 1 0.1 0 0 0 0 0 0 0 
trait 2 0.2 0.204489 0.13966 0.23983 0 0.115177 0 0 
trait 3 0.255835 0 0.0610711 0 0 0.0833242 0.122349 0.477172 
node 1 3 1 3
node 2 2 1 1
node 3 3 1 1
node 4 3 0 2
node 9 1 0 0
node 99 1 0 0
node 115 1 0 0
gene 1 1 4 -1.28063 0 1 -1.28063 1
gene 3 2 4 -7.67368 0 2 -7.67368 0
gene 3 3 4 2.40791 0 3 2.40791 0
gene 3 2 9 -2.58217 0 12 -2.58217 1
gene 3 9 4 -1.95135 0 13 -1.95135 0
gene 2 3 9 -1.11415 0 30 -1.11415 1
gene 3 1 9 -2.45643 0 138 -2.45643 1
gene 3 3 99 2.19976 0 315 2.19976 1
gene 3 99 4 4.06403 0 316 4.06403 0
gene 3 99 115 2.82089 0 368 2.82089 1
gene 3 115 4 5.34466 0 369 5.34466 1
genomeend 137

/* Species #29 : (Size 4) (AF 3.7462) (Age 5)  */


/* Organism #138 Fitness: 3.27548 Error: 2.19017 */
genomestart 138
trait 1 0.1 0 0 0.29136 0 0 0.0544755 0 
trait 2 0.25 0 0 0.10305 0 0 0.0888089 0 
trait 3 0.3 0.890713 0.782067 0 0 0 0 0 
node 1 2 1 3
node 2 2 1 1
node 3 1 1 1
node 4 3 0 2
node 11 1 0 0
node 24 1 0 0
node 47 1 0 0
node 90 1 0 0
gene 1 1 4 2.1205 0 1 2.1205 1
gene 3 2 4 -0.91113 0 2 -0.91113 1
gene 3 3 4 -0.925855 0 3 -0.925855 1
gene 3 2 11 7.86996 0 18 7.86996 0
gene 3 11 4 -3.2741 0 19 -3.2741 1
gene 1 2 24 -2.77209 0 58 -2.77209 1
gene 3 24 11 5.34229 0 59 5.34229 1
gene 1 3 11 -8 0 85 -8 1
gene 3 24 4 -2.20511 0 111 -2.20511 1
gene 1 3 47 -3.90187 0 140 -3.90187 1
gene 1 47 11 4.34462 0 141 4.34462 1
gene 3 24 47 4.67458 0 176 4.67458 1
gene 1 1 47 4.23109 0 268 4.23109 1
gene 3 2 90 1.75359 0 291 1.75359 1
gene 3 90 11 -2.33612 0 292 -2.33612 1
genomeend 138

/* Organism #139 Fitness: 3.70996 Error: 2.07387 */
genomestart 139
trait 1 0.1 0 0 0.29136 0 0 0.0544755 0 
trait 2 0.25 0 0 0.10305 0 0 0.0888089 0 
trait 3 0.3 0.890713 0.782067 0 0 0 0 0 
node 1 2 1 3
node 2 2 1 1
node 3 1 1 1
node 4 3 0 2
node 11 1 0 0
node 24 1 0 0
node 47 1 0 0
node 90 1 0 0
gene 2 1 4 -6.18224 0 1 -6.18224 1
gene 3 2 4 0.557955 0 2 0.557955 1
gene 3 3 4 5.11078 0 3 5.11078 1
gene 3 2 11 6.83798 0 18 6.83798 0
gene 3 11 4 -4.37971 0 19 -4.37971 1
gene 1 2 24 -3.81323 0 58 -3.81323 1
gene 3 24 11 5.1501 0 59 5.1501 1
gene 1 3 11 -5.71187 0 85 -5.71187 1
gene 3 24 4 0.253227 0 111 0.253227 1
gene 1 3 47 -1.80326 0 140 -1.80326 1
gene 1 47 11 4.49286 0 141 4.49286 1
gene 3 24 47 7.56285 0 176 7.56285 1
gene 1 1 47 0.347835 0 268 0.347835 1
gene 3 2 90 -1.83905 0 291 -1.83905 1
gene 3 90 11 -1.1092 0 292 -1.1092 1
genomeend 139

/* Organism #140 Fitness: 4.00011 Error: 1.99997 */
genomestart 140
trait 1 0.1 0 0 0.29136 0 0 0.0544755 0 
trait 2 0.25 0 0 0.10305 0 0 0.0888089 0 
trait 3 0.3 0.890713 0.782067 0 0 0 0 0 
node 1 2 1 3
node 2 2 1 1
node 3 1 1 1
node 4 3 0 2
node 11 1 0 0
node 24 1 0 0
node 47 1 0 0
node 90 1 0 0
gene 1 1 4 -5.93733 0 1 -5.93733 1
gene 3 2 4 -2.73103 0 2 -2.73103 1
gene 3 3 4 4.75654 0 3 4.75654 1
gene 3 2 11 6.34434 0 18 6.34434 0
gene 3 11 4 -2.85058 0 19 -2.85058 1
gene 1 2 24 -3.73106 0 58 -3.73106 1
gene 3 24 11 -0.243461 0 59 -0.243461 1
gene 1 3 11 -7.29128 0 85 -7.29128 1
gene 3 24 4 -1.90626 0 111 -1.90626 1
gene 1 3 47 0.740226 0 140 0.740226 1
gene 1 47 11 4.70473 0 141 4.70473 1
gene 3 24 47 3.73667 0 176 3.73667 1
gene 1 1 47 0.711463 0 268 0.711463 1
gene 3 2 90 -1.41049 0 291 -1.41049 1
gene 3 90 11 -0.43611 0 292 -0.43611 1
genomeend 140

/* Organism #141 Fitness: 3.99926 Error: 2.00019 */
genomestart 141
trait 1 0.1 0 0 0.29136 0 0 0.0544755 0 
trait 2 0.25 0 0 0.10305 0 0 0.0888089 0 
trait 3 0.3 0.890713 0.782067 0 0 0 0 0 
node 1 2 1 3
node 2 2 1 1
node 3 1 1 1
node 4 3 0 2
node 11 1 0 0
node 24 1 0 0
node 47 1 0 0
node 90 1 0 0
gene 2 1 4 -8 0 1 -8 1
gene 3 2 4 1.04228 0 2 1.04228 1
gene 3 3 4 5.21271 0 3 5.21271 1
gene 3 2 11 8 0 18 8 0
gene 3 11 4 -1.09996 0 19 -1.09996 1
gene 1 2 24 -5.25492 0 58 -5.25492 1
gene 3 24 11 6.60446 0 59 6.60446 1
gene 1 3 11 -1.08486 0 85 -1.08486 1
gene 3 24 4 -0.606861 0 111 -0.606861 1
gene 1 3 47 -4.33714 0 140 -4.33714 1
gene 1 47 11 1.21578 0 141 1.21578 1
gene 3 24 47 7.42651 0 176 7.42651 1
gene 1 1 47 2.66495 0 268 2.66495 1
gene 3 2 90 2.22755 0 291 2.22755 1
gene 3 90 11 -0.699179 0 292 -0.699179 1
genomeend 141

/* Species #30 : (Size 6) (AF 6.84056) (Age 4)  */


/* Organism #142 Fitness: 8.99989 Error: 1.00002 */
genomestart 142
trait 1 0.1 0 0 0 0 0 0 0 
trait 2 0.893991 0 0 0 0 0.124058 0 0 
trait 3 0.09375 0.533265 0 0 0.313568 0 0 0 
node 1 2 1 3
node 2 2 1 1
node 3 3 1 1
node 4 3 0 2
node 9 1 0 0
node 17 1 0 0
node 103 1 0 0
gene 1 1 4 -0.531262 0 1 -0.531262 1
gene 3 2 4 3.20364 0 2 3.20364 1
gene 3 3 4 5.14204 0 3 5.14204 1
gene 3 2 9 -4.09512 0 12 -4.09512 1
gene 3 9 4 -2.08105 0 13 -2.08105 1
gene 3 9 17 0.603179 0 36 0.603179 1
gene 3 17 4 -1.75135 0 37 -1.75135 1
gene 3 3 17 2.72491 0 82 2.72491 1
gene 2 1 17 0.133854 0 108 0.133854 1
gene 2 2 17 -0.398511 0 193 -0.398511 1
gene 2 1 9 0.725364 0 232 0.725364 1
gene 1 3 9 -0.774102 0 258 -0.774102 0
gene 1 3 103 1 0 327 0 1
gene 1 103 9 -0.774102 0 328 0 1
gene 2 103 4 0.311319 0 341 0.311319 1
gene 2 103 17 -0.52855 0 358 -0.52855 1
genomeend 142

/* Organism #143 Fitness: 1.00193 Error: 2.99903 */
genomestart 143
trait 1 0.1 0 0 0 0 0 0 0 
trait 2 0.893991 0 0 0 0 0.124058 0 0 
trait 3 0.09375 0.533265 0 0 0.313568 0 0 0 
node 1 2 1 3
node 2 2 1 1
node 3 3 1 1
node 4 3 0 2
node 9 1 0 0
node 17 1 0 0
node 103 1 0 0
gene 1 1 4 -2.4569 0 1 -2.4569 1
gene 3 2 4 3.5305 0 2 3.5305 1
gene 3 3 4 3.76809 0 3 3.76809 1
gene 3 2 9 -6.06944 0 12 -6.06944 1
gene 3 9 4 -2.21678 0 13 -2.21678 1
gene 3 9 17 1.18051 0 36 1.18051 1
gene 3 17 4 -2.19356 0 37 -2.19356 1
gene 3 3 17 1.90808 0 82 1.90808 1
gene 2 1 17 1.14203 0 108 1.14203 1
gene 2 2 17 0.885327 0 193 0.885327 1
gene 2 1 9 -0.300668 0 232 -0.300668 1
gene 1 3 9 -0.26925 0 258 -0.26925 0
gene 1 3 103 1.72222 0 327 1.72222 1
gene 1 103 9 0.341655 0 328 0.341655 1
gene 2 103 4 -0.597552 0 341 -0.597552 1
genomeend 143

/* Organism #144 Fitness: 8.99013 Error: 1.00165 */
genomestart 144
trait 1 0.1 0 0 0 0 0 0 0 
trait 2 0.893991 0 0 0 0 0.124058 0 0 
trait 3 0.09375 0.533265 0 0 0.313568 0 0 0 
node 1 2 1 3
node 2 2 1 1
node 3 3 1 1
node 4 3 0 2
node 9 1 0 0
node 17 1 0 0
node 103 1 0 0
gene 1 1 4 -0.255146 0 1 -0.255146 1
gene 3 2 4 4.46955 0 2 4.46955 1
gene 3 3 4 6.7145 0 3 6.7145 1
gene 3 2 9 -4.09512 0 12 -4.09512 1
gene 3 9 4 -0.137095 0 13 -0.137095 1
gene 3 9 17 -1.75094 0 36 -1.75094 1
gene 3 17 4 -0.0515763 0 37 -0.0515763 1
gene 3 3 17 3.35596 0 82 3.35596 1
gene 2 1 17 1.95192 0 108 1.95192 1
gene 2 2 17 1.581 0 193 1.581 1
gene 2 1 9 2.42738 0 232 2.42738 1
gene 1 3 9 -1.93922 0 258 -1.93922 0
gene 1 3 103 -0.735282 0 327 -0.735282 1
gene 1 103 9 0.286111 0 328 0.286111 1
gene 2 103 4 -1.74306 0 341 -1.74306 1
genomeend 144

/* Organism #145 Fitness: 8.99982 Error: 1.00003 */
genomestart 145
trait 1 0.1 0 0 0 0 0 0 0 
trait 2 0.893991 0 0 0 0 0.124058 0 0 
trait 3 0.09375 0.533265 0 0 0.313568 0 0 0 
node 1 2 1 3
node 2 2 1 1
node 3 3 1 1
node 4 3 0 2
node 9 1 0 0
node 17 1 0 0
node 103 1 0 0
gene 1 1 4 1.17938 0 1 1.17938 1
gene 3 2 4 4.63107 0 2 4.63107 1
gene 3 3 4 4.53022 0 3 4.53022 1
gene 3 2 9 1.10591 0 12 1.10591 1
gene 3 9 4 -2.64152 0 13 -2.64152 1
gene 3 9 17 0.665895 0 36 0.665895 1
gene 3 17 4 -1.62806 0 37 -1.62806 1
gene 3 3 17 3.87782 0 82 3.87782 1
gene 2 1 17 1.09565 0 108 1.09565 1
gene 2 2 17 0.867016 0 193 0.867016 1
gene 2 1 9 2.95634 0 232 2.95634 1
gene 1 3 9 -1.41972 0 258 -1.41972 0
gene 1 3 103 1.29908 0 327 1.29908 1
gene 1 103 9 1.45207 0 328 1.45207 1
gene 2 103 4 1.87303 0 341 1.87303 1
genomeend 145

/* Organism #146 Fitness: 8.99989 Error: 1.00002 */
genomestart 146
trait 1 0.1 0 0 0 0 0 0 0 
trait 2 0.893991 0 0 0 0 0.124058 0 0 
trait 3 0.09375 0.533265 0 0 0.313568 0 0 0 
node 1 2 1 3
node 2 2 1 1
node 3 3 1 1
node 4 3 0 2
node 9 1 0 0
node 17 1 0 0
node 103 1 0 0
gene 1 1 4 -0.531262 0 1 -0.531262 1
gene 3 2 4 3.20364 0 2 3.20364 1
gene 3 3 4 5.14204 0 3 5.14204 1
gene 3 2 9 -4.09512 0 12 -4.09512 1
gene 3 9 4 -2.08105 0 13 -2.08105 1
gene 3 9 17 0.603179 0 36 0.603179 1
gene 3 17 4 -1.75135 0 37 -1.75135 1
gene 3 3 17 2.72491 0 82 2.72491 1
gene 2 1 17 0.133854 0 108 0.133854 1
gene 2 2 17 -0.398511 0 193 -0.398511 1
gene 2 1 9 0.725364 0 232 0.725364 1
gene 1 3 9 -0.774102 0 258 -0.774102 0
gene 1 3 103 1 0 327 0 1
gene 1 103 9 -0.774102 0 328 0 1
gene 2 103 4 0.311319 0 341 0.311319 1
gene 2 103 17 -0.52855 0 358 -0.52855 1
genomeend 146

/* Organism #147 Fitness: 4.05167 Error: 1.98712 */
genomestart 147
trait 1 0.1 0 0 0 0 0 0 0 
trait 2 0.893991 0 0 0 0 0.124058 0 0 
trait 3 0.09375 0.533265 0 0 0.313568 0 0 0 
node 1 2 1 3
node 2 2 1 1
node 3 3 1 1
node 4 3 0 2
node 9 1 0 0
node 17 1 0 0
node 103 1 0 0
gene 1 1 4 -1.53349 0 1 -1.53349 1
gene 3 2 4 -1.14658 0 2 -1.14658 1
gene 3 3 4 2.69712 0 3 2.69712 1
gene 3 2 9 -5.64516 0 12 -5.64516 1
gene 3 9 4 0.334712 0 13 0.334712 1
gene 3 9 17 -0.0188643 0 36 -0.0188643 1
gene 3 17 4 -1.5999 0 37 -1.5999 1
gene 3 3 17 2.72491 0 82 2.72491 1
gene 2 1 17 2.14197 0 108 2.14197 1
gene 2 2 17 0.0350047 0 193 0.0350047 1
gene 2 1 9 -1.70766 0 232 -1.70766 1
gene 1 3 9 -1.07379 0 258 -1.07379 0
gene 1 3 103 -0.236152 0 327 -0.236152 1
gene 1 103 9 -0.774102 0 328 -0.774102 1
gene 2 103 4 -1.86549 0 341 -1.86549 1
gene 2 103 17 -1.42827 0 358 -1.42827 1
genomeend 147

/* Species #31 : (Size 1) (AF 5.12218) (Age 1)  */


/* Organism #148 Fitness: 5.12218 Error: 1.73678 */
genomestart 148
trait 1 0.1 0.364071 0.0782189 0 0 0 0 0 
trait 2 0.2 0 0 0 0 0 0 0 
trait 3 0.3 0 0 0 0 0 0 0 
node 1 2 1 3
node 2 2 1 1
node 3 3 1 1
node 4 3 0 2
node 9 2 0 0
node 17 1 0 0
node 30 1 0 0
node 117 1 0 0
gene 1 1 4 -4.30711 0 1 -4.30711 1
gene 3 2 4 -0.75721 0 2 -0.75721 0
gene 3 3 4 8 0 3 8 1
gene 3 2 9 -2.82875 0 12 -2.82875 0
gene 3 9 4 -3.10002 0 13 -3.10002 1
gene 3 9 17 -4.04969 0 36 -4.04969 1
gene 3 17 4 8 0 37 8 1
gene 3 3 30 5.19474 0 79 5.19474 1
gene 2 30 4 1.16007 0 80 1.16007 1
gene 1 17 30 -0.947585 0 181 -0.947585 1
gene 2 1 9 0.957147 0 232 0.957147 1
gene 3 2 117 1 0 372 0 1
gene 3 117 9 -2.82875 0 373 0 1
genomeend 148

/* Species #32 : (Size 1) (AF 8.99998) (Age 1)  */


/* Organism #149 Fitness: 8.99998 Error: 1 */
genomestart 149
trait 1 0.1 0 0 0 0 0 0 0 
trait 2 0.893991 0 0 0 0 0.124058 0 0 
trait 3 0.09375 0.533265 0 0 0.313568 0 0 0 
node 1 2 1 3
node 2 2 1 1
node 3 3 1 1
node 4 3 0 2
node 9 1 0 0
node 17 1 0 0
node 103 1 0 0
node 119 1 0 0
gene 1 1 4 -0.531262 0 1 -0.531262 1
gene 3 2 4 3.20364 0 2 3.20364 1
gene 3 3 4 5.14204 0 3 5.14204 1
gene 3 2 9 -4.09512 0 12 -4.09512 1
gene 3 9 4 -2.08105 0 13 -2.08105 1
gene 3 9 17 0.603179 0 36 0.603179 1
gene 3 17 4 -1.75135 0 37 -1.75135 1
gene 3 3 17 2.72491 0 82 2.72491 1
gene 2 1 17 0.133854 0 108 0.133854 1
gene 2 2 17 -0.398511 0 193 -0.398511 1
gene 2 1 9 0.725364 0 232 0.725364 1
gene 1 3 9 -0.774102 0 258 -0.774102 1
gene 1 3 103 1 0 327 0 0
gene 1 103 9 -0.774102 0 328 0 1
gene 2 103 4 0.311319 0 341 0.311319 1
gene 1 3 119 1 0 376 0 1
gene 1 119 103 1 0 377 0 1
genomeend 149
